BPM, 145.00
OFFSET, -0.810
KeyMode: 4
SPEED, 1.0
SPEED, 8, 0, 1, 1
SPEED, 32, 0, 1, 1
SPEED, 39, 0, 1, 1
SPEED, 59, 1, 2, 1
SPEED, 73, 0, 1, 1
SPEED, 73, 1, 16, 4
NOTE, 0, 3, 4, 1, 1, 0, 0
NOTE, 1, 0, 1, 1, 0, 0, 1
NOTE, 1, 1, 16, 0, 0, 1, 0
NOTE, 1, 1, 8, 1, 0, 0, 0
NOTE, 1, 3, 16, 0, 1, 0, 0
NOTE, 1, 1, 4, 0, 0, 2, 0
NOTE, 1, 5, 16, 0, 0, 3, 0
NOTE, 1, 3, 8, 0, 0, 2, 0
NOTE, 1, 7, 16, 0, 0, 3, 0
NOTE, 1, 1, 2, 1, 0, 0, 1
NOTE, 1, 5, 8, 0, 2, 0, 0
NOTE, 1, 11, 16, 0, 3, 0, 0
NOTE, 1, 3, 4, 0, 0, 2, 0
NOTE, 1, 13, 16, 0, 0, 3, 0
NOTE, 1, 7, 8, 0, 0, 0, 2
NOTE, 1, 15, 16, 0, 0, 0, 3
NOTE, 2, 0, 1, 1, 1, 0, 0
NOTE, 2, 1, 16, 0, 0, 0, 1
NOTE, 2, 1, 8, 0, 1, 0, 0
NOTE, 2, 3, 16, 0, 0, 0, 1
NOTE, 2, 1, 4, 0, 0, 1, 0
NOTE, 2, 5, 16, 0, 1, 0, 0
NOTE, 2, 3, 8, 2, 0, 0, 0
NOTE, 2, 1, 2, 3, 0, 1, 1
NOTE, 2, 5, 8, 0, 1, 0, 0
NOTE, 2, 11, 16, 0, 0, 1, 0
NOTE, 2, 3, 4, 0, 0, 0, 1
NOTE, 2, 13, 16, 0, 1, 0, 0
NOTE, 2, 7, 8, 0, 0, 1, 0
NOTE, 3, 0, 1, 1, 0, 0, 1
NOTE, 3, 1, 16, 0, 1, 0, 0
NOTE, 3, 1, 8, 1, 0, 0, 0
NOTE, 3, 1, 4, 0, 1, 0, 0
NOTE, 3, 3, 8, 0, 1, 0, 0
NOTE, 3, 7, 16, 1, 0, 0, 0
NOTE, 3, 1, 2, 0, 0, 1, 1
NOTE, 3, 9, 16, 1, 0, 0, 0
NOTE, 3, 5, 8, 0, 1, 0, 0
NOTE, 3, 3, 4, 0, 0, 1, 0
NOTE, 3, 7, 8, 0, 0, 1, 0
NOTE, 4, 0, 1, 1, 0, 0, 1
NOTE, 4, 1, 16, 0, 1, 0, 0
NOTE, 4, 1, 8, 0, 0, 0, 1
NOTE, 4, 3, 16, 0, 0, 1, 0
NOTE, 4, 1, 4, 1, 0, 0, 0
NOTE, 4, 5, 16, 0, 0, 0, 1
NOTE, 4, 3, 8, 1, 0, 0, 0
NOTE, 4, 7, 16, 0, 0, 1, 0
NOTE, 4, 1, 2, 0, 1, 0, 1
NOTE, 4, 5, 8, 2, 0, 0, 0
NOTE, 4, 11, 16, 3, 0, 0, 0
NOTE, 4, 3, 4, 2, 0, 0, 0
NOTE, 4, 7, 8, 0, 0, 0, 1
NOTE, 5, 0, 1, 3, 1, 1, 0
NOTE, 5, 1, 16, 1, 0, 0, 0
NOTE, 5, 1, 8, 0, 0, 0, 1
NOTE, 5, 3, 16, 1, 0, 0, 0
NOTE, 5, 1, 4, 0, 0, 2, 0
NOTE, 5, 5, 16, 0, 0, 3, 0
NOTE, 5, 3, 8, 0, 0, 2, 0
NOTE, 5, 7, 16, 0, 0, 3, 0
NOTE, 5, 1, 2, 1, 0, 0, 1
NOTE, 5, 5, 8, 0, 0, 2, 0
NOTE, 5, 11, 16, 0, 0, 3, 0
NOTE, 5, 3, 4, 0, 2, 0, 0
NOTE, 5, 13, 16, 0, 3, 0, 0
NOTE, 5, 7, 8, 2, 0, 0, 0
NOTE, 5, 15, 16, 3, 0, 0, 0
NOTE, 6, 0, 1, 0, 0, 1, 1
NOTE, 6, 1, 16, 0, 1, 0, 0
NOTE, 6, 1, 8, 0, 0, 1, 0
NOTE, 6, 3, 16, 0, 1, 0, 0
NOTE, 6, 1, 4, 0, 0, 0, 1
NOTE, 6, 5, 16, 0, 0, 1, 0
NOTE, 6, 3, 8, 0, 2, 0, 0
NOTE, 6, 1, 2, 1, 3, 0, 1
NOTE, 6, 5, 8, 0, 0, 1, 0
NOTE, 6, 3, 4, 0, 1, 0, 0
NOTE, 6, 7, 8, 1, 0, 0, 0
NOTE, 6, 15, 16, 0, 0, 1, 0
NOTE, 7, 0, 1, 0, 1, 0, 1
NOTE, 7, 1, 8, 0, 0, 1, 0
NOTE, 7, 1, 4, 0, 1, 0, 0
NOTE, 7, 3, 8, 0, 0, 0, 1
NOTE, 7, 7, 16, 0, 1, 0, 0
NOTE, 7, 1, 2, 1, 0, 1, 0
NOTE, 7, 3, 4, 0, 2, 2, 0
NOTE, 7, 13, 16, 0, 3, 3, 0
NOTE, 8, 0, 1, 1, 0, 0, 1
NOTE, 8, 1, 8, 11_4, 0, 0, 0
NOTE, 8, 3, 16, 0, 0, 11_1, 0
NOTE, 8, 1, 4, 11_4, 0, 0, 0
NOTE, 8, 3, 8, 0, 0, 0, 11_1
NOTE, 8, 7, 16, 11_4, 0, 0, 0
NOTE, 8, 1, 2, 11_3, 0, 0, 0
NOTE, 8, 9, 16, 0, 11_3, 0, 0
NOTE, 8, 5, 8, 11_2, 0, 0, 0
NOTE, 8, 11, 16, 0, 0, 11_2, 0
NOTE, 8, 3, 4, 11_2, 0, 0, 0
NOTE, 8, 13, 16, 0, 11_2, 0, 0
NOTE, 8, 7, 8, 0, 0, 11_2, 0
NOTE, 9, 0, 1, 11_2, 0, 11_2, 0
NOTE, 9, 1, 8, 11_3, 0, 0, 0
NOTE, 9, 3, 16, 0, 11_1, 0, 0
NOTE, 9, 1, 4, 0, 11_2, 0, 0
NOTE, 9, 3, 8, 0, 11_3, 0, 0
NOTE, 9, 7, 16, 0, 0, 11_1, 0
NOTE, 9, 1, 2, 11_3, 0, 0, 0
NOTE, 9, 9, 16, 0, 11_3, 0, 0
NOTE, 9, 5, 8, 11_2, 0, 0, 0
NOTE, 9, 11, 16, 0, 0, 11_1, 0
NOTE, 9, 3, 4, 11_4, 0, 0, 0
NOTE, 9, 13, 16, 0, 11_3, 0, 0
NOTE, 9, 7, 8, 11_4, 0, 0, 0
NOTE, 10, 0, 1, 1, 0, 0, 1
NOTE, 10, 1, 8, 0, 11_3, 0, 0
NOTE, 10, 3, 16, 11_3, 0, 0, 0
NOTE, 10, 1, 4, 0, 11_3, 0, 0
NOTE, 10, 3, 8, 0, 11_3, 0, 0
NOTE, 10, 7, 16, 11_3, 0, 0, 0
NOTE, 10, 1, 2, 11_4, 0, 0, 0
NOTE, 10, 9, 16, 11_4, 0, 0, 0
NOTE, 10, 5, 8, 11_2, 0, 0, 0
NOTE, 10, 11, 16, 0, 11_3, 0, 0
NOTE, 10, 3, 4, 11_4, 0, 0, 0
NOTE, 10, 13, 16, 0, 11_3, 0, 0
NOTE, 10, 7, 8, 11_3, 0, 0, 0
NOTE, 11, 0, 1, 11_3, 0, 0, 11_1
NOTE, 11, 1, 16, 0, 0, 11_2, 0
NOTE, 11, 1, 8, 11_4, 0, 0, 0
NOTE, 11, 3, 16, 0, 11_3, 0, 0
NOTE, 11, 1, 4, 11_4, 0, 0, 0
NOTE, 11, 3, 8, 0, 11_2, 0, 0
NOTE, 11, 7, 16, 0, 11_2, 0, 0
NOTE, 11, 1, 2, 11_2, 0, 0, 0
NOTE, 11, 9, 16, 0, 11_3, 0, 0
NOTE, 11, 5, 8, 11_4, 0, 0, 0
NOTE, 11, 11, 16, 0, 11_3, 0, 0
NOTE, 11, 3, 4, 11_4, 0, 0, 0
NOTE, 11, 13, 16, 0, 11_1, 0, 0
NOTE, 11, 7, 8, 11_4, 0, 0, 0
NOTE, 11, 15, 16, 0, 0, 11_1, 0
NOTE, 12, 0, 1, 11_1, 11_3, 0, 0
NOTE, 12, 1, 8, 0, 0, 11_2, 0
NOTE, 12, 3, 16, 11_3, 0, 0, 0
NOTE, 12, 1, 4, 0, 11_3, 0, 0
NOTE, 12, 3, 8, 11_2, 0, 0, 0
NOTE, 12, 7, 16, 11_4, 0, 0, 0
NOTE, 12, 1, 2, 11_2, 0, 0, 0
NOTE, 12, 9, 16, 11_4, 0, 0, 0
NOTE, 12, 5, 8, 0, 0, 11_2, 0
NOTE, 12, 11, 16, 11_4, 0, 0, 0
NOTE, 12, 3, 4, 0, 0, 11_2, 0
NOTE, 12, 13, 16, 11_4, 0, 0, 0
NOTE, 12, 7, 8, 0, 0, 11_1, 0
NOTE, 13, 0, 1, 11_2, 0, 11_2, 0
NOTE, 13, 1, 8, 0, 0, 11_2, 0
NOTE, 13, 3, 16, 11_4, 0, 0, 0
NOTE, 13, 1, 4, 0, 11_3, 0, 0
NOTE, 13, 3, 8, 11_4, 0, 0, 0
NOTE, 13, 7, 16, 0, 11_3, 0, 0
NOTE, 13, 1, 2, 0, 0, 11_2, 0
NOTE, 13, 9, 16, 0, 11_2, 0, 0
NOTE, 13, 5, 8, 11_4, 0, 0, 0
NOTE, 13, 11, 16, 11_3, 0, 0, 0
NOTE, 13, 3, 4, 11_2, 0, 0, 0
NOTE, 13, 13, 16, 0, 0, 0, 11_1
NOTE, 13, 7, 8, 0, 0, 11_2, 0
NOTE, 14, 0, 1, 1, 11_3, 0, 0
NOTE, 14, 1, 8, 11_4, 0, 0, 0
NOTE, 14, 3, 16, 0, 11_1, 0, 0
NOTE, 14, 1, 4, 0, 0, 11_2, 0
NOTE, 14, 3, 8, 11_1, 11_3, 0, 0
NOTE, 14, 7, 16, 0, 11_1, 11_2, 0
NOTE, 14, 1, 2, 0, 0, 11_1, 11_1
NOTE, 14, 9, 16, 11_4, 0, 0, 0
NOTE, 14, 5, 8, 0, 11_3, 0, 0
NOTE, 14, 11, 16, 0, 0, 11_1, 0
NOTE, 14, 3, 4, 0, 11_3, 0, 0
NOTE, 14, 13, 16, 11_4, 0, 0, 0
NOTE, 14, 7, 8, 0, 0, 11_1, 0
NOTE, 15, 0, 1, 11_1, 0, 0, 11_1
NOTE, 15, 1, 16, 11_4, 0, 0, 0
NOTE, 15, 1, 8, 0, 11_2, 0, 0
NOTE, 15, 3, 16, 11_4, 0, 0, 0
NOTE, 15, 1, 4, 0, 0, 11_2, 0
NOTE, 15, 5, 16, 0, 11_3, 0, 0
NOTE, 15, 3, 8, 11_4, 0, 0, 0
NOTE, 15, 7, 16, 0, 0, 11_2, 0
NOTE, 15, 1, 2, 11_4, 0, 0, 0
NOTE, 15, 9, 16, 11_2, 0, 0, 0
NOTE, 15, 5, 8, 11_4, 0, 0, 0
NOTE, 15, 11, 16, 11_2, 0, 0, 0
NOTE, 15, 3, 4, 0, 11_3, 0, 0
NOTE, 15, 7, 8, 0, 1, 0, 0
NOTE, 15, 15, 16, 0, 0, 1, 0
NOTE, 16, 0, 1, 1, 0, 0, 1
NOTE, 16, 1, 8, 0, 1, 0, 0
NOTE, 16, 1, 4, 0, 0, 1, 0
NOTE, 16, 3, 8, 0, 1, 0, 0
NOTE, 16, 7, 16, 0, 0, 1, 0
NOTE, 16, 1, 2, 1, 0, 0, 1
NOTE, 16, 5, 8, 0, 0, 1, 0
NOTE, 16, 11, 16, 0, 1, 0, 0
NOTE, 16, 3, 4, 1, 0, 0, 0
NOTE, 16, 7, 8, 0, 1, 0, 0
NOTE, 16, 15, 16, 0, 0, 1, 0
NOTE, 17, 0, 1, 1, 0, 0, 1
NOTE, 17, 1, 8, 0, 1, 0, 0
NOTE, 17, 3, 16, 0, 0, 0, 1
NOTE, 17, 1, 4, 1, 0, 0, 0
NOTE, 17, 5, 16, 0, 0, 1, 0
NOTE, 17, 3, 8, 0, 1, 0, 0
NOTE, 17, 7, 16, 0, 0, 0, 1
NOTE, 17, 1, 2, 1, 0, 1, 0
NOTE, 17, 5, 8, 0, 0, 0, 1
NOTE, 17, 11, 16, 0, 1, 0, 0
NOTE, 17, 3, 4, 2, 0, 0, 0
NOTE, 17, 7, 8, 3, 1, 0, 0
NOTE, 18, 0, 1, 1, 0, 0, 1
NOTE, 18, 1, 8, 0, 2, 0, 0
NOTE, 18, 1, 4, 0, 3, 2, 0
NOTE, 18, 3, 8, 0, 0, 3, 2
NOTE, 18, 1, 2, 2, 1, 0, 3
NOTE, 18, 5, 8, 3, 0, 2, 0
NOTE, 18, 3, 4, 2, 0, 3, 0
NOTE, 18, 7, 8, 3, 0, 0, 2
NOTE, 19, 0, 1, 1, 1, 0, 3
NOTE, 19, 1, 8, 0, 1, 1, 0
NOTE, 19, 1, 4, 0, 0, 1, 1
NOTE, 19, 3, 8, 0, 1, 1, 0
NOTE, 19, 1, 2, 1, 1, 1, 1
NOTE, 19, 5, 8, 0, 1, 0, 0
NOTE, 19, 3, 4, 1, 1, 1, 1
NOTE, 19, 7, 8, 0, 1, 0, 0
NOTE, 20, 0, 1, 1, 0, 1, 0
NOTE, 20, 1, 8, 0, 1, 0, 0
NOTE, 20, 3, 16, 1, 0, 0, 0
NOTE, 20, 1, 4, 0, 1, 0, 0
NOTE, 20, 5, 16, 0, 0, 1, 0
NOTE, 20, 3, 8, 0, 0, 0, 1
NOTE, 20, 7, 16, 0, 0, 1, 0
NOTE, 20, 1, 2, 1, 1, 0, 1
NOTE, 20, 5, 8, 0, 0, 1, 0
NOTE, 20, 3, 4, 0, 0, 1, 0
NOTE, 21, 0, 1, 1, 0, 0, 1
NOTE, 21, 1, 8, 1, 0, 0, 0
NOTE, 21, 1, 4, 0, 0, 1, 1
NOTE, 21, 5, 16, 1, 1, 0, 0
NOTE, 21, 3, 8, 0, 0, 0, 1
NOTE, 21, 7, 16, 0, 1, 1, 0
NOTE, 21, 1, 2, 1, 0, 0, 1
NOTE, 21, 9, 16, 0, 0, 1, 0
NOTE, 21, 5, 8, 0, 1, 0, 0
NOTE, 21, 3, 4, 0, 0, 1, 0
NOTE, 21, 13, 16, 1, 0, 0, 0
NOTE, 21, 7, 8, 0, 1, 0, 0
NOTE, 21, 15, 16, 0, 0, 0, 1
NOTE, 22, 0, 1, 1, 0, 1, 0
NOTE, 22, 1, 8, 0, 1, 0, 0
NOTE, 22, 1, 4, 0, 0, 0, 1
NOTE, 22, 5, 16, 0, 0, 1, 0
NOTE, 22, 3, 8, 0, 1, 0, 0
NOTE, 22, 7, 16, 1, 0, 0, 0
NOTE, 22, 1, 2, 0, 0, 1, 1
NOTE, 22, 5, 8, 0, 1, 0, 0
NOTE, 22, 3, 4, 1, 0, 0, 0
NOTE, 22, 7, 8, 0, 0, 1, 0
NOTE, 23, 0, 1, 1, 0, 0, 1
NOTE, 23, 1, 16, 0, 1, 0, 0
NOTE, 23, 1, 8, 0, 0, 0, 1
NOTE, 23, 3, 16, 0, 0, 1, 0
NOTE, 23, 1, 4, 1, 0, 0, 0
NOTE, 23, 5, 16, 0, 1, 0, 0
NOTE, 23, 3, 8, 0, 0, 1, 0
NOTE, 23, 7, 16, 0, 0, 0, 1
NOTE, 23, 1, 2, 1, 1, 0, 0
NOTE, 23, 9, 16, 0, 0, 1, 0
NOTE, 23, 5, 8, 1, 0, 0, 0
NOTE, 23, 11, 16, 0, 0, 0, 1
NOTE, 23, 3, 4, 0, 1, 0, 0
NOTE, 23, 13, 16, 1, 0, 0, 0
NOTE, 23, 7, 8, 0, 0, 1, 0
NOTE, 24, 0, 1, 1, 0, 0, 1
NOTE, 24, 1, 16, 0, 0, 1, 0
NOTE, 24, 1, 8, 0, 1, 0, 0
NOTE, 24, 3, 16, 0, 0, 0, 1
NOTE, 24, 1, 4, 1, 0, 0, 0
NOTE, 24, 5, 16, 0, 0, 1, 0
NOTE, 24, 3, 8, 0, 1, 0, 0
NOTE, 24, 7, 16, 0, 0, 0, 1
NOTE, 24, 9, 16, 0, 0, 0, 1
NOTE, 24, 5, 8, 0, 1, 0, 0
NOTE, 24, 11, 16, 0, 0, 1, 0
NOTE, 24, 3, 4, 1, 0, 0, 0
NOTE, 24, 13, 16, 0, 1, 0, 0
NOTE, 24, 7, 8, 0, 0, 0, 1
NOTE, 24, 15, 16, 0, 1, 0, 0
NOTE, 25, 0, 1, 1, 0, 0, 0
NOTE, 25, 1, 8, 0, 0, 1, 0
NOTE, 25, 1, 4, 1, 0, 0, 1
NOTE, 25, 3, 8, 0, 1, 0, 0
NOTE, 25, 7, 16, 0, 0, 1, 0
NOTE, 25, 9, 16, 0, 0, 1, 0
NOTE, 25, 5, 8, 0, 1, 0, 0
NOTE, 25, 3, 4, 1, 0, 0, 1
NOTE, 25, 13, 16, 0, 1, 0, 0
NOTE, 25, 7, 8, 0, 0, 1, 0
NOTE, 25, 15, 16, 0, 1, 0, 0
NOTE, 26, 0, 1, 1, 0, 0, 0
NOTE, 26, 1, 16, 0, 0, 1, 0
NOTE, 26, 1, 8, 0, 1, 0, 0
NOTE, 26, 3, 16, 0, 0, 0, 1
NOTE, 26, 1, 4, 1, 0, 0, 0
NOTE, 26, 5, 16, 0, 0, 1, 0
NOTE, 26, 3, 8, 1, 0, 0, 0
NOTE, 26, 7, 16, 0, 0, 0, 1
NOTE, 26, 9, 16, 0, 0, 0, 1
NOTE, 26, 5, 8, 1, 0, 0, 0
NOTE, 26, 11, 16, 0, 0, 1, 0
NOTE, 26, 3, 4, 0, 1, 0, 0
NOTE, 26, 13, 16, 0, 0, 0, 1
NOTE, 26, 7, 8, 1, 0, 0, 0
NOTE, 26, 15, 16, 0, 0, 1, 0
NOTE, 27, 0, 1, 0, 1, 0, 0
NOTE, 27, 1, 8, 0, 0, 1, 0
NOTE, 27, 1, 4, 1, 0, 0, 1
NOTE, 27, 3, 8, 0, 0, 1, 0
NOTE, 27, 7, 16, 1, 0, 0, 0
NOTE, 27, 9, 16, 1, 0, 0, 0
NOTE, 27, 5, 8, 0, 0, 1, 0
NOTE, 27, 3, 4, 0, 1, 0, 1
NOTE, 27, 13, 16, 1, 0, 0, 0
NOTE, 27, 7, 8, 0, 0, 1, 0
NOTE, 27, 15, 16, 0, 1, 0, 0
NOTE, 28, 0, 1, 1, 0, 0, 0
NOTE, 28, 1, 16, 0, 0, 1, 0
NOTE, 28, 1, 8, 1, 0, 0, 0
NOTE, 28, 3, 16, 0, 0, 0, 1
NOTE, 28, 1, 4, 0, 1, 0, 0
NOTE, 28, 5, 16, 1, 0, 0, 0
NOTE, 28, 3, 8, 0, 0, 1, 0
NOTE, 28, 7, 16, 0, 1, 0, 0
NOTE, 28, 1, 2, 0, 0, 0, 1
NOTE, 28, 9, 16, 1, 0, 0, 0
NOTE, 28, 5, 8, 0, 0, 1, 0
NOTE, 28, 11, 16, 1, 0, 0, 0
NOTE, 28, 3, 4, 0, 0, 0, 1
NOTE, 28, 13, 16, 1, 0, 0, 0
NOTE, 28, 7, 8, 0, 0, 1, 0
NOTE, 28, 15, 16, 0, 1, 0, 0
NOTE, 29, 0, 1, 0, 0, 0, 1
NOTE, 29, 1, 16, 1, 0, 0, 0
NOTE, 29, 1, 8, 0, 0, 1, 0
NOTE, 29, 3, 16, 1, 0, 0, 0
NOTE, 29, 1, 4, 0, 1, 0, 0
NOTE, 29, 5, 16, 0, 0, 1, 0
NOTE, 29, 3, 8, 0, 0, 0, 1
NOTE, 29, 7, 16, 0, 1, 0, 0
NOTE, 29, 1, 2, 1, 0, 0, 0
NOTE, 29, 9, 16, 0, 0, 1, 0
NOTE, 29, 5, 8, 0, 0, 0, 1
NOTE, 29, 11, 16, 0, 1, 0, 0
NOTE, 29, 3, 4, 1, 0, 0, 0
NOTE, 29, 13, 16, 0, 0, 1, 0
NOTE, 29, 7, 8, 0, 1, 0, 0
NOTE, 29, 15, 16, 0, 0, 0, 1
NOTE, 30, 0, 1, 1, 0, 0, 0
NOTE, 30, 1, 16, 0, 0, 1, 0
NOTE, 30, 1, 8, 1, 0, 0, 0
NOTE, 30, 3, 16, 0, 0, 0, 1
NOTE, 30, 1, 4, 0, 1, 0, 0
NOTE, 30, 5, 16, 1, 0, 0, 0
NOTE, 30, 3, 8, 0, 0, 1, 0
NOTE, 30, 7, 16, 0, 1, 0, 0
NOTE, 30, 1, 2, 0, 0, 0, 1
NOTE, 30, 9, 16, 1, 0, 0, 0
NOTE, 30, 5, 8, 0, 0, 0, 1
NOTE, 30, 11, 16, 0, 1, 0, 0
NOTE, 30, 3, 4, 0, 0, 1, 0
NOTE, 30, 7, 8, 1, 0, 0, 0
NOTE, 31, 1, 8, 0, 1, 0, 0
NOTE, 31, 1, 4, 0, 0, 1, 0
NOTE, 31, 3, 8, 0, 0, 0, 1
NOTE, 31, 1, 2, 0, 0, 1, 0
NOTE, 31, 3, 4, 0, 1, 0, 0
NOTE, 32, 0, 1, 1, 0, 0, 1
NOTE, 32, 1, 16, 0, 1, 0, 0
NOTE, 32, 1, 8, 0, 0, 0, 1
NOTE, 32, 3, 16, 0, 0, 1, 0
NOTE, 32, 1, 4, 0, 2, 0, 0
NOTE, 32, 5, 16, 0, 3, 0, 0
NOTE, 32, 3, 8, 0, 2, 0, 0
NOTE, 32, 7, 16, 0, 3, 0, 0
NOTE, 32, 1, 2, 1, 0, 0, 1
NOTE, 32, 5, 8, 0, 0, 2, 0
NOTE, 32, 11, 16, 0, 0, 3, 0
NOTE, 32, 3, 4, 0, 2, 0, 0
NOTE, 32, 13, 16, 0, 3, 0, 0
NOTE, 32, 7, 8, 2, 0, 0, 0
NOTE, 32, 15, 16, 3, 0, 0, 0
NOTE, 33, 0, 1, 0, 0, 1, 1
NOTE, 33, 1, 16, 1, 0, 0, 0
NOTE, 33, 1, 8, 0, 0, 1, 0
NOTE, 33, 3, 16, 1, 0, 0, 0
NOTE, 33, 1, 4, 0, 1, 0, 0
NOTE, 33, 5, 16, 0, 0, 1, 0
NOTE, 33, 3, 8, 0, 0, 0, 2
NOTE, 33, 1, 2, 1, 1, 0, 3
NOTE, 33, 5, 8, 0, 0, 1, 0
NOTE, 33, 11, 16, 0, 1, 0, 0
NOTE, 33, 3, 4, 1, 0, 0, 0
NOTE, 33, 7, 8, 0, 0, 1, 0
NOTE, 34, 0, 1, 1, 0, 0, 1
NOTE, 34, 1, 16, 0, 0, 1, 0
NOTE, 34, 1, 8, 0, 0, 0, 1
NOTE, 34, 1, 4, 0, 0, 1, 0
NOTE, 34, 3, 8, 0, 0, 1, 0
NOTE, 34, 7, 16, 0, 0, 0, 1
NOTE, 34, 1, 2, 1, 1, 0, 0
NOTE, 34, 9, 16, 0, 0, 0, 1
NOTE, 34, 5, 8, 0, 0, 1, 0
NOTE, 34, 3, 4, 0, 1, 0, 0
NOTE, 34, 7, 8, 0, 1, 0, 0
NOTE, 35, 0, 1, 1, 0, 0, 1
NOTE, 35, 1, 16, 0, 0, 1, 0
NOTE, 35, 1, 8, 1, 0, 0, 0
NOTE, 35, 3, 16, 0, 1, 0, 0
NOTE, 35, 1, 4, 0, 0, 0, 1
NOTE, 35, 5, 16, 1, 0, 0, 0
NOTE, 35, 3, 8, 0, 0, 0, 1
NOTE, 35, 7, 16, 0, 1, 0, 0
NOTE, 35, 1, 2, 1, 0, 1, 0
NOTE, 35, 5, 8, 0, 0, 0, 2
NOTE, 35, 11, 16, 0, 0, 0, 3
NOTE, 35, 3, 4, 0, 0, 0, 2
NOTE, 35, 7, 8, 1, 0, 0, 0
NOTE, 36, 0, 1, 0, 1, 1, 3
NOTE, 36, 1, 16, 0, 0, 0, 1
NOTE, 36, 1, 8, 1, 0, 0, 0
NOTE, 36, 3, 16, 0, 0, 0, 1
NOTE, 36, 1, 4, 0, 2, 0, 0
NOTE, 36, 5, 16, 0, 3, 0, 0
NOTE, 36, 3, 8, 0, 2, 0, 0
NOTE, 36, 7, 16, 0, 3, 0, 0
NOTE, 36, 1, 2, 1, 0, 0, 1
NOTE, 36, 5, 8, 0, 2, 0, 0
NOTE, 36, 11, 16, 0, 3, 0, 0
NOTE, 36, 3, 4, 0, 0, 2, 0
NOTE, 36, 13, 16, 0, 0, 3, 0
NOTE, 36, 7, 8, 0, 0, 0, 2
NOTE, 36, 15, 16, 0, 0, 0, 3
NOTE, 37, 0, 1, 1, 1, 0, 0
NOTE, 37, 1, 16, 0, 0, 1, 0
NOTE, 37, 1, 8, 0, 1, 0, 0
NOTE, 37, 3, 16, 0, 0, 1, 0
NOTE, 37, 1, 4, 1, 0, 0, 0
NOTE, 37, 5, 16, 0, 1, 0, 0
NOTE, 37, 3, 8, 0, 0, 2, 0
NOTE, 37, 1, 2, 1, 0, 3, 1
NOTE, 37, 5, 8, 0, 1, 0, 0
NOTE, 37, 3, 4, 0, 0, 1, 0
NOTE, 37, 7, 8, 0, 0, 0, 1
NOTE, 37, 15, 16, 0, 1, 0, 0
NOTE, 38, 0, 1, 1, 0, 1, 0
NOTE, 38, 1, 8, 0, 1, 0, 0
NOTE, 38, 1, 4, 0, 0, 1, 0
NOTE, 38, 3, 8, 1, 0, 0, 0
NOTE, 38, 7, 16, 0, 0, 1, 0
NOTE, 38, 1, 2, 0, 1, 0, 1
NOTE, 38, 3, 4, 0, 2, 2, 0
NOTE, 38, 13, 16, 0, 3, 3, 0
NOTE, 39, 0, 1, 11_2, 0, 11_2, 0
NOTE, 39, 1, 8, 11_4, 0, 0, 0
NOTE, 39, 3, 16, 11_4, 0, 0, 0
NOTE, 39, 1, 4, 11_3, 0, 0, 0
NOTE, 39, 5, 16, 0, 11_3, 0, 0
NOTE, 39, 3, 8, 11_3, 0, 0, 0
NOTE, 39, 7, 16, 0, 11_2, 0, 0
NOTE, 39, 1, 2, 11_1, 11_3, 0, 0
NOTE, 39, 5, 8, 0, 1, 0, 0
NOTE, 39, 3, 4, 0, 0, 1, 0
NOTE, 39, 7, 8, 0, 1, 0, 0
NOTE, 39, 15, 16, 1, 0, 0, 0
NOTE, 40, 0, 1, 0, 1, 0, 1
NOTE, 40, 1, 8, 0, 0, 1, 0
NOTE, 40, 3, 16, 0, 0, 0, 1
NOTE, 40, 1, 4, 0, 0, 1, 0
NOTE, 40, 3, 8, 0, 1, 0, 0
NOTE, 40, 7, 16, 0, 0, 0, 1
NOTE, 40, 1, 2, 1, 1, 0, 0
NOTE, 40, 5, 8, 0, 0, 1, 0
NOTE, 40, 11, 16, 0, 0, 0, 1
NOTE, 40, 3, 4, 1, 0, 0, 0
NOTE, 40, 13, 16, 0, 1, 0, 0
NOTE, 40, 7, 8, 0, 0, 1, 0
NOTE, 40, 15, 16, 0, 1, 0, 0
NOTE, 41, 0, 1, 1, 0, 0, 1
NOTE, 41, 1, 8, 0, 1, 0, 0
NOTE, 41, 1, 4, 2, 0, 0, 0
NOTE, 41, 3, 8, 3, 0, 0, 1
NOTE, 41, 1, 2, 0, 1, 1, 0
NOTE, 41, 5, 8, 2, 1, 1, 1
NOTE, 41, 3, 4, 3, 2, 1, 1
NOTE, 41, 7, 8, 1, 3, 2, 1
NOTE, 42, 0, 1, 1, 1, 3, 2
NOTE, 42, 1, 8, 1, 1, 2, 3
NOTE, 42, 1, 4, 1, 2, 3, 1
NOTE, 42, 3, 8, 2, 3, 1, 1
NOTE, 42, 1, 2, 3, 1, 2, 1
NOTE, 42, 5, 8, 1, 2, 3, 1
NOTE, 42, 3, 4, 2, 3, 1, 1
NOTE, 42, 7, 8, 3, 1, 2, 1
NOTE, 43, 0, 1, 1, 1, 3, 2
NOTE, 43, 1, 8, 0, 1, 0, 0
NOTE, 43, 1, 4, 2, 0, 1, 3
NOTE, 43, 3, 8, 0, 1, 0, 0
NOTE, 43, 1, 2, 3, 0, 0, 1
NOTE, 43, 5, 8, 0, 0, 1, 0
NOTE, 43, 3, 4, 0, 1, 0, 0
NOTE, 43, 7, 8, 0, 0, 1, 0
NOTE, 44, 0, 1, 1, 0, 0, 0
NOTE, 44, 1, 16, 0, 0, 0, 1
NOTE, 44, 1, 8, 1, 0, 0, 0
NOTE, 44, 3, 16, 0, 0, 1, 0
NOTE, 44, 1, 4, 0, 2, 0, 0
NOTE, 44, 1, 2, 11_1, 3, 0, 11_1
NOTE, 44, 5, 8, 0, 11_1, 0, 0
NOTE, 44, 11, 16, 11_4, 0, 0, 0
NOTE, 44, 3, 4, 0, 0, 11_1, 0
NOTE, 44, 7, 8, 0, 0, 0, 11_1
NOTE, 44, 15, 16, 11_4, 0, 0, 0
NOTE, 45, 0, 1, 1, 0, 0, 0
NOTE, 45, 1, 16, 11_4, 0, 0, 0
NOTE, 45, 1, 8, 1, 0, 0, 0
NOTE, 45, 3, 16, 11_4, 0, 0, 0
NOTE, 45, 1, 4, 1, 0, 0, 0
NOTE, 45, 5, 16, 11_4, 0, 0, 0
NOTE, 45, 3, 8, 0, 0, 1, 0
NOTE, 45, 1, 2, 1, 11_3, 0, 0
NOTE, 45, 5, 8, 11_4, 0, 0, 0
NOTE, 45, 11, 16, 0, 0, 1, 0
NOTE, 45, 3, 4, 11_4, 0, 0, 0
NOTE, 45, 7, 8, 0, 0, 0, 1
NOTE, 45, 15, 16, 11_4, 0, 0, 0
NOTE, 46, 0, 1, 11_3, 0, 0, 0
NOTE, 46, 1, 16, 0, 0, 0, 1
NOTE, 46, 1, 8, 11_4, 0, 0, 0
NOTE, 46, 3, 16, 0, 11_3, 0, 0
NOTE, 46, 1, 4, 11_3, 0, 0, 0
NOTE, 46, 5, 16, 0, 1, 0, 0
NOTE, 46, 3, 8, 11_4, 0, 0, 0
NOTE, 46, 1, 2, 11_3, 0, 0, 1
NOTE, 46, 5, 8, 0, 1, 0, 0
NOTE, 46, 11, 16, 11_4, 0, 0, 0
NOTE, 46, 3, 4, 0, 1, 0, 0
NOTE, 46, 7, 8, 0, 0, 0, 1
NOTE, 46, 15, 16, 11_4, 0, 0, 0
NOTE, 47, 0, 1, 1, 0, 0, 0
NOTE, 47, 1, 16, 11_4, 0, 0, 0
NOTE, 47, 1, 8, 1, 0, 0, 0
NOTE, 47, 3, 16, 0, 0, 1, 0
NOTE, 47, 1, 4, 1, 0, 0, 0
NOTE, 47, 5, 16, 11_4, 0, 0, 0
NOTE, 47, 3, 8, 0, 0, 1, 0
NOTE, 47, 1, 2, 1, 11_3, 0, 0
NOTE, 47, 9, 16, 0, 0, 1, 0
NOTE, 47, 5, 8, 11_4, 0, 0, 0
NOTE, 47, 11, 16, 0, 0, 1, 0
NOTE, 47, 3, 4, 11_4, 0, 0, 0
NOTE, 47, 7, 8, 11_4, 0, 0, 0
NOTE, 47, 15, 16, 0, 0, 1, 0
NOTE, 48, 0, 1, 1, 0, 0, 0
NOTE, 48, 1, 16, 11_4, 0, 0, 0
NOTE, 48, 1, 8, 1, 0, 0, 0
NOTE, 48, 3, 16, 0, 0, 1, 0
NOTE, 48, 1, 4, 1, 0, 0, 0
NOTE, 48, 5, 16, 11_4, 0, 0, 0
NOTE, 48, 3, 8, 0, 0, 1, 0
NOTE, 48, 7, 16, 11_4, 0, 0, 0
NOTE, 48, 1, 2, 1, 0, 0, 11_1
NOTE, 48, 5, 8, 11_4, 0, 0, 0
NOTE, 48, 11, 16, 0, 11_1, 0, 0
NOTE, 48, 3, 4, 0, 11_3, 0, 0
NOTE, 48, 7, 8, 1, 0, 0, 0
NOTE, 48, 15, 16, 11_4, 0, 0, 0
NOTE, 49, 0, 1, 0, 0, 1, 0
NOTE, 49, 1, 16, 1, 0, 0, 0
NOTE, 49, 1, 8, 11_4, 0, 0, 0
NOTE, 49, 3, 16, 0, 0, 1, 0
NOTE, 49, 1, 4, 11_4, 0, 0, 0
NOTE, 49, 5, 16, 0, 11_3, 0, 0
NOTE, 49, 3, 8, 0, 0, 1, 0
NOTE, 49, 1, 2, 11_2, 0, 11_2, 0
NOTE, 49, 5, 8, 11_4, 0, 0, 0
NOTE, 49, 11, 16, 0, 1, 11_2, 0
NOTE, 49, 3, 4, 11_4, 0, 0, 0
NOTE, 49, 7, 8, 1, 0, 0, 0
NOTE, 49, 15, 16, 11_4, 0, 0, 0
NOTE, 50, 0, 1, 0, 0, 1, 0
NOTE, 50, 1, 16, 1, 0, 0, 0
NOTE, 50, 1, 8, 0, 11_3, 0, 0
NOTE, 50, 3, 16, 0, 0, 1, 0
NOTE, 50, 1, 4, 11_4, 0, 0, 0
NOTE, 50, 5, 16, 0, 0, 11_2, 0
NOTE, 50, 3, 8, 0, 0, 1, 0
NOTE, 50, 1, 2, 1, 11_3, 0, 0
NOTE, 50, 5, 8, 11_3, 0, 0, 1
NOTE, 50, 11, 16, 0, 1, 0, 0
NOTE, 50, 3, 4, 11_4, 0, 0, 0
NOTE, 50, 7, 8, 11_4, 0, 0, 0
NOTE, 50, 15, 16, 0, 1, 0, 0
NOTE, 51, 0, 1, 0, 0, 1, 0
NOTE, 51, 1, 16, 11_4, 0, 0, 0
NOTE, 51, 1, 8, 0, 0, 0, 1
NOTE, 51, 3, 16, 0, 0, 1, 0
NOTE, 51, 1, 4, 11_4, 0, 0, 0
NOTE, 51, 5, 16, 0, 0, 0, 1
NOTE, 51, 3, 8, 0, 0, 1, 0
NOTE, 51, 1, 2, 11_1, 11_3, 0, 0
NOTE, 51, 9, 16, 0, 11_1, 0, 0
NOTE, 51, 5, 8, 11_4, 0, 0, 0
NOTE, 51, 11, 16, 0, 11_1, 0, 0
NOTE, 51, 3, 4, 11_4, 0, 0, 0
NOTE, 51, 13, 16, 0, 0, 1, 0
NOTE, 51, 7, 8, 11_4, 0, 0, 0
NOTE, 51, 15, 16, 0, 0, 1, 0
NOTE, 52, 0, 1, 11_4, 0, 0, 0
NOTE, 52, 1, 16, 0, 1, 0, 0
NOTE, 52, 1, 8, 11_4, 0, 0, 0
NOTE, 52, 3, 16, 0, 1, 0, 0
NOTE, 52, 1, 4, 11_4, 0, 0, 0
NOTE, 52, 3, 8, 11_4, 0, 0, 0
NOTE, 52, 7, 16, 11_4, 0, 0, 0
NOTE, 52, 1, 2, 11_4, 0, 0, 0
NOTE, 52, 5, 8, 0, 0, 0, 1
NOTE, 52, 11, 16, 0, 0, 1, 0
NOTE, 52, 3, 4, 0, 1, 0, 0
NOTE, 52, 7, 8, 0, 1, 0, 0
NOTE, 53, 1, 8, 1, 0, 0, 0
NOTE, 53, 1, 4, 0, 1, 0, 0
NOTE, 53, 3, 8, 0, 0, 1, 0
NOTE, 53, 1, 2, 1, 0, 0, 0
NOTE, 53, 9, 16, 0, 0, 0, 1
NOTE, 53, 5, 8, 1, 0, 0, 0
NOTE, 53, 11, 16, 0, 0, 1, 0
NOTE, 53, 3, 4, 0, 1, 0, 0
NOTE, 53, 13, 16, 1, 0, 0, 0
NOTE, 53, 7, 8, 0, 0, 1, 0
NOTE, 54, 0, 1, 0, 2, 0, 0
NOTE, 54, 1, 2, 0, 3, 2, 0
NOTE, 55, 0, 1, 0, 0, 3, 2
NOTE, 55, 1, 2, 0, 0, 2, 3
NOTE, 56, 0, 1, 0, 1, 3, 0
NOTE, 56, 1, 8, 0, 0, 1, 0
NOTE, 56, 3, 16, 0, 0, 0, 1
NOTE, 56, 1, 4, 0, 1, 0, 0
NOTE, 56, 3, 8, 0, 0, 1, 0
NOTE, 56, 1, 2, 1, 0, 0, 1
NOTE, 56, 9, 16, 0, 1, 0, 0
NOTE, 56, 5, 8, 1, 0, 0, 0
NOTE, 56, 11, 16, 0, 0, 1, 0
NOTE, 56, 3, 4, 0, 1, 0, 0
NOTE, 56, 7, 8, 0, 1, 0, 0
NOTE, 57, 0, 1, 1, 0, 0, 1
NOTE, 57, 1, 8, 0, 0, 1, 0
NOTE, 57, 1, 4, 0, 1, 0, 0
NOTE, 57, 3, 8, 1, 0, 0, 0
NOTE, 57, 1, 2, 0, 0, 1, 1
NOTE, 57, 9, 16, 1, 0, 0, 0
NOTE, 57, 5, 8, 0, 0, 1, 0
NOTE, 57, 11, 16, 1, 0, 0, 0
NOTE, 57, 3, 4, 0, 1, 0, 0
NOTE, 57, 13, 16, 0, 0, 0, 1
NOTE, 57, 7, 8, 0, 0, 1, 0
NOTE, 58, 0, 1, 1, 0, 0, 1
NOTE, 58, 1, 8, 0, 1, 0, 0
NOTE, 58, 1, 4, 0, 0, 1, 0
NOTE, 58, 3, 8, 0, 1, 0, 0
NOTE, 58, 7, 16, 0, 1, 0, 0
NOTE, 58, 1, 2, 1, 0, 0, 1
NOTE, 58, 5, 8, 0, 1, 0, 0
NOTE, 58, 3, 4, 0, 0, 0, 1
NOTE, 58, 7, 8, 0, 0, 1, 0
NOTE, 58, 15, 16, 0, 0, 1, 0
NOTE, 59, 0, 1, 11_1, 0, 0, 11_1
NOTE, 59, 1, 8, 0, 11_1, 0, 0
NOTE, 59, 3, 16, 0, 0, 11_1, 0
NOTE, 59, 1, 4, 0, 11_1, 0, 0
NOTE, 59, 5, 16, 0, 0, 0, 11_1
NOTE, 59, 3, 8, 11_1, 0, 0, 0
NOTE, 59, 1, 2, 0, 11_1, 0, 11_1
NOTE, 59, 5, 8, 0, 0, 11_1, 0
NOTE, 59, 11, 16, 0, 11_1, 0, 0
NOTE, 59, 3, 4, 12_1, 0, 0, 0
NOTE, 59, 13, 16, 13_1, 0, 0, 0
NOTE, 59, 7, 8, 0, 0, 0, 12_1
NOTE, 59, 15, 16, 0, 0, 0, 13_1
NOTE, 60, 0, 1, 11_1, 11_1, 0, 0
NOTE, 60, 1, 8, 0, 0, 0, 11_1
NOTE, 60, 3, 16, 0, 11_1, 0, 0
NOTE, 60, 1, 4, 11_1, 0, 0, 0
NOTE, 60, 5, 16, 0, 0, 11_1, 0
NOTE, 60, 3, 8, 0, 11_1, 0, 0
NOTE, 60, 7, 16, 0, 0, 0, 11_1
NOTE, 60, 1, 2, 12_1, 0, 11_1, 0
NOTE, 60, 5, 8, 13_1, 0, 0, 12_1
NOTE, 60, 3, 4, 11_1, 0, 0, 13_1
NOTE, 60, 13, 16, 0, 0, 11_1, 0
NOTE, 60, 7, 8, 11_1, 0, 0, 0
NOTE, 60, 15, 16, 0, 0, 0, 11_1
NOTE, 61, 0, 1, 11_1, 11_1, 0, 0
NOTE, 61, 1, 8, 0, 0, 11_1, 0
NOTE, 61, 3, 16, 0, 11_1, 0, 0
NOTE, 61, 1, 4, 0, 0, 0, 11_1
NOTE, 61, 3, 8, 0, 0, 0, 11_1
NOTE, 61, 7, 16, 0, 11_1, 0, 0
NOTE, 61, 1, 2, 11_1, 0, 12_1, 0
NOTE, 61, 5, 8, 0, 11_1, 13_1, 0
NOTE, 61, 11, 16, 0, 0, 0, 11_1
NOTE, 61, 3, 4, 11_1, 0, 0, 0
NOTE, 61, 13, 16, 0, 11_1, 0, 0
NOTE, 61, 7, 8, 0, 0, 11_1, 0
NOTE, 61, 15, 16, 0, 0, 0, 11_1
NOTE, 62, 0, 1, 11_1, 11_1, 0, 0
NOTE, 62, 1, 16, 0, 0, 0, 11_1
NOTE, 62, 1, 8, 11_1, 0, 0, 0
NOTE, 62, 3, 16, 0, 0, 0, 11_1
NOTE, 62, 1, 4, 0, 11_1, 0, 0
NOTE, 62, 3, 8, 0, 0, 11_1, 0
NOTE, 62, 1, 2, 11_1, 0, 0, 11_1
NOTE, 62, 9, 16, 0, 11_1, 0, 0
NOTE, 62, 5, 8, 11_1, 0, 0, 0
NOTE, 62, 11, 16, 0, 0, 11_1, 0
NOTE, 62, 3, 4, 0, 11_1, 0, 0
NOTE, 62, 13, 16, 0, 0, 0, 11_1
NOTE, 62, 7, 8, 0, 11_1, 0, 0
NOTE, 62, 15, 16, 0, 0, 11_1, 0
NOTE, 63, 0, 1, 11_1, 0, 0, 11_1
NOTE, 63, 1, 8, 0, 12_1, 0, 0
NOTE, 63, 3, 16, 0, 13_1, 0, 0
NOTE, 63, 1, 4, 0, 12_1, 0, 0
NOTE, 63, 3, 8, 0, 0, 11_1, 0
NOTE, 63, 1, 2, 11_1, 13_1, 0, 11_1
NOTE, 63, 9, 16, 0, 11_1, 0, 0
NOTE, 63, 5, 8, 11_1, 0, 0, 0
NOTE, 63, 11, 16, 0, 0, 11_1, 0
NOTE, 63, 3, 4, 0, 11_1, 0, 0
NOTE, 63, 7, 8, 0, 11_1, 0, 0
NOTE, 63, 15, 16, 11_1, 0, 0, 0
NOTE, 64, 0, 1, 0, 0, 11_1, 11_1
NOTE, 64, 1, 16, 11_1, 0, 0, 0
NOTE, 64, 1, 8, 0, 11_1, 0, 0
NOTE, 64, 3, 16, 0, 0, 11_1, 0
NOTE, 64, 1, 4, 0, 0, 0, 11_1
NOTE, 64, 3, 8, 0, 0, 0, 11_1
NOTE, 64, 7, 16, 0, 11_1, 0, 0
NOTE, 64, 1, 2, 11_1, 0, 11_1, 0
NOTE, 64, 9, 16, 0, 0, 0, 11_1
NOTE, 64, 5, 8, 0, 11_1, 0, 0
NOTE, 64, 11, 16, 0, 0, 11_1, 0
NOTE, 64, 3, 4, 0, 0, 0, 11_1
NOTE, 64, 7, 8, 0, 0, 0, 11_1
NOTE, 64, 15, 16, 0, 0, 11_1, 0
NOTE, 65, 0, 1, 11_1, 11_1, 0, 0
NOTE, 65, 1, 8, 0, 0, 11_1, 0
NOTE, 65, 3, 16, 0, 11_1, 0, 0
NOTE, 65, 1, 4, 0, 0, 0, 11_1
NOTE, 65, 3, 8, 0, 0, 11_1, 0
NOTE, 65, 7, 16, 0, 11_1, 0, 0
NOTE, 65, 1, 2, 11_1, 0, 0, 11_1
NOTE, 65, 5, 8, 0, 0, 11_1, 0
NOTE, 65, 3, 4, 0, 11_1, 0, 0
NOTE, 65, 7, 8, 0, 0, 11_1, 0
NOTE, 66, 0, 1, 11_1, 0, 0, 11_1
NOTE, 66, 1, 4, 0, 12_1, 12_1, 0
NOTE, 66, 5, 16, 0, 13_1, 13_1, 0
NOTE, 66, 1, 2, 11_1, 11_3, 0, 0
NOTE, 66, 5, 8, 11_4, 0, 0, 0
NOTE, 66, 11, 16, 11_4, 0, 0, 0
NOTE, 66, 3, 4, 0, 11_3, 0, 0
NOTE, 66, 13, 16, 11_3, 0, 0, 0
NOTE, 66, 7, 8, 0, 11_2, 0, 0
NOTE, 66, 15, 16, 0, 11_2, 0, 0
NOTE, 67, 0, 1, 11_2, 0, 11_2, 0
NOTE, 67, 1, 16, 0, 11_3, 0, 0
NOTE, 67, 1, 8, 11_3, 0, 0, 0
NOTE, 67, 3, 16, 11_4, 0, 0, 0
NOTE, 67, 1, 4, 0, 11_3, 0, 0
NOTE, 67, 5, 16, 11_3, 0, 0, 0
NOTE, 67, 3, 8, 11_4, 0, 0, 0
NOTE, 67, 7, 16, 11_3, 0, 0, 0
NOTE, 67, 1, 2, 11_1, 11_3, 0, 0
NOTE, 67, 9, 16, 0, 0, 11_2, 0
NOTE, 67, 5, 8, 0, 11_3, 0, 0
NOTE, 67, 11, 16, 11_4, 0, 0, 0
NOTE, 67, 3, 4, 11_3, 0, 0, 0
NOTE, 67, 7, 8, 11_3, 0, 0, 0
NOTE, 67, 15, 16, 0, 11_3, 0, 0
NOTE, 68, 0, 1, 11_3, 0, 0, 11_1
NOTE, 68, 1, 8, 0, 11_3, 0, 0
NOTE, 68, 3, 16, 0, 0, 11_2, 0
NOTE, 68, 1, 4, 11_4, 0, 0, 0
NOTE, 68, 5, 16, 0, 11_1, 0, 0
NOTE, 68, 3, 8, 0, 0, 11_1, 0
NOTE, 68, 7, 16, 11_4, 0, 0, 0
NOTE, 68, 1, 2, 0, 11_1, 0, 11_1
NOTE, 68, 5, 8, 11_4, 0, 0, 0
NOTE, 68, 11, 16, 0, 0, 11_1, 0
NOTE, 68, 3, 4, 11_4, 0, 0, 0
NOTE, 68, 7, 8, 11_4, 0, 0, 0
NOTE, 68, 15, 16, 0, 0, 0, 11_1
NOTE, 69, 0, 1, 11_1, 11_3, 0, 0
NOTE, 69, 1, 8, 11_4, 0, 0, 0
NOTE, 69, 3, 16, 11_2, 0, 0, 0
NOTE, 69, 1, 4, 11_1, 0, 0, 11_1
NOTE, 69, 3, 8, 0, 11_3, 0, 0
NOTE, 69, 7, 16, 0, 11_1, 0, 0
NOTE, 69, 1, 2, 11_3, 0, 0, 11_1
NOTE, 69, 9, 16, 11_3, 0, 0, 0
NOTE, 69, 5, 8, 11_4, 0, 0, 0
NOTE, 69, 11, 16, 11_4, 0, 0, 0
NOTE, 69, 3, 4, 0, 11_3, 0, 0
NOTE, 69, 13, 16, 0, 11_2, 0, 0
NOTE, 69, 7, 8, 11_4, 0, 0, 0
NOTE, 69, 15, 16, 0, 11_3, 0, 0
NOTE, 70, 0, 1, 11_2, 0, 11_2, 0
NOTE, 70, 1, 16, 11_4, 0, 0, 0
NOTE, 70, 1, 8, 11_4, 0, 0, 0
NOTE, 70, 3, 16, 0, 11_3, 0, 0
NOTE, 70, 1, 4, 0, 0, 11_2, 0
NOTE, 70, 5, 16, 0, 0, 0, 11_1
NOTE, 70, 3, 8, 11_4, 0, 0, 0
NOTE, 70, 7, 16, 11_3, 0, 0, 0
NOTE, 70, 1, 2, 11_2, 0, 0, 0
NOTE, 70, 5, 8, 0, 11_1, 0, 0
NOTE, 70, 11, 16, 11_4, 0, 0, 0
NOTE, 70, 3, 4, 11_1, 0, 0, 0
NOTE, 70, 7, 8, 0, 0, 11_1, 0
NOTE, 70, 15, 16, 11_4, 0, 0, 0
NOTE, 71, 0, 1, 0, 11_1, 0, 11_1
NOTE, 71, 1, 16, 11_4, 0, 0, 0
NOTE, 71, 1, 8, 0, 0, 0, 11_1
NOTE, 71, 3, 16, 11_4, 0, 0, 0
NOTE, 71, 1, 4, 0, 0, 11_1, 0
NOTE, 71, 5, 16, 11_4, 0, 0, 0
NOTE, 71, 3, 8, 0, 0, 0, 11_1
NOTE, 71, 7, 16, 11_4, 0, 0, 0
NOTE, 71, 1, 2, 11_1, 0, 11_1, 0
NOTE, 71, 5, 8, 11_4, 0, 0, 0
NOTE, 71, 11, 16, 0, 0, 0, 11_1
NOTE, 71, 3, 4, 11_4, 0, 0, 0
NOTE, 71, 7, 8, 0, 0, 0, 11_1
NOTE, 71, 15, 16, 11_4, 0, 0, 0
NOTE, 72, 0, 1, 11_1, 11_1, 0, 0
NOTE, 72, 1, 16, 0, 0, 0, 11_1
NOTE, 72, 1, 8, 11_4, 0, 0, 0
NOTE, 72, 3, 16, 11_1, 0, 0, 0
NOTE, 72, 1, 4, 11_4, 0, 0, 0
NOTE, 72, 3, 8, 11_1, 0, 0, 0
NOTE, 72, 7, 16, 11_4, 0, 0, 0
NOTE, 72, 1, 2, 11_3, 0, 0, 11_1
NOTE, 72, 5, 8, 11_4, 0, 0, 0
NOTE, 72, 11, 16, 11_4, 0, 0, 0
NOTE, 72, 3, 4, 0, 11_3, 0, 0
NOTE, 72, 7, 8, 11_4, 0, 0, 0
NOTE, 72, 15, 16, 11_4, 0, 0, 0
NOTE, 73, 0, 1, 11_1, 11_3, 0, 0
NOTE, 73, 1, 4, 11_2, 0, 12_2, 12_1
NOTE, 73, 5, 16, 0, 0, 13_1, 13_1
