BPM, 215.00
OFFSET, -1.114
KeyMode: 4
SPEED, 1.0
SPEED, 56, 1, 8, -1.50
SPEED, 57, 11, 16, 0.75
SPEED, 57, 3, 4, 1.00
SPEED, 60, 15, 16, 2.50
SPEED, 61, 0, 1, 0.70
SPEED, 61, 1, 16, 1.00
SPEED, 61, 3, 16, 2.50
SPEED, 61, 1, 4, 0.70
SPEED, 61, 5, 16, 1.00
SPEED, 61, 7, 16, 2.50
SPEED, 61, 1, 2, 0.70
SPEED, 61, 9, 16, 1.00
SPEED, 74, 0, 1, 1.00
SPEED, 74, 1, 16, 0.00
SPEED, 74, 1, 8, 0.50
SPEED, 74, 3, 16, 1.00
SPEED, 88, 0, 1, 1.00
SPEED, 91, 2, 3, 15.00
SPEED, 91, 19, 24, 1.00
SPEED, 91, 5, 6, 1.50
SPEED, 93, 2, 3, 1.00
NOTE, 1, 1, 32, 0, 0, 0, 1
NOTE, 1, 1, 8, 0, 1, 0, 0
NOTE, 1, 1, 4, 0, 0, 1, 0
NOTE, 1, 3, 8, 1, 0, 0, 0
NOTE, 1, 3, 4, 0, 0, 0, 1
NOTE, 1, 7, 8, 0, 0, 1, 0
NOTE, 2, 0, 1, 0, 1, 0, 0
NOTE, 2, 1, 8, 0, 0, 0, 2
NOTE, 3, 0, 1, 1, 0, 0, 3
NOTE, 3, 1, 8, 0, 0, 1, 0
NOTE, 3, 1, 4, 0, 1, 0, 0
NOTE, 3, 3, 8, 0, 0, 0, 1
NOTE, 3, 3, 4, 0, 1, 0, 0
NOTE, 3, 7, 8, 0, 0, 1, 0
NOTE, 4, 0, 1, 1, 0, 0, 0
NOTE, 4, 1, 8, 0, 0, 0, 1
NOTE, 4, 3, 16, 0, 0, 1, 0
NOTE, 4, 1, 4, 0, 1, 0, 0
NOTE, 4, 5, 16, 0, 0, 0, 1
NOTE, 4, 3, 8, 1, 0, 0, 0
NOTE, 4, 7, 16, 0, 1, 0, 0
NOTE, 4, 1, 2, 0, 0, 1, 0
NOTE, 4, 11, 16, 0, 1, 0, 0
NOTE, 4, 3, 4, 1, 0, 0, 0
NOTE, 4, 7, 8, 0, 0, 1, 0
NOTE, 5, 0, 1, 1, 0, 0, 1
NOTE, 5, 1, 8, 0, 1, 0, 0
NOTE, 5, 1, 4, 0, 0, 1, 0
NOTE, 5, 3, 8, 0, 0, 0, 1
NOTE, 5, 1, 2, 0, 1, 0, 0
NOTE, 5, 5, 8, 0, 0, 1, 0
NOTE, 5, 3, 4, 1, 0, 0, 0
NOTE, 5, 7, 8, 0, 1, 0, 0
NOTE, 6, 0, 1, 0, 0, 0, 1
NOTE, 6, 1, 8, 0, 0, 1, 0
NOTE, 6, 1, 4, 0, 1, 0, 0
NOTE, 6, 3, 8, 1, 0, 0, 0
NOTE, 6, 1, 2, 0, 0, 1, 1
NOTE, 6, 5, 8, 0, 1, 0, 0
NOTE, 6, 3, 4, 0, 0, 0, 1
NOTE, 6, 7, 8, 0, 0, 1, 0
NOTE, 7, 0, 1, 0, 1, 0, 0
NOTE, 7, 1, 16, 1, 0, 0, 0
NOTE, 7, 1, 8, 0, 1, 0, 0
NOTE, 7, 3, 16, 0, 0, 1, 0
NOTE, 7, 1, 4, 1, 0, 0, 1
NOTE, 7, 5, 16, 0, 0, 1, 0
NOTE, 7, 3, 8, 0, 1, 0, 0
NOTE, 7, 7, 16, 1, 0, 0, 0
NOTE, 7, 1, 2, 0, 1, 0, 1
NOTE, 7, 9, 16, 0, 0, 1, 0
NOTE, 7, 5, 8, 0, 1, 0, 0
NOTE, 7, 11, 16, 0, 0, 1, 0
NOTE, 7, 3, 4, 0, 0, 0, 1
NOTE, 7, 13, 16, 0, 0, 1, 0
NOTE, 7, 7, 8, 0, 1, 0, 0
NOTE, 7, 15, 16, 0, 0, 1, 0
NOTE, 8, 0, 1, 1, 0, 0, 1
NOTE, 8, 1, 16, 0, 1, 0, 0
NOTE, 8, 1, 8, 0, 0, 1, 0
NOTE, 8, 3, 16, 0, 0, 0, 1
NOTE, 8, 1, 4, 1, 0, 1, 0
NOTE, 8, 5, 16, 0, 1, 0, 0
NOTE, 8, 3, 8, 0, 0, 1, 0
NOTE, 8, 7, 16, 0, 0, 0, 1
NOTE, 8, 1, 2, 1, 0, 0, 0
NOTE, 8, 5, 8, 0, 0, 1, 1
NOTE, 8, 7, 8, 2, 1, 0, 0
NOTE, 9, 1, 8, 3, 0, 0, 2
NOTE, 9, 1, 4, 0, 2, 1, 3
NOTE, 9, 3, 8, 0, 3, 0, 2
NOTE, 9, 1, 2, 1, 2, 0, 3
NOTE, 9, 5, 8, 0, 3, 2, 0
NOTE, 9, 3, 4, 2, 0, 3, 0
NOTE, 9, 7, 8, 3, 1, 0, 2
NOTE, 10, 1, 8, 0, 0, 2, 3
NOTE, 10, 1, 4, 2, 1, 3, 0
NOTE, 10, 3, 8, 3, 0, 0, 2
NOTE, 10, 1, 2, 0, 2, 1, 3
NOTE, 10, 5, 8, 0, 3, 0, 2
NOTE, 10, 3, 4, 0, 0, 2, 3
NOTE, 10, 7, 8, 2, 1, 3, 0
NOTE, 11, 1, 8, 3, 0, 0, 2
NOTE, 11, 1, 4, 0, 2, 1, 3
NOTE, 11, 3, 8, 2, 3, 0, 0
NOTE, 11, 1, 2, 3, 0, 1, 2
NOTE, 11, 5, 8, 2, 0, 0, 3
NOTE, 11, 3, 4, 3, 2, 0, 0
NOTE, 11, 7, 8, 0, 3, 1, 2
NOTE, 12, 1, 8, 0, 1, 0, 3
NOTE, 12, 3, 16, 0, 0, 1, 0
NOTE, 12, 1, 4, 1, 0, 0, 1
NOTE, 12, 5, 16, 0, 1, 0, 0
NOTE, 12, 3, 8, 0, 0, 1, 0
NOTE, 12, 7, 16, 1, 0, 0, 0
NOTE, 12, 1, 2, 0, 0, 0, 1
NOTE, 12, 9, 16, 0, 1, 0, 0
NOTE, 12, 5, 8, 0, 0, 1, 0
NOTE, 12, 11, 16, 1, 0, 0, 0
NOTE, 12, 3, 4, 0, 0, 0, 1
NOTE, 12, 13, 16, 0, 0, 1, 0
NOTE, 12, 7, 8, 2, 1, 0, 0
NOTE, 13, 1, 8, 3, 0, 2, 0
NOTE, 13, 1, 4, 0, 1, 3, 2
NOTE, 13, 3, 8, 2, 0, 0, 3
NOTE, 13, 1, 2, 3, 0, 2, 1
NOTE, 13, 5, 8, 2, 0, 3, 0
NOTE, 13, 3, 4, 3, 2, 0, 0
NOTE, 13, 7, 8, 0, 3, 1, 2
NOTE, 14, 1, 8, 2, 0, 0, 3
NOTE, 14, 1, 4, 3, 1, 2, 0
NOTE, 14, 3, 8, 2, 0, 3, 0
NOTE, 14, 1, 2, 3, 0, 1, 2
NOTE, 14, 5, 8, 0, 2, 0, 3
NOTE, 14, 3, 4, 0, 3, 2, 0
NOTE, 14, 7, 8, 2, 1, 3, 0
NOTE, 15, 1, 8, 3, 0, 0, 2
NOTE, 15, 1, 4, 0, 2, 1, 3
NOTE, 15, 3, 8, 2, 3, 0, 0
NOTE, 15, 1, 2, 3, 1, 2, 0
NOTE, 15, 5, 8, 0, 0, 3, 2
NOTE, 15, 3, 4, 0, 2, 0, 3
NOTE, 15, 7, 8, 1, 3, 0, 2
NOTE, 16, 1, 8, 0, 1, 0, 3
NOTE, 16, 3, 16, 0, 0, 1, 0
NOTE, 16, 1, 4, 1, 0, 0, 1
NOTE, 16, 5, 16, 0, 1, 0, 0
NOTE, 16, 3, 8, 0, 0, 1, 0
NOTE, 16, 7, 16, 1, 0, 0, 0
NOTE, 16, 1, 2, 0, 1, 0, 0
NOTE, 16, 9, 16, 0, 0, 0, 1
NOTE, 16, 5, 8, 0, 0, 1, 0
NOTE, 16, 11, 16, 0, 1, 0, 0
NOTE, 16, 3, 4, 0, 0, 0, 1
NOTE, 16, 13, 16, 1, 0, 0, 0
NOTE, 16, 7, 8, 0, 0, 1, 0
NOTE, 16, 15, 16, 0, 1, 0, 0
NOTE, 17, 0, 1, 1, 0, 0, 2
NOTE, 17, 1, 4, 1, 1, 0, 3
NOTE, 17, 3, 8, 0, 0, 1, 1
NOTE, 17, 5, 8, 1, 0, 0, 1
NOTE, 17, 3, 4, 0, 1, 1, 0
NOTE, 18, 0, 1, 1, 1, 0, 0
NOTE, 18, 1, 8, 0, 0, 1, 0
NOTE, 18, 1, 4, 1, 0, 0, 1
NOTE, 18, 3, 8, 0, 1, 1, 0
NOTE, 18, 5, 8, 0, 0, 1, 2
NOTE, 18, 3, 4, 2, 1, 0, 3
NOTE, 18, 7, 8, 3, 0, 2, 0
NOTE, 19, 0, 1, 2, 0, 3, 1
NOTE, 19, 1, 4, 3, 0, 1, 1
NOTE, 19, 3, 8, 1, 1, 0, 0
NOTE, 19, 5, 8, 0, 0, 1, 0
NOTE, 19, 3, 4, 1, 0, 0, 1
NOTE, 20, 0, 1, 0, 0, 1, 1
NOTE, 20, 1, 8, 0, 1, 0, 0
NOTE, 20, 1, 4, 1, 0, 0, 1
NOTE, 20, 3, 8, 0, 1, 1, 0
NOTE, 20, 1, 2, 1, 0, 0, 1
NOTE, 20, 5, 8, 0, 2, 0, 0
NOTE, 20, 3, 4, 0, 3, 1, 2
NOTE, 20, 7, 8, 2, 0, 0, 3
NOTE, 21, 0, 1, 3, 1, 0, 2
NOTE, 21, 1, 4, 1, 1, 0, 3
NOTE, 21, 3, 8, 0, 0, 1, 1
NOTE, 21, 5, 8, 0, 2, 0, 0
NOTE, 21, 3, 4, 1, 3, 0, 2
NOTE, 21, 7, 8, 0, 0, 2, 3
NOTE, 22, 0, 1, 2, 1, 3, 0
NOTE, 22, 1, 8, 3, 0, 2, 0
NOTE, 22, 1, 4, 2, 0, 3, 1
NOTE, 22, 3, 8, 3, 2, 0, 0
NOTE, 22, 1, 2, 0, 3, 1, 2
NOTE, 22, 5, 8, 0, 2, 0, 3
NOTE, 22, 3, 4, 2, 3, 0, 1
NOTE, 22, 7, 8, 3, 0, 2, 0
NOTE, 23, 0, 1, 1, 2, 3, 0
NOTE, 23, 1, 4, 0, 3, 1, 1
NOTE, 23, 5, 16, 1, 0, 0, 0
NOTE, 23, 3, 8, 0, 1, 0, 0
NOTE, 23, 7, 16, 0, 0, 1, 0
NOTE, 23, 1, 2, 1, 0, 0, 0
NOTE, 23, 9, 16, 0, 0, 0, 1
NOTE, 23, 5, 8, 0, 0, 1, 0
NOTE, 23, 11, 16, 0, 1, 0, 0
NOTE, 23, 3, 4, 0, 0, 0, 1
NOTE, 23, 13, 16, 1, 0, 0, 0
NOTE, 23, 7, 8, 0, 1, 0, 0
NOTE, 23, 15, 16, 0, 0, 1, 0
NOTE, 24, 0, 1, 1, 0, 0, 1
NOTE, 24, 1, 8, 2, 0, 0, 1
NOTE, 24, 3, 8, 3, 0, 1, 2
NOTE, 24, 5, 8, 1, 1, 0, 3
NOTE, 24, 3, 4, 0, 0, 1, 1
NOTE, 24, 13, 16, 1, 0, 0, 0
NOTE, 24, 7, 8, 0, 1, 0, 0
NOTE, 24, 15, 16, 0, 0, 1, 0
NOTE, 25, 0, 1, 1, 0, 0, 1
NOTE, 25, 1, 8, 0, 1, 0, 0
NOTE, 25, 1, 4, 0, 0, 1, 1
NOTE, 25, 3, 8, 1, 1, 0, 0
NOTE, 25, 5, 8, 1, 1, 0, 0
NOTE, 25, 3, 4, 0, 0, 1, 1
NOTE, 25, 7, 8, 0, 1, 0, 0
NOTE, 26, 0, 1, 1, 0, 0, 1
NOTE, 26, 1, 8, 1, 0, 0, 1
NOTE, 26, 1, 4, 0, 1, 1, 0
NOTE, 26, 3, 8, 1, 0, 0, 1
NOTE, 26, 5, 8, 1, 0, 0, 1
NOTE, 26, 3, 4, 0, 1, 1, 0
NOTE, 26, 7, 8, 0, 0, 0, 1
NOTE, 27, 0, 1, 1, 1, 0, 0
NOTE, 27, 1, 8, 0, 0, 1, 0
NOTE, 27, 1, 4, 1, 0, 0, 1
NOTE, 27, 3, 8, 0, 1, 1, 0
NOTE, 27, 5, 8, 0, 1, 1, 0
NOTE, 27, 3, 4, 1, 0, 0, 1
NOTE, 27, 7, 8, 0, 1, 0, 0
NOTE, 28, 0, 1, 0, 0, 1, 1
NOTE, 28, 1, 8, 0, 0, 1, 1
NOTE, 28, 1, 4, 1, 1, 0, 0
NOTE, 28, 3, 8, 0, 0, 1, 1
NOTE, 28, 5, 8, 0, 0, 1, 1
NOTE, 28, 3, 4, 1, 1, 0, 0
NOTE, 28, 7, 8, 0, 0, 1, 0
NOTE, 29, 0, 1, 1, 0, 0, 1
NOTE, 29, 1, 8, 0, 1, 0, 0
NOTE, 29, 1, 4, 0, 0, 1, 0
NOTE, 29, 3, 8, 1, 0, 0, 1
NOTE, 29, 1, 2, 0, 1, 0, 0
NOTE, 29, 5, 8, 0, 0, 1, 1
NOTE, 29, 3, 4, 1, 1, 0, 0
NOTE, 29, 7, 8, 0, 0, 1, 0
NOTE, 30, 0, 1, 1, 0, 0, 1
NOTE, 30, 1, 8, 1, 0, 0, 1
NOTE, 30, 1, 4, 0, 1, 1, 0
NOTE, 30, 3, 8, 1, 0, 0, 1
NOTE, 30, 1, 2, 0, 0, 1, 0
NOTE, 30, 5, 8, 1, 1, 0, 0
NOTE, 30, 3, 4, 0, 0, 1, 1
NOTE, 30, 7, 8, 0, 1, 0, 0
NOTE, 30, 15, 16, 0, 0, 1, 0
NOTE, 31, 0, 1, 1, 0, 0, 1
NOTE, 31, 1, 8, 0, 1, 0, 0
NOTE, 31, 1, 4, 0, 0, 1, 1
NOTE, 31, 3, 8, 0, 1, 0, 0
NOTE, 31, 1, 2, 1, 0, 0, 1
NOTE, 31, 5, 8, 0, 0, 1, 0
NOTE, 31, 3, 4, 1, 1, 0, 0
NOTE, 31, 7, 8, 0, 0, 1, 0
NOTE, 31, 15, 16, 0, 1, 0, 0
NOTE, 32, 0, 1, 1, 0, 0, 1
NOTE, 32, 1, 8, 0, 1, 0, 0
NOTE, 32, 3, 16, 0, 0, 1, 0
NOTE, 32, 1, 4, 1, 0, 0, 1
NOTE, 32, 3, 8, 0, 1, 1, 0
NOTE, 32, 1, 2, 0, 0, 0, 1
NOTE, 32, 5, 8, 1, 1, 0, 0
NOTE, 32, 3, 4, 0, 0, 1, 1
NOTE, 32, 13, 16, 1, 0, 0, 0
NOTE, 32, 7, 8, 0, 1, 0, 0
NOTE, 32, 15, 16, 0, 0, 1, 0
NOTE, 33, 0, 1, 1, 0, 0, 1
NOTE, 33, 1, 8, 0, 1, 0, 0
NOTE, 33, 1, 4, 0, 1, 0, 0
NOTE, 33, 3, 8, 0, 0, 1, 1
NOTE, 33, 1, 2, 1, 0, 0, 0
NOTE, 33, 5, 8, 1, 0, 0, 0
NOTE, 33, 3, 4, 0, 1, 1, 0
NOTE, 33, 7, 8, 0, 0, 0, 1
NOTE, 34, 0, 1, 0, 0, 0, 1
NOTE, 34, 1, 8, 1, 1, 0, 0
NOTE, 34, 1, 4, 0, 0, 1, 0
NOTE, 34, 3, 8, 0, 0, 1, 0
NOTE, 34, 1, 2, 1, 0, 0, 1
NOTE, 34, 5, 8, 0, 1, 0, 0
NOTE, 34, 3, 4, 0, 0, 1, 1
NOTE, 34, 7, 8, 0, 1, 0, 0
NOTE, 35, 0, 1, 1, 0, 0, 1
NOTE, 35, 1, 8, 0, 0, 1, 0
NOTE, 35, 1, 4, 0, 0, 1, 0
NOTE, 35, 3, 8, 1, 1, 0, 0
NOTE, 35, 1, 2, 0, 0, 0, 1
NOTE, 35, 5, 8, 0, 0, 0, 1
NOTE, 35, 3, 4, 0, 1, 1, 0
NOTE, 35, 7, 8, 1, 0, 0, 0
NOTE, 36, 0, 1, 1, 0, 0, 0
NOTE, 36, 1, 8, 0, 0, 1, 1
NOTE, 36, 1, 4, 0, 1, 0, 0
NOTE, 36, 3, 8, 0, 1, 0, 0
NOTE, 36, 1, 2, 1, 0, 0, 1
NOTE, 36, 5, 8, 0, 0, 1, 0
NOTE, 36, 3, 4, 1, 1, 0, 0
NOTE, 36, 7, 8, 0, 0, 1, 0
NOTE, 37, 0, 1, 1, 0, 0, 1
NOTE, 37, 1, 8, 0, 1, 0, 0
NOTE, 37, 1, 4, 0, 1, 0, 0
NOTE, 37, 3, 8, 0, 0, 1, 1
NOTE, 37, 1, 2, 1, 0, 0, 0
NOTE, 37, 5, 8, 1, 0, 0, 0
NOTE, 37, 3, 4, 0, 1, 1, 0
NOTE, 37, 7, 8, 0, 0, 0, 1
NOTE, 38, 0, 1, 0, 0, 0, 1
NOTE, 38, 1, 8, 1, 1, 0, 0
NOTE, 38, 1, 4, 0, 0, 1, 0
NOTE, 38, 3, 8, 0, 0, 1, 0
NOTE, 38, 1, 2, 1, 0, 0, 1
NOTE, 38, 9, 16, 0, 1, 0, 0
NOTE, 38, 5, 8, 0, 0, 1, 0
NOTE, 38, 11, 16, 1, 0, 0, 0
NOTE, 38, 3, 4, 0, 0, 0, 1
NOTE, 38, 13, 16, 0, 0, 1, 0
NOTE, 38, 7, 8, 0, 1, 0, 0
NOTE, 38, 15, 16, 0, 0, 0, 1
NOTE, 39, 0, 1, 2, 0, 1, 0
NOTE, 39, 1, 2, 3, 0, 0, 2
NOTE, 40, 0, 1, 1, 2, 0, 3
NOTE, 40, 1, 2, 0, 3, 2, 0
NOTE, 40, 5, 8, 0, 0, 0, 1
NOTE, 40, 3, 4, 0, 1, 3, 0
NOTE, 41, 0, 1, 1, 0, 0, 1
NOTE, 41, 1, 16, 0, 1, 0, 0
NOTE, 41, 1, 8, 0, 0, 1, 0
NOTE, 41, 3, 16, 1, 0, 0, 0
NOTE, 41, 1, 4, 0, 0, 0, 1
NOTE, 41, 5, 16, 0, 0, 1, 0
NOTE, 41, 3, 8, 1, 1, 0, 0
NOTE, 41, 1, 2, 0, 0, 1, 1
NOTE, 41, 5, 8, 0, 1, 0, 0
NOTE, 41, 3, 4, 1, 0, 0, 1
NOTE, 41, 7, 8, 0, 0, 1, 0
NOTE, 42, 0, 1, 1, 1, 0, 0
NOTE, 42, 1, 16, 0, 0, 0, 1
NOTE, 42, 1, 8, 0, 0, 1, 0
NOTE, 42, 3, 16, 0, 1, 0, 0
NOTE, 42, 1, 4, 0, 0, 0, 1
NOTE, 42, 5, 16, 1, 0, 0, 0
NOTE, 42, 3, 8, 0, 1, 0, 0
NOTE, 42, 1, 2, 0, 0, 1, 1
NOTE, 42, 5, 8, 1, 1, 0, 0
NOTE, 42, 3, 4, 0, 0, 1, 0
NOTE, 42, 7, 8, 1, 0, 0, 1
NOTE, 43, 0, 1, 0, 1, 0, 1
NOTE, 43, 1, 16, 0, 0, 1, 0
NOTE, 43, 1, 8, 1, 0, 0, 0
NOTE, 43, 3, 16, 0, 1, 0, 0
NOTE, 43, 1, 4, 0, 0, 1, 1
NOTE, 43, 3, 8, 1, 1, 0, 0
NOTE, 43, 1, 2, 1, 0, 0, 1
NOTE, 43, 5, 8, 0, 0, 1, 0
NOTE, 43, 3, 4, 2, 1, 0, 0
NOTE, 44, 0, 1, 3, 0, 1, 2
NOTE, 44, 1, 4, 0, 1, 0, 3
NOTE, 44, 3, 8, 0, 0, 1, 0
NOTE, 44, 7, 16, 1, 0, 0, 0
NOTE, 44, 1, 2, 0, 1, 0, 1
NOTE, 44, 9, 16, 0, 0, 1, 0
NOTE, 44, 5, 8, 1, 0, 0, 0
NOTE, 44, 11, 16, 0, 0, 0, 1
NOTE, 44, 3, 4, 1, 0, 1, 0
NOTE, 44, 7, 8, 0, 1, 0, 0
NOTE, 45, 0, 1, 0, 0, 1, 1
NOTE, 45, 1, 16, 1, 0, 0, 0
NOTE, 45, 1, 8, 0, 1, 0, 0
NOTE, 45, 3, 16, 0, 0, 1, 0
NOTE, 45, 1, 4, 1, 0, 0, 0
NOTE, 45, 5, 16, 0, 0, 0, 1
NOTE, 45, 3, 8, 0, 1, 0, 0
NOTE, 45, 1, 2, 0, 0, 1, 0
NOTE, 45, 9, 16, 1, 0, 0, 0
NOTE, 45, 5, 8, 0, 0, 0, 1
NOTE, 45, 3, 4, 0, 1, 0, 0
NOTE, 45, 7, 8, 0, 0, 1, 1
NOTE, 46, 0, 1, 1, 1, 0, 0
NOTE, 46, 1, 16, 0, 0, 0, 1
NOTE, 46, 1, 8, 0, 0, 1, 0
NOTE, 46, 3, 16, 0, 1, 0, 0
NOTE, 46, 1, 4, 1, 0, 0, 1
NOTE, 46, 3, 8, 0, 0, 1, 0
NOTE, 46, 1, 2, 1, 1, 0, 0
NOTE, 46, 5, 8, 0, 0, 1, 0
NOTE, 46, 3, 4, 2, 0, 0, 1
NOTE, 47, 0, 1, 3, 0, 1, 2
NOTE, 47, 1, 8, 0, 1, 0, 0
NOTE, 47, 1, 4, 0, 2, 0, 3
NOTE, 47, 1, 2, 0, 3, 2, 0
NOTE, 47, 3, 4, 2, 0, 3, 0
NOTE, 47, 7, 8, 0, 1, 0, 0
NOTE, 48, 0, 1, 3, 0, 0, 2
NOTE, 48, 1, 8, 0, 0, 1, 0
NOTE, 48, 1, 4, 1, 1, 0, 3
NOTE, 48, 3, 8, 0, 0, 1, 1
NOTE, 48, 1, 2, 2, 1, 0, 0
NOTE, 48, 3, 4, 3, 0, 1, 1
NOTE, 48, 13, 16, 0, 1, 0, 0
NOTE, 48, 7, 8, 0, 0, 0, 1
NOTE, 48, 15, 16, 0, 0, 1, 0
NOTE, 49, 0, 1, 1, 1, 0, 0
NOTE, 49, 1, 8, 0, 0, 1, 1
NOTE, 49, 1, 4, 2, 0, 0, 0
NOTE, 50, 0, 1, 3, 0, 0, 0
NOTE, 50, 1, 4, 3, 3, 1, 1
NOTE, 50, 3, 8, 11_4, 0, 0, 0
NOTE, 50, 1, 2, 1, 3, 3, 1
NOTE, 50, 5, 8, 11_4, 0, 0, 0
NOTE, 50, 3, 4, 1, 1, 3, 3
NOTE, 50, 7, 8, 11_4, 0, 0, 0
NOTE, 51, 0, 1, 2, 3, 3, 1
NOTE, 51, 1, 4, 3, 0, 2, 0
NOTE, 51, 3, 8, 0, 0, 3, 2
NOTE, 51, 1, 2, 2, 1, 0, 3
NOTE, 51, 5, 8, 3, 0, 2, 0
NOTE, 51, 3, 4, 0, 2, 3, 0
NOTE, 51, 7, 8, 0, 3, 0, 2
NOTE, 52, 0, 1, 1, 0, 1, 3
NOTE, 52, 1, 16, 0, 1, 0, 0
NOTE, 52, 1, 8, 0, 0, 1, 0
NOTE, 52, 3, 16, 1, 0, 0, 0
NOTE, 52, 1, 4, 0, 1, 0, 0
NOTE, 52, 5, 16, 0, 0, 0, 1
NOTE, 52, 3, 8, 0, 0, 1, 0
NOTE, 52, 7, 16, 1, 0, 0, 0
NOTE, 52, 1, 2, 0, 1, 0, 0
NOTE, 52, 9, 16, 0, 0, 1, 0
NOTE, 52, 5, 8, 0, 0, 0, 1
NOTE, 52, 11, 16, 1, 0, 0, 0
NOTE, 52, 3, 4, 0, 0, 1, 0
NOTE, 52, 13, 16, 0, 1, 0, 0
NOTE, 52, 7, 8, 1, 0, 0, 0
NOTE, 52, 15, 16, 0, 0, 1, 0
NOTE, 53, 0, 1, 0, 1, 0, 2
NOTE, 53, 1, 8, 2, 0, 0, 3
NOTE, 53, 1, 4, 3, 0, 2, 0
NOTE, 53, 3, 8, 0, 2, 3, 0
NOTE, 53, 1, 2, 0, 3, 0, 2
NOTE, 53, 5, 8, 2, 0, 0, 3
NOTE, 53, 3, 4, 3, 0, 1, 1
NOTE, 53, 13, 16, 0, 1, 0, 0
NOTE, 53, 7, 8, 1, 0, 0, 0
NOTE, 54, 0, 1, 0, 1, 1, 0
NOTE, 54, 1, 8, 0, 0, 0, 1
NOTE, 54, 3, 16, 0, 0, 1, 0
NOTE, 54, 1, 4, 1, 1, 0, 0
NOTE, 54, 3, 8, 0, 0, 1, 2
NOTE, 54, 5, 8, 2, 1, 0, 3
NOTE, 54, 7, 8, 3, 0, 2, 1
NOTE, 55, 1, 8, 0, 1, 3, 0
NOTE, 55, 1, 4, 1, 0, 0, 1
NOTE, 55, 3, 8, 0, 0, 1, 0
NOTE, 55, 7, 16, 0, 1, 0, 0
NOTE, 55, 1, 2, 1, 0, 0, 1
NOTE, 55, 9, 16, 0, 0, 1, 0
NOTE, 55, 5, 8, 0, 1, 0, 0
NOTE, 55, 11, 16, 1, 0, 0, 0
NOTE, 55, 3, 4, 0, 0, 0, 1
NOTE, 55, 13, 16, 0, 0, 1, 0
NOTE, 55, 7, 8, 0, 1, 0, 0
NOTE, 55, 15, 16, 1, 0, 0, 0
NOTE, 56, 0, 1, 11_4, 0, 0, 0
NOTE, 57, 7, 8, 1, 2, 0, 0
NOTE, 58, 1, 8, 0, 3, 2, 0
NOTE, 58, 1, 4, 2, 0, 3, 1
NOTE, 58, 3, 8, 3, 0, 0, 2
NOTE, 58, 1, 2, 0, 2, 1, 3
NOTE, 58, 5, 8, 0, 3, 0, 2
NOTE, 58, 3, 4, 2, 0, 0, 3
NOTE, 58, 7, 8, 3, 0, 2, 1
NOTE, 59, 1, 8, 0, 2, 3, 0
NOTE, 59, 1, 4, 1, 3, 0, 2
NOTE, 59, 3, 8, 2, 0, 0, 3
NOTE, 59, 1, 2, 3, 1, 2, 0
NOTE, 59, 5, 8, 2, 0, 3, 0
NOTE, 59, 3, 4, 3, 0, 0, 2
NOTE, 59, 7, 8, 1, 2, 0, 3
NOTE, 60, 1, 8, 0, 3, 0, 2
NOTE, 60, 1, 4, 2, 0, 1, 3
NOTE, 60, 3, 8, 3, 0, 2, 0
NOTE, 60, 1, 2, 2, 1, 3, 0
NOTE, 60, 5, 8, 3, 0, 0, 2
NOTE, 60, 3, 4, 0, 2, 0, 3
NOTE, 60, 7, 8, 0, 3, 1, 1
NOTE, 61, 1, 8, 1, 1, 1, 1
NOTE, 61, 3, 8, 1, 1, 1, 1
NOTE, 61, 5, 8, 1, 1, 1, 1
NOTE, 61, 7, 8, 0, 0, 1, 2
NOTE, 62, 1, 8, 1, 1, 0, 3
NOTE, 62, 1, 4, 2, 0, 0, 1
NOTE, 62, 3, 8, 3, 0, 2, 0
NOTE, 62, 1, 2, 0, 2, 3, 0
NOTE, 62, 5, 8, 0, 3, 0, 2
NOTE, 62, 3, 4, 1, 0, 1, 3
NOTE, 62, 7, 8, 2, 1, 0, 0
NOTE, 63, 1, 8, 3, 0, 1, 1
NOTE, 63, 1, 4, 1, 0, 0, 1
NOTE, 63, 3, 8, 0, 1, 0, 0
NOTE, 63, 7, 16, 0, 0, 1, 0
NOTE, 63, 1, 2, 1, 0, 0, 1
NOTE, 63, 5, 8, 0, 1, 1, 0
NOTE, 63, 3, 4, 1, 0, 0, 1
NOTE, 63, 7, 8, 0, 0, 1, 0
NOTE, 63, 15, 16, 0, 1, 0, 0
NOTE, 64, 0, 1, 1, 0, 0, 1
NOTE, 64, 1, 8, 0, 0, 1, 0
NOTE, 64, 3, 16, 0, 1, 0, 0
NOTE, 64, 1, 4, 1, 0, 0, 1
NOTE, 64, 5, 16, 0, 0, 1, 0
NOTE, 64, 3, 8, 1, 1, 0, 0
NOTE, 64, 1, 2, 0, 0, 1, 1
NOTE, 64, 5, 8, 1, 0, 0, 0
NOTE, 64, 11, 16, 0, 1, 0, 0
NOTE, 64, 3, 4, 0, 0, 1, 1
NOTE, 64, 7, 8, 2, 1, 0, 0
NOTE, 65, 1, 8, 3, 0, 0, 1
NOTE, 65, 3, 16, 0, 0, 1, 0
NOTE, 65, 1, 4, 1, 1, 0, 0
NOTE, 65, 3, 8, 1, 1, 0, 0
NOTE, 65, 1, 2, 0, 0, 1, 1
NOTE, 65, 5, 8, 0, 1, 0, 0
NOTE, 65, 11, 16, 0, 0, 1, 0
NOTE, 65, 3, 4, 1, 0, 0, 1
NOTE, 65, 13, 16, 0, 1, 0, 0
NOTE, 65, 7, 8, 0, 0, 1, 0
NOTE, 65, 15, 16, 0, 0, 0, 1
NOTE, 66, 0, 1, 1, 1, 0, 0
NOTE, 66, 1, 8, 0, 0, 1, 0
NOTE, 66, 1, 4, 1, 0, 0, 1
NOTE, 66, 3, 8, 0, 1, 0, 0
NOTE, 66, 1, 2, 0, 0, 1, 1
NOTE, 66, 5, 8, 0, 1, 0, 0
NOTE, 66, 3, 4, 1, 0, 0, 1
NOTE, 66, 7, 8, 0, 0, 1, 0
NOTE, 67, 0, 1, 1, 1, 0, 0
NOTE, 67, 1, 8, 0, 0, 0, 1
NOTE, 67, 1, 4, 1, 0, 1, 0
NOTE, 67, 3, 8, 0, 1, 0, 0
NOTE, 67, 1, 2, 0, 0, 1, 1
NOTE, 67, 5, 8, 1, 0, 0, 0
NOTE, 67, 3, 4, 0, 1, 0, 1
NOTE, 67, 7, 8, 0, 0, 1, 0
NOTE, 67, 15, 16, 0, 1, 0, 0
NOTE, 68, 0, 1, 1, 0, 0, 1
NOTE, 68, 1, 16, 0, 0, 1, 0
NOTE, 68, 1, 8, 0, 1, 0, 0
NOTE, 68, 3, 16, 1, 0, 0, 0
NOTE, 68, 1, 4, 0, 0, 1, 1
NOTE, 68, 3, 8, 2, 1, 0, 0
NOTE, 68, 5, 8, 3, 0, 1, 2
NOTE, 68, 7, 8, 1, 2, 0, 3
NOTE, 69, 1, 8, 0, 3, 1, 1
NOTE, 69, 1, 4, 1, 1, 0, 0
NOTE, 69, 3, 8, 0, 0, 1, 0
NOTE, 69, 7, 16, 0, 1, 0, 0
NOTE, 69, 1, 2, 1, 0, 0, 1
NOTE, 69, 9, 16, 0, 0, 1, 0
NOTE, 69, 5, 8, 0, 1, 0, 0
NOTE, 69, 11, 16, 0, 0, 0, 1
NOTE, 69, 3, 4, 1, 0, 0, 0
NOTE, 69, 13, 16, 0, 1, 0, 0
NOTE, 69, 7, 8, 0, 0, 1, 0
NOTE, 69, 15, 16, 1, 0, 0, 0
NOTE, 70, 0, 1, 0, 1, 0, 2
NOTE, 70, 1, 8, 2, 0, 0, 3
NOTE, 70, 1, 4, 3, 1, 1, 0
NOTE, 70, 3, 8, 0, 0, 0, 1
NOTE, 70, 1, 2, 2, 1, 0, 0
NOTE, 70, 5, 8, 3, 0, 0, 2
NOTE, 70, 3, 4, 0, 0, 2, 3
NOTE, 70, 7, 8, 1, 2, 3, 0
NOTE, 71, 1, 8, 0, 3, 1, 1
NOTE, 71, 1, 4, 2, 1, 0, 0
NOTE, 71, 1, 2, 3, 0, 1, 1
NOTE, 71, 5, 8, 1, 1, 0, 0
NOTE, 71, 11, 16, 0, 0, 0, 1
NOTE, 71, 3, 4, 0, 0, 1, 0
NOTE, 71, 13, 16, 1, 0, 0, 0
NOTE, 71, 7, 8, 0, 1, 0, 0
NOTE, 71, 15, 16, 0, 0, 1, 0
NOTE, 72, 0, 1, 1, 0, 0, 1
NOTE, 72, 1, 8, 0, 2, 0, 0
NOTE, 72, 1, 4, 0, 3, 1, 2
NOTE, 72, 3, 8, 2, 0, 0, 3
NOTE, 72, 1, 2, 3, 1, 2, 0
NOTE, 72, 5, 8, 2, 0, 3, 0
NOTE, 72, 3, 4, 3, 0, 1, 2
NOTE, 72, 7, 8, 0, 2, 0, 3
NOTE, 73, 0, 1, 1, 3, 0, 2
NOTE, 73, 1, 8, 1, 0, 1, 3
NOTE, 73, 1, 4, 0, 1, 0, 1
NOTE, 73, 3, 8, 0, 0, 1, 0
NOTE, 73, 1, 2, 1, 1, 0, 0
NOTE, 73, 9, 16, 0, 0, 0, 1
NOTE, 73, 5, 8, 0, 0, 1, 0
NOTE, 73, 11, 16, 0, 1, 0, 0
NOTE, 73, 3, 4, 0, 0, 0, 1
NOTE, 73, 13, 16, 1, 0, 0, 0
NOTE, 73, 7, 8, 0, 1, 0, 0
NOTE, 73, 15, 16, 0, 0, 1, 0
NOTE, 74, 0, 1, 2, 0, 0, 0
NOTE, 74, 1, 4, 3, 0, 1, 1
NOTE, 74, 3, 8, 0, 0, 0, 1
NOTE, 74, 1, 2, 1, 1, 0, 0
NOTE, 74, 5, 8, 0, 0, 1, 1
NOTE, 74, 3, 4, 0, 1, 0, 0
NOTE, 74, 13, 16, 0, 0, 1, 0
NOTE, 74, 7, 8, 1, 0, 0, 1
NOTE, 75, 0, 1, 0, 1, 0, 0
NOTE, 75, 1, 8, 0, 0, 1, 1
NOTE, 75, 1, 4, 1, 0, 0, 0
NOTE, 75, 5, 16, 0, 1, 0, 0
NOTE, 75, 3, 8, 0, 0, 1, 1
NOTE, 75, 1, 2, 0, 1, 0, 0
NOTE, 75, 5, 8, 1, 0, 0, 1
NOTE, 75, 3, 4, 0, 0, 1, 0
NOTE, 75, 13, 16, 0, 1, 0, 0
NOTE, 75, 7, 8, 1, 0, 0, 1
NOTE, 76, 0, 1, 0, 0, 1, 0
NOTE, 76, 1, 8, 1, 1, 0, 0
NOTE, 76, 1, 4, 0, 0, 1, 0
NOTE, 76, 3, 8, 1, 0, 0, 1
NOTE, 76, 1, 2, 0, 1, 0, 0
NOTE, 76, 5, 8, 0, 0, 1, 1
NOTE, 76, 11, 16, 1, 0, 0, 0
NOTE, 76, 3, 4, 0, 1, 0, 0
NOTE, 76, 13, 16, 0, 0, 1, 0
NOTE, 76, 7, 8, 1, 0, 0, 2
NOTE, 77, 1, 8, 0, 2, 1, 3
NOTE, 77, 3, 8, 1, 3, 2, 0
NOTE, 77, 5, 8, 2, 0, 3, 1
NOTE, 77, 7, 8, 3, 1, 0, 2
NOTE, 78, 1, 8, 2, 0, 1, 3
NOTE, 78, 1, 4, 3, 2, 0, 0
NOTE, 78, 3, 8, 0, 3, 0, 2
NOTE, 78, 1, 2, 0, 0, 2, 3
NOTE, 78, 5, 8, 2, 0, 3, 0
NOTE, 78, 3, 4, 3, 1, 0, 1
NOTE, 78, 7, 8, 1, 0, 0, 2
NOTE, 79, 1, 8, 0, 1, 0, 3
NOTE, 79, 1, 4, 1, 0, 0, 1
NOTE, 79, 3, 8, 0, 0, 1, 0
NOTE, 79, 1, 2, 2, 1, 0, 0
NOTE, 79, 5, 8, 3, 0, 2, 0
NOTE, 79, 3, 4, 0, 2, 3, 0
NOTE, 79, 7, 8, 0, 3, 0, 2
NOTE, 80, 0, 1, 1, 1, 0, 3
NOTE, 80, 1, 16, 0, 0, 1, 0
NOTE, 80, 1, 8, 0, 0, 0, 1
NOTE, 80, 3, 16, 0, 1, 0, 0
NOTE, 80, 1, 4, 0, 0, 1, 0
NOTE, 80, 5, 16, 1, 0, 0, 0
NOTE, 80, 3, 8, 0, 0, 0, 1
NOTE, 80, 7, 16, 0, 0, 1, 0
NOTE, 80, 1, 2, 0, 1, 0, 0
NOTE, 80, 9, 16, 0, 0, 0, 1
NOTE, 80, 5, 8, 1, 0, 0, 0
NOTE, 80, 11, 16, 0, 1, 0, 0
NOTE, 80, 3, 4, 0, 0, 1, 1
NOTE, 80, 7, 8, 2, 1, 0, 0
NOTE, 81, 1, 8, 3, 0, 1, 0
NOTE, 81, 3, 16, 0, 1, 0, 0
NOTE, 81, 1, 4, 1, 0, 0, 1
NOTE, 81, 3, 8, 0, 0, 1, 0
NOTE, 81, 7, 16, 0, 1, 0, 0
NOTE, 81, 1, 2, 1, 0, 0, 1
NOTE, 81, 5, 8, 0, 0, 1, 0
NOTE, 81, 11, 16, 0, 1, 0, 0
NOTE, 81, 3, 4, 0, 0, 0, 1
NOTE, 81, 13, 16, 1, 0, 0, 0
NOTE, 81, 7, 8, 0, 1, 0, 0
NOTE, 81, 15, 16, 0, 0, 1, 0
NOTE, 82, 0, 1, 1, 0, 0, 1
NOTE, 82, 1, 16, 0, 0, 1, 0
NOTE, 82, 1, 8, 0, 1, 0, 0
NOTE, 82, 3, 16, 0, 0, 0, 1
NOTE, 82, 1, 4, 2, 0, 1, 0
NOTE, 82, 1, 2, 3, 1, 0, 1
NOTE, 82, 5, 8, 0, 0, 1, 0
NOTE, 82, 11, 16, 0, 1, 0, 0
NOTE, 82, 3, 4, 1, 0, 0, 1
NOTE, 82, 7, 8, 0, 0, 1, 2
NOTE, 83, 1, 8, 0, 1, 0, 3
NOTE, 83, 3, 16, 0, 0, 1, 0
NOTE, 83, 1, 4, 1, 0, 0, 1
NOTE, 83, 3, 8, 0, 1, 0, 0
NOTE, 83, 1, 2, 0, 0, 1, 1
NOTE, 83, 5, 8, 1, 0, 0, 0
NOTE, 83, 11, 16, 0, 1, 0, 0
NOTE, 83, 3, 4, 0, 0, 1, 0
NOTE, 83, 13, 16, 0, 0, 0, 1
NOTE, 83, 7, 8, 0, 1, 0, 0
NOTE, 83, 15, 16, 1, 0, 0, 0
NOTE, 84, 0, 1, 0, 0, 1, 1
NOTE, 84, 1, 8, 1, 1, 0, 0
NOTE, 84, 1, 4, 0, 0, 1, 0
NOTE, 84, 3, 8, 1, 0, 0, 2
NOTE, 84, 5, 8, 0, 2, 1, 3
NOTE, 84, 7, 8, 1, 3, 2, 0
NOTE, 85, 1, 8, 1, 0, 3, 0
NOTE, 85, 3, 16, 0, 1, 0, 0
NOTE, 85, 1, 4, 0, 0, 1, 1
NOTE, 85, 3, 8, 1, 1, 0, 0
NOTE, 85, 1, 2, 0, 0, 1, 0
NOTE, 85, 5, 8, 1, 0, 0, 1
NOTE, 85, 11, 16, 0, 1, 0, 0
NOTE, 85, 3, 4, 0, 0, 1, 0
NOTE, 85, 13, 16, 1, 0, 0, 0
NOTE, 85, 7, 8, 0, 0, 0, 1
NOTE, 85, 15, 16, 0, 0, 1, 0
NOTE, 86, 0, 1, 1, 1, 0, 0
NOTE, 86, 1, 6, 0, 0, 1, 1
NOTE, 86, 1, 3, 1, 1, 0, 0
NOTE, 86, 1, 2, 1, 0, 0, 1
NOTE, 86, 2, 3, 0, 1, 1, 0
NOTE, 86, 5, 6, 1, 0, 0, 1
NOTE, 87, 0, 1, 0, 0, 1, 1
NOTE, 87, 1, 12, 1, 0, 0, 0
NOTE, 87, 1, 6, 0, 1, 0, 0
NOTE, 87, 1, 4, 0, 0, 1, 0
NOTE, 87, 1, 3, 1, 0, 0, 1
NOTE, 87, 5, 12, 0, 1, 0, 0
NOTE, 87, 1, 2, 0, 0, 1, 0
NOTE, 87, 7, 12, 0, 0, 0, 1
NOTE, 87, 2, 3, 1, 1, 0, 0
NOTE, 87, 3, 4, 0, 0, 0, 1
NOTE, 87, 13, 16, 0, 0, 1, 0
NOTE, 87, 7, 8, 0, 1, 0, 0
NOTE, 87, 15, 16, 1, 0, 0, 0
NOTE, 88, 0, 1, 0, 0, 1, 2
NOTE, 88, 1, 2, 0, 2, 0, 3
NOTE, 89, 0, 1, 0, 3, 2, 0
NOTE, 89, 3, 8, 2, 0, 3, 0
NOTE, 89, 5, 8, 3, 0, 0, 1
NOTE, 89, 11, 16, 0, 0, 1, 0
NOTE, 89, 3, 4, 1, 2, 0, 0
NOTE, 90, 0, 1, 0, 3, 0, 2
NOTE, 90, 3, 4, 2, 0, 0, 3
NOTE, 91, 5, 8, 3, 0, 1, 1
NOTE, 91, 7, 8, 11_4, 0, 0, 0
NOTE, 91, 11, 12, 11_4, 0, 0, 0
NOTE, 91, 23, 24, 11_4, 0, 0, 0
NOTE, 92, 0, 1, 11_4, 0, 0, 0
NOTE, 92, 1, 24, 11_4, 0, 0, 0
NOTE, 92, 1, 12, 11_4, 0, 0, 0
NOTE, 92, 1, 8, 11_4, 0, 0, 0
NOTE, 92, 1, 6, 11_4, 0, 0, 0
NOTE, 92, 5, 24, 11_4, 0, 0, 0
NOTE, 92, 1, 4, 11_4, 0, 0, 0
NOTE, 92, 7, 24, 11_4, 0, 0, 0
NOTE, 92, 1, 3, 11_4, 0, 0, 0
NOTE, 92, 3, 8, 11_4, 0, 0, 0
NOTE, 92, 5, 12, 11_4, 0, 0, 0
NOTE, 92, 11, 24, 11_4, 0, 0, 0
NOTE, 92, 1, 2, 11_4, 0, 0, 0
NOTE, 92, 13, 24, 11_4, 0, 0, 0
NOTE, 92, 7, 12, 11_4, 0, 0, 0
NOTE, 92, 5, 8, 11_4, 0, 0, 0
NOTE, 92, 2, 3, 11_4, 0, 0, 0
NOTE, 92, 17, 24, 11_4, 0, 0, 0
NOTE, 92, 3, 4, 11_4, 0, 0, 0
NOTE, 92, 19, 24, 11_4, 0, 0, 0
NOTE, 92, 5, 6, 11_4, 0, 0, 0
NOTE, 92, 7, 8, 11_4, 0, 0, 0
NOTE, 92, 11, 12, 11_4, 0, 0, 0
NOTE, 92, 23, 24, 11_4, 0, 0, 0
NOTE, 93, 0, 1, 11_4, 0, 0, 0
NOTE, 93, 1, 24, 11_4, 0, 0, 0
NOTE, 93, 1, 12, 11_4, 0, 0, 0
NOTE, 93, 1, 8, 11_4, 0, 0, 0
NOTE, 93, 1, 6, 11_4, 0, 0, 0
NOTE, 93, 5, 24, 11_4, 0, 0, 0
NOTE, 93, 1, 4, 11_4, 0, 0, 0
NOTE, 93, 7, 24, 11_4, 0, 0, 0
NOTE, 93, 1, 3, 11_4, 0, 0, 0
NOTE, 93, 3, 8, 11_4, 0, 0, 0
NOTE, 93, 5, 12, 11_4, 0, 0, 0
NOTE, 93, 11, 24, 11_4, 0, 0, 0
NOTE, 93, 1, 2, 11_4, 0, 0, 0
NOTE, 93, 13, 24, 11_4, 0, 0, 0
NOTE, 93, 7, 12, 11_4, 0, 0, 0
NOTE, 93, 5, 8, 11_4, 0, 0, 0
NOTE, 93, 7, 8, 0, 0, 1, 2
NOTE, 94, 1, 8, 2, 0, 0, 3
NOTE, 94, 1, 4, 3, 1, 2, 0
NOTE, 94, 3, 8, 2, 0, 3, 0
NOTE, 94, 1, 2, 3, 0, 2, 1
NOTE, 94, 5, 8, 0, 2, 3, 0
NOTE, 94, 3, 4, 0, 3, 0, 2
NOTE, 94, 7, 8, 2, 0, 1, 3
NOTE, 95, 1, 8, 3, 2, 0, 0
NOTE, 95, 1, 4, 0, 3, 1, 2
NOTE, 95, 3, 8, 2, 0, 0, 3
NOTE, 95, 1, 2, 3, 1, 2, 0
NOTE, 95, 5, 8, 2, 0, 3, 0
NOTE, 95, 3, 4, 3, 2, 0, 0
NOTE, 95, 7, 8, 0, 3, 1, 2
NOTE, 96, 1, 8, 2, 0, 0, 3
NOTE, 96, 1, 4, 3, 1, 2, 0
NOTE, 96, 3, 8, 0, 0, 3, 2
NOTE, 96, 1, 2, 2, 1, 0, 3
NOTE, 96, 5, 8, 3, 0, 0, 2
NOTE, 96, 3, 4, 0, 0, 2, 3
NOTE, 96, 7, 8, 2, 1, 3, 0
NOTE, 97, 1, 8, 3, 0, 1, 0
NOTE, 97, 3, 16, 0, 1, 0, 0
NOTE, 97, 1, 4, 1, 0, 0, 1
NOTE, 97, 5, 16, 0, 0, 1, 0
NOTE, 97, 3, 8, 0, 1, 0, 0
NOTE, 97, 7, 16, 0, 0, 0, 1
NOTE, 97, 1, 2, 1, 0, 0, 0
NOTE, 97, 9, 16, 0, 0, 1, 0
NOTE, 97, 5, 8, 0, 1, 0, 0
NOTE, 97, 11, 16, 0, 0, 0, 1
NOTE, 97, 3, 4, 1, 0, 0, 0
NOTE, 97, 13, 16, 0, 1, 0, 0
NOTE, 97, 7, 8, 0, 0, 1, 2
NOTE, 98, 1, 8, 0, 2, 0, 3
NOTE, 98, 1, 4, 2, 3, 1, 0
NOTE, 98, 3, 8, 3, 0, 0, 2
NOTE, 98, 1, 2, 1, 2, 0, 3
NOTE, 98, 5, 8, 0, 3, 0, 2
NOTE, 98, 3, 4, 0, 0, 2, 3
NOTE, 98, 7, 8, 2, 1, 3, 0
NOTE, 99, 1, 8, 3, 0, 0, 2
NOTE, 99, 1, 4, 0, 2, 1, 3
NOTE, 99, 3, 8, 0, 3, 0, 2
NOTE, 99, 1, 2, 2, 1, 0, 3
NOTE, 99, 5, 8, 3, 0, 2, 0
NOTE, 99, 3, 4, 0, 2, 3, 0
NOTE, 99, 7, 8, 0, 3, 1, 2
NOTE, 100, 1, 8, 2, 0, 0, 3
NOTE, 100, 1, 4, 3, 1, 2, 0
NOTE, 100, 3, 8, 0, 0, 3, 2
NOTE, 100, 1, 2, 0, 2, 1, 3
NOTE, 100, 5, 8, 2, 3, 0, 0
NOTE, 100, 3, 4, 3, 0, 2, 0
NOTE, 100, 7, 8, 2, 0, 3, 1
NOTE, 101, 1, 8, 3, 0, 1, 0
NOTE, 101, 3, 16, 0, 1, 0, 0
NOTE, 101, 1, 4, 1, 0, 0, 1
NOTE, 101, 5, 16, 0, 0, 1, 0
NOTE, 101, 3, 8, 0, 1, 0, 0
NOTE, 101, 7, 16, 0, 0, 0, 1
NOTE, 101, 1, 2, 0, 0, 1, 0
NOTE, 101, 9, 16, 1, 0, 0, 0
NOTE, 101, 5, 8, 0, 1, 0, 0
NOTE, 101, 11, 16, 0, 0, 1, 0
NOTE, 101, 3, 4, 1, 0, 0, 0
NOTE, 101, 13, 16, 0, 0, 0, 1
NOTE, 101, 7, 8, 0, 1, 0, 0
NOTE, 101, 15, 16, 0, 0, 1, 0
NOTE, 102, 0, 1, 2, 0, 0, 1
NOTE, 102, 1, 4, 3, 0, 1, 1
NOTE, 102, 3, 8, 1, 1, 0, 0
NOTE, 102, 1, 2, 0, 0, 1, 0
NOTE, 102, 5, 8, 0, 0, 0, 1
NOTE, 102, 3, 4, 0, 1, 1, 0
NOTE, 102, 7, 8, 1, 0, 0, 0
NOTE, 103, 0, 1, 0, 1, 0, 0
NOTE, 103, 1, 8, 0, 0, 1, 0
NOTE, 103, 1, 4, 1, 0, 0, 1
NOTE, 103, 3, 8, 0, 1, 1, 0
NOTE, 103, 1, 2, 1, 0, 0, 0
NOTE, 103, 5, 8, 0, 0, 0, 1
NOTE, 103, 3, 4, 0, 2, 1, 0
NOTE, 104, 0, 1, 1, 3, 0, 1
NOTE, 104, 1, 8, 0, 0, 1, 0
NOTE, 104, 1, 4, 1, 1, 0, 0
NOTE, 104, 3, 8, 0, 0, 1, 0
NOTE, 104, 1, 2, 1, 0, 0, 1
NOTE, 104, 5, 8, 0, 1, 0, 0
NOTE, 104, 11, 16, 0, 0, 1, 0
NOTE, 104, 3, 4, 0, 0, 0, 1
NOTE, 104, 13, 16, 1, 0, 0, 0
NOTE, 104, 7, 8, 0, 1, 0, 0
NOTE, 104, 15, 16, 0, 0, 1, 0
NOTE, 105, 0, 1, 1, 0, 0, 1
NOTE, 105, 1, 16, 0, 1, 0, 0
NOTE, 105, 1, 8, 0, 0, 1, 0
NOTE, 105, 3, 16, 1, 0, 0, 0
NOTE, 105, 1, 4, 0, 0, 1, 0
NOTE, 105, 5, 16, 0, 1, 0, 0
NOTE, 105, 3, 8, 0, 0, 0, 1
NOTE, 105, 7, 16, 0, 0, 1, 0
NOTE, 105, 1, 2, 1, 1, 0, 0
NOTE, 105, 5, 8, 0, 0, 1, 1
NOTE, 105, 3, 4, 1, 0, 0, 1
NOTE, 105, 7, 8, 1, 1, 1, 1
