BPM, 200.00
OFFSET, -4.882
KeyMode: 4
SPEED, 1.00
SPEED, 9, 0, 1, 1.00
SPEED, 17, 0, 1, 1.00
SPEED, 37, 0, 1, 1.00
SPEED, 69, 0, 1, 1.00
SPEED, 77, 0, 1, 1.00
SPEED, 100, 0, 1, -1.50
SPEED, 100, 1, 4, -2.95
SPEED, 100, 13, 16, 3.00
SPEED, 100, 7, 8, 1.50
SPEED, 100, 15, 16, 0.50
SPEED, 105, 9, 16, 0.60
SPEED, 105, 5, 8, 0.65
SPEED, 105, 11, 16, 0.70
SPEED, 105, 3, 4, 0.75
SPEED, 105, 13, 16, 0.80
SPEED, 105, 7, 8, 0.85
SPEED, 105, 15, 16, 0.90
SPEED, 106, 0, 1, 0.95
SPEED, 106, 1, 16, 1.00
SPEED, 106, 1, 8, 1.05
SPEED, 106, 3, 16, 1.10
SPEED, 106, 1, 4, 1.15
SPEED, 109, 0, 1, 3.00
SPEED, 109, 1, 4, 2.00
SPEED, 109, 5, 16, 0.00
SPEED, 109, 7, 16, 1.00
SPEED, 113, 5, 8, 1.30
SPEED, 114, 17, 24, 1.00
SPEED, 133, 0, 1, 1.00
SPEED, 171, 0, 1, 1.00
SPEED, 173, 0, 1, 1.00
SPEED, 187, 0, 1, 1.00
SPEED, 189, 0, 1, 1.00
SPEED, 201, 0, 1, 1.00
SPEED, 229, 0, 1, 1.00
SPEED, 230, 0, 1, 1.00
SPEED, 231, 0, 1, 1.00
SPEED, 232, 0, 1, 1.00
SPEED, 233, 0, 1, 1.00
NOTE, 0, 1, 2, 0, 0, 0, 1
NOTE, 0, 5, 8, 1, 0, 0, 0
NOTE, 0, 3, 4, 0, 0, 1, 0
NOTE, 0, 7, 8, 0, 1, 0, 0
NOTE, 1, 0, 1, 1, 0, 0, 1
NOTE, 1, 1, 8, 0, 0, 1, 0
NOTE, 1, 1, 4, 0, 1, 0, 1
NOTE, 1, 3, 8, 0, 0, 1, 0
NOTE, 1, 1, 2, 1, 0, 0, 0
NOTE, 1, 5, 8, 0, 1, 0, 0
NOTE, 1, 3, 4, 0, 0, 1, 0
NOTE, 1, 7, 8, 0, 1, 0, 0
NOTE, 2, 0, 1, 2, 0, 0, 1
NOTE, 2, 1, 8, 0, 1, 0, 0
NOTE, 2, 1, 4, 3, 0, 1, 0
NOTE, 2, 3, 8, 0, 1, 0, 0
NOTE, 2, 1, 2, 0, 0, 0, 1
NOTE, 2, 5, 8, 0, 0, 1, 0
NOTE, 2, 3, 4, 0, 1, 0, 0
NOTE, 2, 7, 8, 0, 0, 0, 1
NOTE, 3, 0, 1, 1, 0, 2, 0
NOTE, 3, 1, 8, 0, 1, 0, 0
NOTE, 3, 1, 4, 2, 0, 3, 1
NOTE, 3, 3, 8, 0, 1, 0, 0
NOTE, 3, 1, 2, 3, 0, 1, 2
NOTE, 3, 5, 8, 0, 1, 0, 0
NOTE, 3, 3, 4, 1, 0, 2, 3
NOTE, 3, 7, 8, 0, 1, 0, 0
NOTE, 4, 0, 1, 2, 0, 3, 1
NOTE, 4, 1, 8, 0, 0, 1, 0
NOTE, 4, 1, 4, 3, 1, 0, 0
NOTE, 4, 3, 8, 0, 0, 0, 1
NOTE, 4, 1, 2, 0, 1, 0, 0
NOTE, 4, 5, 8, 0, 0, 0, 1
NOTE, 4, 3, 4, 0, 0, 1, 0
NOTE, 4, 7, 8, 0, 1, 0, 0
NOTE, 5, 0, 1, 1, 0, 0, 2
NOTE, 5, 1, 8, 0, 0, 1, 0
NOTE, 5, 1, 4, 1, 0, 0, 3
NOTE, 5, 3, 8, 0, 1, 0, 0
NOTE, 5, 1, 2, 0, 0, 1, 0
NOTE, 5, 5, 8, 1, 0, 0, 0
NOTE, 5, 3, 4, 0, 1, 0, 0
NOTE, 5, 7, 8, 0, 0, 1, 0
NOTE, 6, 0, 1, 1, 0, 0, 2
NOTE, 6, 1, 8, 0, 0, 1, 3
NOTE, 6, 1, 4, 2, 1, 0, 0
NOTE, 6, 3, 8, 3, 0, 1, 0
NOTE, 6, 1, 2, 2, 0, 0, 1
NOTE, 6, 5, 8, 3, 0, 1, 0
NOTE, 6, 3, 4, 0, 1, 0, 2
NOTE, 6, 7, 8, 1, 0, 0, 3
NOTE, 7, 0, 1, 0, 1, 2, 0
NOTE, 7, 1, 8, 0, 0, 3, 1
NOTE, 7, 1, 4, 2, 1, 0, 0
NOTE, 7, 3, 8, 0, 0, 0, 1
NOTE, 7, 1, 2, 3, 0, 1, 0
NOTE, 7, 5, 8, 0, 0, 0, 1
NOTE, 7, 3, 4, 1, 2, 0, 0
NOTE, 7, 7, 8, 0, 3, 0, 1
NOTE, 8, 0, 1, 1, 0, 0, 2
NOTE, 8, 1, 8, 0, 0, 1, 0
NOTE, 8, 1, 4, 1, 0, 0, 3
NOTE, 8, 3, 8, 0, 0, 1, 0
NOTE, 8, 1, 2, 0, 1, 0, 1
NOTE, 8, 5, 8, 0, 0, 1, 0
NOTE, 8, 3, 4, 1, 1, 0, 0
NOTE, 8, 7, 8, 0, 0, 1, 0
NOTE, 8, 15, 16, 0, 1, 0, 0
NOTE, 9, 0, 1, 1, 0, 0, 2
NOTE, 9, 1, 8, 0, 0, 1, 0
NOTE, 9, 1, 4, 1, 1, 0, 3
NOTE, 9, 3, 8, 0, 0, 1, 0
NOTE, 9, 1, 2, 1, 1, 0, 0
NOTE, 9, 5, 8, 0, 0, 1, 0
NOTE, 9, 3, 4, 1, 0, 0, 1
NOTE, 9, 7, 8, 0, 0, 1, 0
NOTE, 10, 0, 1, 0, 2, 0, 1
NOTE, 10, 1, 8, 0, 0, 1, 0
NOTE, 10, 1, 4, 1, 3, 0, 0
NOTE, 10, 3, 8, 0, 0, 1, 0
NOTE, 10, 1, 2, 1, 0, 0, 1
NOTE, 10, 5, 8, 0, 0, 1, 0
NOTE, 10, 3, 4, 0, 1, 0, 1
NOTE, 10, 7, 8, 1, 0, 0, 0
NOTE, 11, 0, 1, 0, 1, 2, 0
NOTE, 11, 1, 8, 0, 0, 3, 1
NOTE, 11, 1, 4, 2, 1, 0, 0
NOTE, 11, 3, 8, 3, 0, 1, 0
NOTE, 11, 1, 2, 0, 1, 0, 2
NOTE, 11, 5, 8, 1, 0, 0, 3
NOTE, 11, 3, 4, 0, 0, 2, 1
NOTE, 11, 7, 8, 0, 1, 3, 0
NOTE, 12, 0, 1, 2, 0, 1, 0
NOTE, 12, 1, 8, 0, 0, 0, 1
NOTE, 12, 1, 4, 3, 0, 1, 0
NOTE, 12, 3, 8, 0, 1, 0, 0
NOTE, 12, 1, 2, 1, 0, 0, 2
NOTE, 12, 5, 8, 0, 1, 0, 0
NOTE, 12, 3, 4, 0, 0, 1, 3
NOTE, 12, 7, 8, 0, 1, 0, 0
NOTE, 12, 15, 16, 1, 0, 0, 0
NOTE, 13, 0, 1, 0, 0, 1, 1
NOTE, 13, 1, 8, 0, 1, 0, 0
NOTE, 13, 1, 4, 1, 0, 0, 1
NOTE, 13, 3, 8, 0, 0, 1, 0
NOTE, 13, 1, 2, 0, 1, 0, 1
NOTE, 13, 5, 8, 1, 0, 0, 0
NOTE, 13, 3, 4, 0, 1, 0, 1
NOTE, 13, 7, 8, 1, 0, 0, 0
NOTE, 14, 0, 1, 0, 0, 1, 1
NOTE, 14, 1, 8, 1, 0, 0, 0
NOTE, 14, 1, 4, 0, 1, 0, 1
NOTE, 14, 3, 8, 0, 0, 1, 0
NOTE, 14, 1, 2, 1, 0, 0, 1
NOTE, 14, 5, 8, 0, 0, 1, 0
NOTE, 14, 3, 4, 1, 0, 0, 1
NOTE, 14, 7, 8, 0, 1, 0, 0
NOTE, 15, 0, 1, 0, 0, 2, 2
NOTE, 15, 1, 16, 0, 0, 3, 3
NOTE, 15, 1, 8, 0, 1, 0, 0
NOTE, 15, 1, 4, 0, 0, 2, 2
NOTE, 15, 5, 16, 0, 0, 3, 3
NOTE, 15, 3, 8, 1, 0, 0, 0
NOTE, 15, 1, 2, 0, 0, 2, 2
NOTE, 15, 9, 16, 0, 0, 3, 3
NOTE, 15, 5, 8, 0, 1, 0, 0
NOTE, 15, 3, 4, 0, 0, 2, 2
NOTE, 15, 13, 16, 0, 0, 3, 3
NOTE, 15, 7, 8, 1, 0, 0, 0
NOTE, 16, 0, 1, 0, 1, 1, 0
NOTE, 16, 1, 8, 0, 0, 0, 1
NOTE, 16, 1, 4, 1, 0, 1, 0
NOTE, 16, 5, 16, 0, 0, 0, 1
NOTE, 16, 3, 8, 0, 1, 0, 0
NOTE, 16, 7, 16, 1, 0, 0, 0
NOTE, 16, 1, 2, 0, 0, 1, 1
NOTE, 16, 9, 16, 0, 1, 0, 0
NOTE, 16, 5, 8, 1, 0, 0, 0
NOTE, 16, 3, 4, 0, 0, 1, 1
NOTE, 16, 7, 8, 1, 1, 0, 0
NOTE, 17, 0, 1, 1, 0, 1, 0
NOTE, 17, 1, 8, 0, 1, 0, 1
NOTE, 17, 1, 4, 1, 0, 1, 0
NOTE, 17, 3, 8, 0, 1, 1, 0
NOTE, 17, 1, 2, 1, 1, 0, 1
NOTE, 17, 5, 8, 1, 0, 1, 1
NOTE, 17, 3, 4, 1, 1, 1, 0
NOTE, 17, 7, 8, 1, 1, 0, 1
NOTE, 18, 0, 1, 1, 0, 1, 0
NOTE, 18, 1, 8, 1, 1, 0, 0
NOTE, 18, 1, 4, 1, 0, 0, 1
NOTE, 18, 3, 8, 0, 1, 1, 0
NOTE, 18, 1, 2, 1, 0, 0, 1
NOTE, 18, 5, 8, 0, 1, 1, 1
NOTE, 18, 3, 4, 1, 1, 0, 1
NOTE, 18, 7, 8, 1, 0, 1, 1
NOTE, 19, 0, 1, 1, 1, 1, 0
NOTE, 19, 1, 8, 1, 0, 0, 1
NOTE, 19, 1, 4, 0, 1, 1, 0
NOTE, 19, 3, 8, 1, 0, 1, 0
NOTE, 19, 1, 2, 0, 0, 1, 1
NOTE, 19, 5, 8, 1, 0, 1, 1
NOTE, 19, 3, 4, 1, 1, 0, 1
NOTE, 19, 7, 8, 1, 0, 1, 1
NOTE, 20, 0, 1, 1, 1, 0, 0
NOTE, 20, 1, 8, 0, 0, 1, 1
NOTE, 20, 1, 4, 1, 1, 0, 0
NOTE, 20, 3, 8, 1, 0, 1, 0
NOTE, 20, 1, 2, 0, 1, 1, 0
NOTE, 20, 5, 8, 1, 0, 1, 1
NOTE, 20, 3, 4, 0, 1, 1, 1
NOTE, 20, 7, 8, 1, 1, 0, 1
NOTE, 21, 0, 1, 0, 0, 1, 1
NOTE, 21, 1, 8, 1, 1, 0, 0
NOTE, 21, 1, 4, 0, 1, 0, 1
NOTE, 21, 3, 8, 1, 0, 0, 1
NOTE, 21, 1, 2, 1, 0, 1, 0
NOTE, 21, 5, 8, 0, 1, 1, 1
NOTE, 21, 3, 4, 1, 0, 1, 1
NOTE, 21, 7, 8, 1, 1, 0, 1
NOTE, 22, 0, 1, 0, 1, 1, 0
NOTE, 22, 1, 8, 0, 0, 1, 1
NOTE, 22, 1, 4, 0, 1, 0, 1
NOTE, 22, 3, 8, 1, 1, 0, 0
NOTE, 22, 1, 2, 0, 0, 1, 1
NOTE, 22, 5, 8, 1, 1, 0, 1
NOTE, 22, 3, 4, 1, 1, 1, 0
NOTE, 22, 7, 8, 1, 0, 1, 1
NOTE, 23, 0, 1, 0, 1, 1, 0
NOTE, 23, 1, 8, 0, 0, 1, 1
NOTE, 23, 1, 4, 1, 0, 0, 1
NOTE, 23, 3, 8, 1, 1, 0, 0
NOTE, 23, 1, 2, 0, 1, 1, 0
NOTE, 23, 5, 8, 0, 1, 1, 1
NOTE, 23, 3, 4, 1, 1, 0, 1
NOTE, 23, 7, 8, 1, 1, 1, 0
NOTE, 24, 0, 1, 0, 1, 1, 0
NOTE, 24, 1, 8, 1, 0, 1, 0
NOTE, 24, 1, 4, 0, 1, 1, 0
NOTE, 24, 3, 8, 1, 0, 0, 1
NOTE, 24, 1, 2, 1, 0, 1, 0
NOTE, 24, 5, 8, 0, 1, 1, 1
NOTE, 24, 3, 4, 0, 0, 1, 1
NOTE, 24, 13, 16, 1, 1, 0, 0
NOTE, 24, 7, 8, 0, 0, 1, 1
NOTE, 24, 15, 16, 0, 1, 0, 0
NOTE, 25, 0, 1, 1, 0, 0, 1
NOTE, 25, 1, 16, 0, 1, 0, 0
NOTE, 25, 1, 8, 0, 0, 1, 1
NOTE, 25, 3, 16, 1, 0, 0, 0
NOTE, 25, 1, 4, 0, 0, 1, 1
NOTE, 25, 5, 16, 0, 1, 0, 0
NOTE, 25, 3, 8, 1, 0, 0, 1
NOTE, 25, 7, 16, 0, 0, 1, 0
NOTE, 25, 1, 2, 1, 1, 0, 0
NOTE, 25, 9, 16, 0, 0, 0, 1
NOTE, 25, 5, 8, 0, 1, 1, 0
NOTE, 25, 11, 16, 1, 0, 0, 0
NOTE, 25, 3, 4, 0, 1, 1, 0
NOTE, 25, 13, 16, 0, 0, 0, 1
NOTE, 25, 7, 8, 1, 0, 1, 0
NOTE, 25, 15, 16, 0, 1, 0, 0
NOTE, 26, 0, 1, 0, 0, 1, 1
NOTE, 26, 1, 16, 1, 0, 0, 0
NOTE, 26, 1, 8, 0, 1, 1, 0
NOTE, 26, 3, 16, 0, 0, 0, 1
NOTE, 26, 1, 4, 1, 1, 0, 0
NOTE, 26, 5, 16, 0, 0, 1, 0
NOTE, 26, 3, 8, 0, 1, 0, 1
NOTE, 26, 7, 16, 1, 0, 0, 0
NOTE, 26, 1, 2, 0, 0, 1, 1
NOTE, 26, 9, 16, 1, 0, 0, 0
NOTE, 26, 5, 8, 0, 1, 1, 0
NOTE, 26, 11, 16, 0, 0, 0, 1
NOTE, 26, 3, 4, 1, 1, 0, 0
NOTE, 26, 13, 16, 0, 0, 1, 0
NOTE, 26, 7, 8, 1, 0, 0, 1
NOTE, 26, 15, 16, 0, 1, 0, 0
NOTE, 27, 0, 1, 0, 0, 1, 1
NOTE, 27, 1, 16, 1, 0, 0, 0
NOTE, 27, 1, 8, 0, 1, 0, 1
NOTE, 27, 3, 16, 0, 0, 1, 0
NOTE, 27, 1, 4, 1, 0, 0, 1
NOTE, 27, 5, 16, 0, 0, 1, 0
NOTE, 27, 3, 8, 1, 0, 0, 1
NOTE, 27, 7, 16, 0, 1, 0, 0
NOTE, 27, 1, 2, 0, 0, 1, 1
NOTE, 27, 9, 16, 1, 0, 0, 0
NOTE, 27, 5, 8, 0, 1, 1, 0
NOTE, 27, 11, 16, 0, 0, 0, 1
NOTE, 27, 3, 4, 0, 1, 1, 0
NOTE, 27, 13, 16, 1, 0, 0, 0
NOTE, 27, 7, 8, 0, 0, 1, 1
NOTE, 27, 15, 16, 1, 0, 0, 0
NOTE, 28, 0, 1, 0, 1, 0, 1
NOTE, 28, 1, 16, 0, 0, 1, 0
NOTE, 28, 1, 8, 1, 0, 0, 0
NOTE, 28, 3, 16, 0, 0, 0, 1
NOTE, 28, 1, 4, 0, 1, 1, 0
NOTE, 28, 5, 16, 1, 0, 0, 0
NOTE, 28, 3, 8, 0, 1, 0, 1
NOTE, 28, 7, 16, 0, 0, 1, 0
NOTE, 28, 1, 2, 1, 1, 0, 0
NOTE, 28, 9, 16, 0, 0, 0, 1
NOTE, 28, 5, 8, 0, 1, 1, 0
NOTE, 28, 11, 16, 1, 0, 0, 0
NOTE, 28, 3, 4, 0, 1, 0, 1
NOTE, 28, 13, 16, 0, 0, 1, 0
NOTE, 28, 7, 8, 1, 0, 0, 1
NOTE, 28, 15, 16, 0, 1, 0, 0
NOTE, 29, 0, 1, 1, 0, 1, 1
NOTE, 29, 1, 16, 0, 1, 0, 0
NOTE, 29, 1, 8, 0, 0, 1, 0
NOTE, 29, 3, 16, 1, 0, 0, 0
NOTE, 29, 1, 4, 0, 1, 1, 1
NOTE, 29, 5, 16, 1, 0, 0, 0
NOTE, 29, 3, 8, 0, 1, 0, 0
NOTE, 29, 7, 16, 0, 0, 1, 0
NOTE, 29, 1, 2, 1, 1, 0, 1
NOTE, 29, 9, 16, 0, 0, 1, 0
NOTE, 29, 5, 8, 0, 1, 0, 0
NOTE, 29, 11, 16, 0, 0, 0, 1
NOTE, 29, 3, 4, 1, 1, 1, 0
NOTE, 29, 13, 16, 0, 0, 0, 1
NOTE, 29, 7, 8, 1, 0, 0, 0
NOTE, 29, 15, 16, 0, 1, 0, 0
NOTE, 30, 0, 1, 1, 0, 1, 1
NOTE, 30, 1, 16, 0, 1, 0, 0
NOTE, 30, 1, 8, 0, 0, 0, 1
NOTE, 30, 3, 16, 0, 0, 1, 0
NOTE, 30, 1, 4, 1, 1, 0, 1
NOTE, 30, 5, 16, 0, 0, 1, 0
NOTE, 30, 3, 8, 1, 0, 0, 0
NOTE, 30, 7, 16, 0, 1, 0, 0
NOTE, 30, 1, 2, 1, 0, 1, 1
NOTE, 30, 9, 16, 0, 1, 0, 0
NOTE, 30, 5, 8, 0, 0, 1, 0
NOTE, 30, 11, 16, 1, 0, 0, 0
NOTE, 30, 3, 4, 0, 1, 1, 1
NOTE, 30, 13, 16, 1, 0, 0, 0
NOTE, 30, 7, 8, 0, 0, 1, 0
NOTE, 30, 15, 16, 0, 1, 0, 0
NOTE, 31, 0, 1, 0, 0, 0, 1
NOTE, 31, 1, 24, 0, 0, 1, 0
NOTE, 31, 1, 12, 1, 0, 0, 0
NOTE, 31, 1, 8, 0, 1, 0, 0
NOTE, 31, 1, 6, 0, 0, 0, 1
NOTE, 31, 5, 24, 0, 0, 1, 0
NOTE, 31, 1, 4, 1, 0, 0, 0
NOTE, 31, 7, 24, 0, 1, 0, 0
NOTE, 31, 1, 3, 0, 0, 1, 0
NOTE, 31, 3, 8, 0, 0, 0, 1
NOTE, 31, 5, 12, 0, 1, 0, 0
NOTE, 31, 11, 24, 1, 0, 0, 0
NOTE, 31, 1, 2, 0, 0, 0, 1
NOTE, 31, 13, 24, 0, 0, 1, 0
NOTE, 31, 7, 12, 1, 0, 0, 0
NOTE, 31, 5, 8, 0, 1, 0, 0
NOTE, 31, 2, 3, 0, 0, 0, 1
NOTE, 31, 17, 24, 0, 0, 1, 0
NOTE, 31, 3, 4, 1, 0, 0, 0
NOTE, 31, 19, 24, 0, 1, 0, 0
NOTE, 31, 5, 6, 0, 0, 0, 1
NOTE, 31, 7, 8, 0, 0, 1, 0
NOTE, 31, 11, 12, 1, 0, 0, 0
NOTE, 31, 23, 24, 0, 1, 0, 0
NOTE, 32, 0, 1, 0, 0, 2, 2
NOTE, 32, 17, 24, 0, 0, 3, 3
NOTE, 33, 0, 1, 2, 2, 0, 0
NOTE, 33, 5, 8, 0, 0, 0, 1
NOTE, 33, 3, 4, 0, 0, 0, 1
NOTE, 34, 0, 1, 0, 0, 1, 0
NOTE, 34, 1, 8, 0, 0, 1, 0
NOTE, 34, 1, 2, 0, 0, 0, 1
NOTE, 34, 5, 8, 0, 0, 0, 1
NOTE, 35, 0, 1, 3, 3, 1, 1
NOTE, 35, 1, 8, 0, 0, 1, 1
NOTE, 35, 1, 4, 1, 0, 0, 0
NOTE, 35, 7, 24, 0, 1, 0, 0
NOTE, 35, 1, 3, 0, 0, 1, 0
NOTE, 35, 3, 8, 0, 0, 0, 1
NOTE, 35, 1, 2, 1, 1, 0, 0
NOTE, 35, 5, 8, 0, 0, 1, 1
NOTE, 35, 3, 4, 1, 0, 1, 1
NOTE, 35, 7, 8, 0, 1, 0, 0
NOTE, 36, 0, 1, 1, 1, 0, 1
NOTE, 36, 1, 8, 1, 1, 0, 0
NOTE, 36, 1, 4, 0, 0, 2, 2
NOTE, 36, 7, 16, 0, 0, 3, 3
NOTE, 36, 1, 2, 2, 2, 0, 0
NOTE, 36, 11, 16, 3, 3, 0, 0
NOTE, 36, 3, 4, 0, 0, 2, 2
NOTE, 36, 11, 12, 0, 0, 3, 3
NOTE, 37, 0, 1, 1, 0, 0, 0
NOTE, 37, 1, 32, 0, 1, 0, 0
NOTE, 37, 1, 8, 0, 0, 1, 1
NOTE, 37, 5, 24, 1, 0, 0, 0
NOTE, 37, 1, 4, 0, 1, 0, 0
NOTE, 37, 7, 24, 0, 0, 0, 1
NOTE, 37, 1, 3, 0, 0, 1, 0
NOTE, 37, 3, 8, 1, 0, 0, 0
NOTE, 37, 13, 32, 0, 1, 0, 0
NOTE, 37, 1, 2, 0, 1, 1, 0
NOTE, 37, 17, 32, 0, 0, 0, 1
NOTE, 37, 5, 8, 0, 1, 1, 0
NOTE, 37, 21, 32, 1, 0, 0, 0
NOTE, 37, 3, 4, 0, 0, 0, 1
NOTE, 37, 25, 32, 0, 0, 1, 0
NOTE, 37, 27, 32, 1, 0, 0, 0
NOTE, 37, 7, 8, 0, 1, 0, 0
NOTE, 38, 0, 1, 0, 1, 1, 0
NOTE, 38, 1, 32, 0, 0, 0, 1
NOTE, 38, 1, 8, 0, 1, 1, 0
NOTE, 38, 5, 32, 1, 0, 0, 0
NOTE, 38, 1, 4, 0, 0, 0, 1
NOTE, 38, 9, 32, 0, 0, 1, 0
NOTE, 38, 11, 32, 1, 0, 0, 0
NOTE, 38, 3, 8, 0, 1, 0, 0
NOTE, 38, 13, 32, 0, 0, 1, 0
NOTE, 38, 1, 2, 0, 1, 1, 0
NOTE, 38, 17, 32, 0, 0, 0, 1
NOTE, 38, 5, 8, 0, 1, 1, 0
NOTE, 38, 21, 32, 1, 0, 0, 0
NOTE, 38, 3, 4, 0, 0, 0, 1
NOTE, 38, 25, 32, 0, 0, 1, 0
NOTE, 38, 27, 32, 1, 0, 0, 0
NOTE, 38, 7, 8, 0, 1, 0, 0
NOTE, 38, 29, 32, 0, 0, 1, 0
NOTE, 38, 15, 16, 0, 0, 0, 1
NOTE, 39, 0, 1, 1, 1, 0, 0
NOTE, 39, 3, 32, 0, 0, 0, 1
NOTE, 39, 3, 16, 1, 0, 0, 0
NOTE, 39, 7, 32, 0, 1, 0, 0
NOTE, 39, 1, 4, 0, 0, 1, 1
NOTE, 39, 11, 32, 0, 0, 1, 0
NOTE, 39, 3, 8, 0, 1, 0, 0
NOTE, 39, 13, 32, 1, 0, 0, 0
NOTE, 39, 1, 2, 0, 1, 1, 0
NOTE, 39, 17, 32, 0, 0, 0, 1
NOTE, 39, 5, 8, 0, 1, 1, 0
NOTE, 39, 21, 32, 1, 0, 0, 0
NOTE, 39, 3, 4, 0, 0, 0, 1
NOTE, 39, 25, 32, 0, 0, 1, 0
NOTE, 39, 27, 32, 1, 0, 0, 0
NOTE, 39, 7, 8, 0, 1, 0, 0
NOTE, 39, 29, 32, 0, 0, 1, 0
NOTE, 40, 0, 1, 0, 1, 1, 0
NOTE, 40, 1, 32, 0, 0, 0, 1
NOTE, 40, 1, 8, 0, 1, 1, 0
NOTE, 40, 5, 32, 1, 0, 0, 0
NOTE, 40, 1, 4, 0, 0, 0, 1
NOTE, 40, 9, 32, 0, 0, 1, 0
NOTE, 40, 11, 32, 1, 0, 0, 0
NOTE, 40, 3, 8, 0, 1, 0, 0
NOTE, 40, 13, 32, 0, 0, 1, 0
NOTE, 40, 1, 2, 2, 0, 0, 1
NOTE, 40, 5, 8, 3, 2, 1, 0
NOTE, 40, 3, 4, 1, 3, 2, 1
NOTE, 40, 7, 8, 1, 1, 3, 0
NOTE, 41, 0, 1, 0, 2, 2, 2
NOTE, 41, 1, 8, 1, 3, 3, 3
NOTE, 41, 1, 4, 1, 1, 0, 1
NOTE, 41, 3, 8, 1, 1, 1, 0
NOTE, 41, 1, 2, 0, 1, 1, 0
NOTE, 41, 17, 32, 0, 0, 0, 1
NOTE, 41, 5, 8, 0, 1, 1, 0
NOTE, 41, 21, 32, 1, 0, 0, 0
NOTE, 41, 3, 4, 0, 0, 0, 1
NOTE, 41, 25, 32, 0, 0, 1, 0
NOTE, 41, 27, 32, 1, 0, 0, 0
NOTE, 41, 7, 8, 0, 1, 0, 0
NOTE, 42, 0, 1, 0, 1, 1, 0
NOTE, 42, 1, 32, 0, 0, 0, 1
NOTE, 42, 1, 8, 0, 1, 1, 0
NOTE, 42, 5, 32, 1, 0, 0, 0
NOTE, 42, 1, 4, 0, 0, 0, 1
NOTE, 42, 9, 32, 0, 0, 1, 0
NOTE, 42, 11, 32, 1, 0, 0, 0
NOTE, 42, 3, 8, 0, 1, 0, 0
NOTE, 42, 13, 32, 0, 0, 1, 0
NOTE, 42, 1, 2, 0, 1, 1, 0
NOTE, 42, 17, 32, 0, 0, 0, 1
NOTE, 42, 5, 8, 0, 1, 1, 0
NOTE, 42, 21, 32, 1, 0, 0, 0
NOTE, 42, 3, 4, 0, 0, 0, 1
NOTE, 42, 25, 32, 0, 0, 1, 0
NOTE, 42, 27, 32, 1, 0, 0, 0
NOTE, 42, 7, 8, 0, 1, 0, 0
NOTE, 42, 29, 32, 0, 0, 1, 0
NOTE, 43, 0, 1, 1, 1, 1, 0
NOTE, 43, 1, 8, 0, 1, 1, 1
NOTE, 43, 1, 4, 0, 1, 1, 1
NOTE, 43, 3, 8, 1, 1, 1, 0
NOTE, 43, 1, 2, 1, 1, 1, 0
NOTE, 43, 5, 8, 1, 1, 1, 0
NOTE, 43, 3, 4, 0, 1, 1, 1
NOTE, 43, 7, 8, 1, 1, 1, 0
NOTE, 44, 0, 1, 0, 1, 1, 1
NOTE, 44, 1, 8, 1, 0, 0, 0
NOTE, 44, 3, 16, 0, 1, 0, 0
NOTE, 44, 1, 4, 0, 0, 1, 1
NOTE, 44, 5, 16, 1, 0, 0, 0
NOTE, 44, 3, 8, 0, 1, 0, 0
NOTE, 44, 7, 16, 1, 0, 0, 0
NOTE, 44, 1, 2, 0, 0, 1, 1
NOTE, 44, 5, 8, 1, 0, 1, 0
NOTE, 44, 3, 4, 2, 2, 0, 2
NOTE, 44, 15, 16, 3, 3, 0, 3
NOTE, 45, 0, 1, 0, 0, 1, 0
NOTE, 45, 1, 24, 0, 1, 0, 0
NOTE, 45, 1, 12, 1, 0, 0, 0
NOTE, 45, 1, 8, 0, 0, 0, 1
NOTE, 45, 1, 6, 0, 0, 1, 0
NOTE, 45, 5, 24, 1, 0, 0, 0
NOTE, 45, 1, 4, 0, 1, 0, 0
NOTE, 45, 7, 24, 0, 0, 1, 0
NOTE, 45, 1, 3, 0, 0, 0, 1
NOTE, 45, 3, 8, 1, 0, 0, 0
NOTE, 45, 5, 12, 0, 1, 0, 0
NOTE, 45, 1, 2, 0, 1, 1, 0
NOTE, 45, 17, 32, 0, 0, 0, 1
NOTE, 45, 5, 8, 0, 1, 1, 0
NOTE, 45, 21, 32, 1, 0, 0, 0
NOTE, 45, 3, 4, 0, 0, 0, 1
NOTE, 45, 25, 32, 0, 0, 1, 0
NOTE, 45, 27, 32, 1, 0, 0, 0
NOTE, 45, 7, 8, 0, 1, 0, 0
NOTE, 46, 0, 1, 0, 1, 1, 0
NOTE, 46, 1, 32, 0, 0, 0, 1
NOTE, 46, 1, 8, 0, 1, 1, 0
NOTE, 46, 5, 32, 1, 0, 0, 0
NOTE, 46, 1, 4, 0, 0, 0, 1
NOTE, 46, 9, 32, 0, 0, 1, 0
NOTE, 46, 11, 32, 1, 0, 0, 0
NOTE, 46, 3, 8, 0, 1, 0, 0
NOTE, 46, 13, 32, 0, 0, 1, 0
NOTE, 46, 1, 2, 0, 1, 1, 0
NOTE, 46, 17, 32, 0, 0, 0, 1
NOTE, 46, 5, 8, 0, 1, 1, 0
NOTE, 46, 21, 32, 1, 0, 0, 0
NOTE, 46, 3, 4, 0, 0, 0, 1
NOTE, 46, 25, 32, 0, 0, 1, 0
NOTE, 46, 27, 32, 1, 0, 0, 0
NOTE, 46, 7, 8, 0, 1, 0, 0
NOTE, 46, 29, 32, 0, 0, 1, 0
NOTE, 47, 0, 1, 1, 1, 0, 0
NOTE, 47, 3, 32, 0, 0, 0, 1
NOTE, 47, 1, 8, 0, 0, 1, 0
NOTE, 47, 3, 16, 1, 0, 0, 0
NOTE, 47, 7, 32, 0, 1, 0, 0
NOTE, 47, 1, 4, 0, 0, 0, 1
NOTE, 47, 11, 32, 0, 0, 1, 0
NOTE, 47, 3, 8, 0, 1, 0, 0
NOTE, 47, 13, 32, 1, 0, 0, 0
NOTE, 47, 1, 2, 0, 1, 1, 0
NOTE, 47, 17, 32, 0, 0, 0, 1
NOTE, 47, 5, 8, 0, 1, 1, 0
NOTE, 47, 21, 32, 1, 0, 0, 0
NOTE, 47, 3, 4, 0, 0, 0, 1
NOTE, 47, 25, 32, 0, 0, 1, 0
NOTE, 47, 27, 32, 1, 0, 0, 0
NOTE, 47, 7, 8, 0, 1, 0, 0
NOTE, 47, 29, 32, 0, 0, 1, 0
NOTE, 48, 0, 1, 0, 1, 1, 0
NOTE, 48, 1, 32, 0, 0, 0, 1
NOTE, 48, 1, 8, 0, 1, 1, 0
NOTE, 48, 5, 32, 1, 0, 0, 0
NOTE, 48, 1, 4, 0, 0, 0, 1
NOTE, 48, 9, 32, 0, 0, 1, 0
NOTE, 48, 11, 32, 1, 0, 0, 0
NOTE, 48, 3, 8, 0, 1, 0, 0
NOTE, 48, 13, 32, 0, 0, 1, 0
NOTE, 48, 1, 2, 2, 2, 0, 0
NOTE, 48, 9, 16, 0, 3, 0, 0
NOTE, 48, 5, 8, 3, 0, 2, 2
NOTE, 48, 11, 16, 0, 0, 3, 0
NOTE, 48, 3, 4, 0, 2, 2, 3
NOTE, 48, 13, 16, 0, 3, 0, 0
NOTE, 48, 7, 8, 1, 0, 3, 1
NOTE, 49, 0, 1, 1, 1, 1, 0
NOTE, 49, 1, 8, 0, 0, 0, 1
NOTE, 49, 5, 32, 0, 0, 1, 0
NOTE, 49, 3, 16, 1, 0, 0, 0
NOTE, 49, 7, 32, 0, 1, 0, 0
NOTE, 49, 1, 4, 0, 0, 0, 1
NOTE, 49, 9, 32, 0, 0, 1, 0
NOTE, 49, 5, 16, 1, 0, 0, 0
NOTE, 49, 11, 32, 0, 1, 0, 0
NOTE, 49, 3, 8, 0, 0, 0, 1
NOTE, 49, 13, 32, 0, 0, 1, 0
NOTE, 49, 1, 2, 0, 1, 1, 0
NOTE, 49, 17, 32, 0, 0, 0, 1
NOTE, 49, 5, 8, 0, 1, 1, 0
NOTE, 49, 21, 32, 1, 0, 0, 0
NOTE, 49, 3, 4, 0, 0, 0, 1
NOTE, 49, 25, 32, 0, 0, 1, 0
NOTE, 49, 27, 32, 1, 0, 0, 0
NOTE, 49, 7, 8, 0, 1, 0, 0
NOTE, 49, 29, 32, 0, 0, 1, 0
NOTE, 50, 0, 1, 0, 1, 1, 0
NOTE, 50, 1, 32, 0, 0, 0, 1
NOTE, 50, 1, 8, 0, 1, 1, 0
NOTE, 50, 5, 32, 1, 0, 0, 0
NOTE, 50, 1, 4, 0, 0, 0, 1
NOTE, 50, 9, 32, 0, 0, 1, 0
NOTE, 50, 11, 32, 1, 0, 0, 0
NOTE, 50, 3, 8, 0, 1, 0, 0
NOTE, 50, 13, 32, 0, 0, 1, 0
NOTE, 50, 1, 2, 0, 1, 1, 0
NOTE, 50, 17, 32, 0, 0, 0, 1
NOTE, 50, 5, 8, 0, 1, 1, 0
NOTE, 50, 21, 32, 1, 0, 0, 0
NOTE, 50, 3, 4, 0, 0, 0, 1
NOTE, 50, 25, 32, 0, 0, 1, 0
NOTE, 50, 27, 32, 1, 0, 0, 0
NOTE, 50, 7, 8, 0, 1, 0, 0
NOTE, 50, 29, 32, 0, 0, 1, 0
NOTE, 51, 0, 1, 1, 1, 0, 0
NOTE, 51, 1, 8, 0, 0, 1, 1
NOTE, 51, 3, 16, 1, 0, 0, 0
NOTE, 51, 7, 32, 0, 1, 0, 0
NOTE, 51, 1, 4, 0, 0, 0, 1
NOTE, 51, 11, 32, 0, 0, 1, 0
NOTE, 51, 3, 8, 0, 1, 0, 0
NOTE, 51, 13, 32, 1, 0, 0, 0
NOTE, 51, 1, 2, 0, 0, 1, 2
NOTE, 51, 5, 8, 1, 2, 0, 3
NOTE, 51, 3, 4, 0, 3, 0, 1
NOTE, 51, 13, 16, 0, 0, 1, 0
NOTE, 51, 7, 8, 1, 0, 0, 1
NOTE, 51, 15, 16, 0, 1, 0, 0
NOTE, 52, 0, 1, 0, 0, 1, 1
NOTE, 52, 1, 16, 1, 0, 0, 0
NOTE, 52, 1, 8, 0, 1, 0, 0
NOTE, 52, 3, 16, 0, 0, 1, 1
NOTE, 52, 1, 4, 1, 0, 0, 0
NOTE, 52, 5, 16, 0, 1, 0, 0
NOTE, 52, 3, 8, 0, 0, 1, 1
NOTE, 52, 7, 16, 1, 1, 0, 0
NOTE, 52, 1, 2, 0, 0, 1, 1
NOTE, 52, 9, 16, 1, 1, 0, 0
NOTE, 52, 5, 8, 0, 0, 1, 0
NOTE, 52, 11, 16, 0, 0, 0, 1
NOTE, 52, 3, 4, 1, 1, 0, 0
NOTE, 52, 7, 8, 1, 0, 1, 0
NOTE, 53, 0, 1, 0, 0, 2, 2
NOTE, 53, 1, 8, 1, 1, 3, 3
NOTE, 53, 1, 4, 0, 0, 0, 1
NOTE, 53, 5, 16, 1, 0, 0, 0
NOTE, 53, 3, 8, 0, 1, 1, 0
NOTE, 53, 1, 2, 1, 1, 0, 1
NOTE, 53, 5, 8, 1, 1, 1, 0
NOTE, 53, 3, 4, 0, 0, 0, 1
NOTE, 53, 13, 16, 1, 0, 0, 0
NOTE, 53, 7, 8, 0, 1, 0, 0
NOTE, 53, 15, 16, 0, 0, 1, 0
NOTE, 54, 0, 1, 1, 1, 0, 1
NOTE, 54, 3, 16, 2, 2, 2, 0
NOTE, 54, 3, 8, 3, 3, 3, 0
NOTE, 54, 1, 2, 1, 1, 0, 1
NOTE, 54, 11, 16, 1, 1, 1, 0
NOTE, 54, 7, 8, 0, 1, 1, 1
NOTE, 55, 0, 1, 1, 1, 1, 1
NOTE, 55, 3, 16, 2, 2, 2, 0
NOTE, 55, 7, 16, 3, 3, 3, 0
NOTE, 55, 1, 2, 1, 1, 0, 1
NOTE, 55, 11, 16, 2, 0, 2, 2
NOTE, 55, 15, 16, 3, 0, 3, 3
NOTE, 56, 0, 1, 1, 1, 0, 1
NOTE, 56, 3, 16, 2, 2, 2, 0
NOTE, 56, 7, 16, 3, 3, 3, 0
NOTE, 56, 1, 2, 1, 1, 0, 1
NOTE, 56, 5, 8, 0, 0, 1, 0
NOTE, 56, 11, 16, 0, 1, 0, 0
NOTE, 56, 3, 4, 2, 0, 1, 1
NOTE, 56, 7, 8, 3, 1, 1, 0
NOTE, 57, 0, 1, 1, 1, 0, 2
NOTE, 57, 1, 8, 1, 0, 1, 3
NOTE, 57, 1, 4, 0, 0, 1, 1
NOTE, 57, 5, 16, 1, 1, 0, 0
NOTE, 57, 3, 8, 0, 0, 1, 1
NOTE, 57, 7, 16, 1, 0, 0, 0
NOTE, 57, 1, 2, 0, 1, 1, 1
NOTE, 57, 11, 16, 2, 2, 0, 2
NOTE, 57, 15, 16, 3, 3, 0, 3
NOTE, 58, 0, 1, 1, 1, 1, 0
NOTE, 58, 3, 16, 1, 0, 1, 1
NOTE, 58, 3, 8, 1, 1, 1, 0
NOTE, 58, 1, 2, 1, 1, 1, 1
NOTE, 58, 11, 16, 2, 2, 2, 0
NOTE, 58, 15, 16, 3, 3, 3, 0
NOTE, 59, 0, 1, 0, 0, 1, 1
NOTE, 59, 1, 16, 1, 0, 0, 0
NOTE, 59, 1, 8, 0, 0, 1, 1
NOTE, 59, 3, 16, 0, 1, 0, 0
NOTE, 59, 1, 4, 0, 0, 1, 1
NOTE, 59, 5, 16, 0, 1, 0, 0
NOTE, 59, 3, 8, 1, 0, 1, 1
NOTE, 59, 7, 16, 0, 1, 0, 0
NOTE, 59, 1, 2, 1, 0, 1, 0
NOTE, 59, 9, 16, 0, 0, 0, 1
NOTE, 59, 5, 8, 1, 1, 0, 0
NOTE, 59, 11, 16, 0, 0, 1, 0
NOTE, 59, 3, 4, 1, 1, 0, 0
NOTE, 59, 13, 16, 0, 0, 0, 1
NOTE, 59, 7, 8, 1, 1, 0, 0
NOTE, 59, 15, 16, 0, 0, 1, 0
NOTE, 60, 0, 1, 1, 1, 0, 0
NOTE, 60, 1, 16, 0, 0, 1, 0
NOTE, 60, 1, 8, 0, 0, 0, 1
NOTE, 60, 3, 16, 1, 0, 0, 0
NOTE, 60, 1, 4, 0, 1, 1, 0
NOTE, 60, 5, 16, 0, 0, 0, 1
NOTE, 60, 3, 8, 1, 0, 0, 0
NOTE, 60, 7, 16, 0, 1, 0, 0
NOTE, 60, 1, 2, 0, 0, 1, 1
NOTE, 60, 5, 8, 0, 1, 1, 0
NOTE, 60, 3, 4, 1, 1, 0, 1
NOTE, 61, 0, 1, 1, 0, 1, 1
NOTE, 61, 1, 8, 1, 1, 1, 0
NOTE, 61, 1, 4, 0, 1, 1, 1
NOTE, 61, 3, 8, 0, 0, 1, 1
NOTE, 61, 7, 16, 1, 0, 0, 0
NOTE, 61, 1, 2, 0, 0, 1, 1
NOTE, 61, 9, 16, 1, 1, 0, 0
NOTE, 61, 5, 8, 0, 0, 1, 1
NOTE, 61, 3, 4, 2, 2, 0, 2
NOTE, 61, 7, 8, 3, 3, 0, 3
NOTE, 62, 0, 1, 0, 1, 1, 1
NOTE, 62, 1, 8, 2, 2, 0, 2
NOTE, 62, 1, 4, 3, 3, 0, 3
NOTE, 62, 3, 8, 1, 1, 0, 0
NOTE, 62, 7, 16, 0, 0, 0, 1
NOTE, 62, 1, 2, 1, 1, 0, 0
NOTE, 62, 9, 16, 0, 0, 1, 1
NOTE, 62, 5, 8, 1, 1, 0, 0
NOTE, 62, 3, 4, 2, 0, 2, 2
NOTE, 62, 7, 8, 3, 0, 3, 3
NOTE, 63, 0, 1, 1, 1, 1, 0
NOTE, 63, 1, 8, 0, 0, 1, 1
NOTE, 63, 3, 16, 1, 1, 0, 0
NOTE, 63, 1, 4, 0, 0, 1, 1
NOTE, 63, 3, 8, 1, 1, 0, 0
NOTE, 63, 7, 16, 0, 0, 0, 1
NOTE, 63, 1, 2, 1, 1, 1, 0
NOTE, 63, 9, 16, 0, 0, 0, 1
NOTE, 63, 5, 8, 1, 1, 0, 0
NOTE, 63, 3, 4, 2, 0, 2, 2
NOTE, 63, 7, 8, 3, 0, 3, 3
NOTE, 64, 0, 1, 1, 0, 1, 1
NOTE, 64, 1, 8, 2, 2, 2, 0
NOTE, 64, 1, 4, 3, 3, 3, 0
NOTE, 64, 3, 8, 0, 0, 1, 1
NOTE, 64, 7, 16, 1, 0, 0, 0
NOTE, 64, 1, 2, 0, 1, 1, 1
NOTE, 64, 5, 8, 1, 0, 0, 1
NOTE, 64, 3, 4, 1, 1, 1, 0
NOTE, 64, 7, 8, 0, 1, 1, 1
NOTE, 65, 0, 1, 1, 1, 0, 0
NOTE, 65, 1, 12, 0, 0, 0, 1
NOTE, 65, 1, 8, 1, 0, 1, 0
NOTE, 65, 7, 48, 0, 1, 0, 0
NOTE, 65, 1, 4, 0, 1, 0, 1
NOTE, 65, 13, 48, 0, 0, 1, 0
NOTE, 65, 3, 8, 1, 1, 0, 0
NOTE, 65, 7, 16, 0, 0, 0, 1
NOTE, 65, 1, 2, 1, 1, 0, 0
NOTE, 65, 9, 16, 0, 0, 1, 1
NOTE, 65, 5, 8, 1, 1, 0, 0
NOTE, 65, 3, 4, 0, 2, 2, 2
NOTE, 65, 7, 8, 0, 3, 3, 3
NOTE, 66, 0, 1, 1, 1, 0, 1
NOTE, 66, 1, 8, 2, 2, 2, 0
NOTE, 66, 1, 4, 3, 3, 3, 0
NOTE, 66, 3, 8, 0, 0, 1, 1
NOTE, 66, 7, 16, 1, 0, 0, 0
NOTE, 66, 1, 2, 0, 0, 1, 1
NOTE, 66, 9, 16, 1, 1, 0, 0
NOTE, 66, 5, 8, 0, 0, 1, 1
NOTE, 66, 3, 4, 2, 2, 0, 2
NOTE, 66, 7, 8, 3, 3, 0, 3
NOTE, 67, 0, 1, 0, 1, 1, 1
NOTE, 67, 1, 16, 1, 0, 0, 0
NOTE, 67, 1, 8, 0, 1, 0, 0
NOTE, 67, 3, 16, 0, 0, 0, 1
NOTE, 67, 1, 4, 1, 1, 1, 0
NOTE, 67, 5, 16, 0, 0, 0, 1
NOTE, 67, 3, 8, 1, 0, 0, 0
NOTE, 67, 7, 16, 0, 1, 0, 0
NOTE, 67, 1, 2, 1, 0, 1, 1
NOTE, 67, 9, 16, 0, 1, 0, 0
NOTE, 67, 5, 8, 0, 0, 1, 0
NOTE, 67, 11, 16, 0, 0, 0, 1
NOTE, 67, 3, 4, 1, 1, 1, 0
NOTE, 67, 13, 16, 0, 0, 0, 1
NOTE, 67, 7, 8, 0, 1, 0, 0
NOTE, 67, 15, 16, 1, 0, 0, 0
NOTE, 68, 0, 1, 0, 1, 1, 1
NOTE, 68, 1, 16, 1, 0, 0, 0
NOTE, 68, 1, 8, 0, 1, 0, 0
NOTE, 68, 3, 16, 0, 0, 1, 0
NOTE, 68, 1, 4, 1, 1, 0, 1
NOTE, 68, 5, 16, 0, 0, 1, 0
NOTE, 68, 3, 8, 1, 1, 0, 0
NOTE, 68, 1, 2, 2, 0, 2, 2
NOTE, 68, 5, 8, 3, 0, 3, 3
NOTE, 68, 3, 4, 0, 2, 2, 0
NOTE, 68, 7, 8, 0, 3, 3, 0
NOTE, 69, 0, 1, 2, 0, 0, 1
NOTE, 69, 1, 4, 0, 2, 0, 1
NOTE, 69, 1, 2, 3, 0, 1, 2
NOTE, 69, 3, 4, 2, 3, 1, 0
NOTE, 70, 0, 1, 0, 1, 2, 3
NOTE, 70, 1, 4, 3, 1, 0, 0
NOTE, 70, 1, 2, 0, 2, 3, 1
NOTE, 70, 3, 4, 0, 0, 2, 1
NOTE, 71, 0, 1, 1, 3, 0, 2
NOTE, 71, 1, 4, 1, 2, 3, 3
NOTE, 71, 1, 2, 0, 0, 1, 2
NOTE, 71, 3, 4, 1, 3, 2, 3
NOTE, 72, 0, 1, 1, 0, 0, 2
NOTE, 72, 1, 4, 2, 1, 3, 0
NOTE, 72, 1, 2, 3, 2, 2, 3
NOTE, 72, 5, 8, 0, 3, 3, 0
NOTE, 72, 3, 4, 2, 0, 2, 2
NOTE, 72, 7, 8, 3, 0, 3, 3
NOTE, 73, 0, 1, 2, 1, 1, 0
NOTE, 73, 1, 4, 0, 2, 0, 1
NOTE, 73, 1, 2, 3, 3, 2, 1
NOTE, 73, 3, 4, 2, 1, 0, 0
NOTE, 74, 0, 1, 0, 1, 3, 1
NOTE, 74, 1, 4, 3, 2, 1, 0
NOTE, 74, 1, 2, 2, 3, 1, 3
NOTE, 74, 3, 4, 0, 1, 0, 2
NOTE, 75, 0, 1, 3, 1, 2, 3
NOTE, 75, 1, 4, 0, 2, 0, 1
NOTE, 75, 1, 2, 2, 0, 3, 1
NOTE, 75, 3, 4, 3, 3, 2, 1
NOTE, 76, 0, 1, 0, 1, 0, 2
NOTE, 76, 1, 4, 1, 2, 3, 3
NOTE, 76, 1, 2, 1, 0, 0, 2
NOTE, 76, 3, 4, 2, 3, 1, 3
NOTE, 77, 0, 1, 3, 1, 1, 0
NOTE, 77, 1, 8, 0, 0, 1, 0
NOTE, 77, 3, 16, 1, 0, 0, 0
NOTE, 77, 1, 4, 0, 0, 1, 1
NOTE, 77, 3, 8, 0, 1, 0, 0
NOTE, 77, 7, 16, 1, 0, 0, 0
NOTE, 77, 1, 2, 0, 0, 1, 1
NOTE, 77, 5, 8, 0, 0, 1, 0
NOTE, 77, 11, 16, 0, 1, 0, 0
NOTE, 77, 3, 4, 1, 0, 1, 1
NOTE, 77, 7, 8, 1, 0, 0, 0
NOTE, 77, 15, 16, 0, 1, 0, 0
NOTE, 78, 0, 1, 0, 0, 1, 1
NOTE, 78, 1, 8, 0, 0, 0, 1
NOTE, 78, 3, 16, 0, 0, 1, 0
NOTE, 78, 1, 4, 1, 1, 0, 0
NOTE, 78, 3, 8, 1, 0, 0, 0
NOTE, 78, 7, 16, 0, 1, 0, 0
NOTE, 78, 1, 2, 0, 0, 1, 1
NOTE, 78, 5, 8, 0, 0, 0, 1
NOTE, 78, 11, 16, 0, 0, 1, 0
NOTE, 78, 3, 4, 1, 1, 0, 0
NOTE, 78, 7, 8, 1, 0, 0, 0
NOTE, 78, 15, 16, 0, 1, 0, 0
NOTE, 79, 0, 1, 0, 0, 1, 1
NOTE, 79, 1, 8, 0, 0, 0, 1
NOTE, 79, 3, 16, 0, 0, 1, 0
NOTE, 79, 1, 4, 1, 1, 0, 0
NOTE, 79, 3, 8, 1, 0, 0, 0
NOTE, 79, 7, 16, 0, 0, 0, 1
NOTE, 79, 1, 2, 0, 1, 1, 0
NOTE, 79, 5, 8, 1, 0, 0, 0
NOTE, 79, 11, 16, 0, 1, 0, 0
NOTE, 79, 3, 4, 0, 0, 1, 1
NOTE, 79, 7, 8, 0, 0, 1, 0
NOTE, 79, 15, 16, 1, 0, 0, 0
NOTE, 80, 0, 1, 0, 0, 1, 1
NOTE, 80, 1, 8, 0, 0, 0, 1
NOTE, 80, 3, 16, 0, 0, 1, 0
NOTE, 80, 1, 4, 1, 1, 0, 0
NOTE, 80, 3, 8, 1, 0, 0, 0
NOTE, 80, 7, 16, 0, 0, 0, 1
NOTE, 80, 1, 2, 0, 1, 1, 0
NOTE, 80, 5, 8, 0, 1, 0, 0
NOTE, 80, 11, 16, 0, 0, 1, 0
NOTE, 80, 3, 4, 1, 1, 0, 0
NOTE, 80, 7, 8, 1, 0, 0, 0
NOTE, 80, 15, 16, 0, 1, 0, 0
NOTE, 81, 0, 1, 0, 0, 1, 1
NOTE, 81, 1, 8, 1, 0, 0, 0
NOTE, 81, 3, 16, 0, 0, 0, 1
NOTE, 81, 1, 4, 0, 1, 0, 0
NOTE, 81, 5, 16, 1, 0, 0, 0
NOTE, 81, 3, 8, 0, 0, 0, 1
NOTE, 81, 7, 16, 1, 0, 0, 0
NOTE, 81, 1, 2, 0, 1, 1, 0
NOTE, 81, 9, 16, 0, 0, 0, 1
NOTE, 81, 5, 8, 1, 0, 0, 0
NOTE, 81, 11, 16, 0, 0, 1, 0
NOTE, 81, 3, 4, 0, 1, 0, 0
NOTE, 81, 13, 16, 1, 0, 0, 0
NOTE, 81, 7, 8, 0, 0, 0, 1
NOTE, 81, 15, 16, 1, 0, 0, 0
NOTE, 82, 0, 1, 0, 1, 1, 0
NOTE, 82, 1, 16, 0, 0, 0, 1
NOTE, 82, 1, 8, 1, 0, 0, 0
NOTE, 82, 3, 16, 0, 1, 0, 0
NOTE, 82, 1, 4, 0, 0, 1, 0
NOTE, 82, 5, 16, 1, 0, 0, 0
NOTE, 82, 3, 8, 0, 1, 0, 0
NOTE, 82, 7, 16, 0, 0, 1, 0
NOTE, 82, 1, 2, 1, 0, 0, 1
NOTE, 82, 9, 16, 0, 1, 0, 0
NOTE, 82, 5, 8, 0, 0, 1, 0
NOTE, 82, 11, 16, 0, 0, 0, 1
NOTE, 82, 3, 4, 1, 0, 0, 0
NOTE, 82, 13, 16, 0, 0, 1, 0
NOTE, 82, 7, 8, 1, 0, 0, 0
NOTE, 82, 15, 16, 0, 1, 0, 0
NOTE, 83, 0, 1, 0, 0, 1, 1
NOTE, 83, 1, 16, 0, 1, 0, 0
NOTE, 83, 1, 8, 1, 0, 0, 1
NOTE, 83, 3, 16, 0, 1, 0, 0
NOTE, 83, 1, 4, 0, 0, 1, 1
NOTE, 83, 5, 16, 0, 1, 0, 0
NOTE, 83, 3, 8, 1, 0, 0, 1
NOTE, 83, 7, 16, 0, 0, 1, 0
NOTE, 83, 1, 2, 1, 1, 0, 0
NOTE, 83, 9, 16, 0, 0, 1, 0
NOTE, 83, 5, 8, 1, 0, 0, 1
NOTE, 83, 11, 16, 0, 0, 1, 0
NOTE, 83, 3, 4, 1, 1, 0, 0
NOTE, 83, 13, 16, 0, 0, 0, 1
NOTE, 83, 7, 8, 1, 0, 1, 0
NOTE, 83, 15, 16, 0, 1, 0, 0
NOTE, 84, 0, 1, 0, 0, 1, 1
NOTE, 84, 1, 16, 1, 0, 0, 0
NOTE, 84, 1, 8, 0, 1, 0, 0
NOTE, 84, 3, 16, 0, 0, 0, 1
NOTE, 84, 1, 4, 1, 0, 0, 0
NOTE, 84, 5, 16, 0, 1, 0, 0
NOTE, 84, 3, 8, 0, 0, 1, 0
NOTE, 84, 7, 16, 1, 0, 0, 0
NOTE, 84, 1, 2, 0, 0, 0, 1
NOTE, 84, 9, 16, 0, 0, 1, 0
NOTE, 84, 5, 8, 0, 1, 0, 0
NOTE, 84, 11, 16, 1, 0, 0, 0
NOTE, 84, 3, 4, 0, 0, 1, 0
NOTE, 84, 13, 16, 1, 0, 0, 0
NOTE, 84, 7, 8, 0, 1, 0, 0
NOTE, 84, 15, 16, 0, 0, 0, 1
NOTE, 85, 0, 1, 1, 1, 1, 0
NOTE, 85, 1, 16, 0, 0, 0, 1
NOTE, 85, 1, 8, 0, 0, 1, 0
NOTE, 85, 3, 16, 1, 0, 0, 0
NOTE, 85, 1, 4, 0, 1, 0, 0
NOTE, 85, 5, 16, 0, 0, 0, 1
NOTE, 85, 3, 8, 1, 1, 1, 0
NOTE, 85, 1, 2, 2, 2, 2, 2
NOTE, 85, 5, 8, 3, 3, 3, 3
NOTE, 85, 11, 16, 2, 2, 2, 2
NOTE, 85, 13, 16, 3, 3, 3, 3
NOTE, 85, 7, 8, 2, 2, 0, 2
NOTE, 86, 3, 16, 3, 3, 0, 3
NOTE, 86, 1, 4, 2, 2, 0, 2
NOTE, 86, 3, 8, 3, 3, 0, 3
NOTE, 86, 7, 16, 2, 2, 2, 0
NOTE, 86, 9, 16, 3, 3, 3, 0
NOTE, 86, 5, 8, 2, 0, 2, 2
NOTE, 86, 7, 8, 3, 0, 3, 3
NOTE, 87, 0, 1, 0, 0, 0, 1
NOTE, 87, 1, 16, 0, 0, 1, 0
NOTE, 87, 1, 8, 1, 0, 0, 0
NOTE, 87, 3, 16, 0, 1, 0, 0
NOTE, 87, 1, 4, 0, 0, 1, 0
NOTE, 87, 5, 16, 0, 0, 0, 1
NOTE, 87, 3, 8, 1, 1, 0, 0
NOTE, 87, 1, 2, 2, 0, 2, 2
NOTE, 87, 5, 8, 3, 0, 3, 3
NOTE, 87, 11, 16, 2, 2, 2, 0
NOTE, 87, 13, 16, 3, 3, 3, 0
NOTE, 87, 7, 8, 0, 2, 2, 2
NOTE, 88, 3, 16, 0, 3, 3, 3
NOTE, 88, 1, 4, 2, 2, 2, 0
NOTE, 88, 3, 8, 3, 3, 3, 0
NOTE, 88, 7, 16, 2, 2, 0, 2
NOTE, 88, 9, 16, 3, 3, 0, 3
NOTE, 88, 5, 8, 0, 2, 2, 2
NOTE, 88, 15, 16, 0, 3, 3, 3
NOTE, 89, 0, 1, 0, 0, 2, 2
NOTE, 89, 3, 8, 1, 1, 3, 3
NOTE, 89, 1, 2, 2, 0, 2, 2
NOTE, 89, 5, 8, 3, 0, 3, 3
NOTE, 89, 11, 16, 2, 2, 2, 0
NOTE, 89, 13, 16, 3, 3, 3, 0
NOTE, 89, 7, 8, 0, 2, 2, 2
NOTE, 90, 3, 16, 0, 3, 3, 3
NOTE, 90, 1, 4, 2, 2, 2, 0
NOTE, 90, 3, 8, 3, 3, 3, 0
NOTE, 90, 7, 16, 2, 2, 0, 2
NOTE, 90, 9, 16, 3, 3, 0, 3
NOTE, 90, 5, 8, 0, 2, 2, 2
NOTE, 90, 15, 16, 0, 3, 3, 3
NOTE, 91, 0, 1, 0, 0, 2, 2
NOTE, 91, 3, 8, 1, 1, 3, 3
NOTE, 91, 1, 2, 2, 2, 0, 2
NOTE, 91, 5, 8, 3, 3, 0, 3
NOTE, 91, 17, 24, 2, 2, 2, 0
NOTE, 91, 19, 24, 3, 3, 3, 0
NOTE, 91, 7, 8, 2, 2, 2, 2
NOTE, 92, 1, 6, 3, 3, 3, 3
NOTE, 92, 1, 4, 2, 2, 0, 2
NOTE, 92, 3, 8, 3, 3, 0, 3
NOTE, 92, 11, 24, 2, 2, 2, 0
NOTE, 92, 13, 24, 3, 3, 3, 0
NOTE, 92, 5, 8, 2, 2, 2, 2
NOTE, 92, 15, 16, 3, 3, 3, 3
NOTE, 93, 0, 1, 1, 1, 0, 2
NOTE, 93, 1, 16, 0, 0, 0, 3
NOTE, 93, 1, 8, 1, 0, 0, 0
NOTE, 93, 1, 4, 0, 1, 2, 1
NOTE, 93, 5, 16, 0, 0, 3, 0
NOTE, 93, 3, 8, 0, 1, 0, 0
NOTE, 93, 1, 2, 2, 0, 1, 1
NOTE, 93, 9, 16, 3, 0, 0, 0
NOTE, 93, 5, 8, 0, 0, 1, 0
NOTE, 93, 3, 4, 1, 2, 0, 1
NOTE, 93, 13, 16, 0, 3, 0, 0
NOTE, 93, 7, 8, 0, 0, 0, 1
NOTE, 94, 0, 1, 2, 1, 1, 0
NOTE, 94, 1, 16, 3, 0, 0, 0
NOTE, 94, 1, 8, 0, 0, 0, 1
NOTE, 94, 1, 4, 0, 1, 1, 2
NOTE, 94, 5, 16, 0, 0, 0, 3
NOTE, 94, 3, 8, 0, 1, 0, 0
NOTE, 94, 1, 2, 2, 0, 1, 1
NOTE, 94, 9, 16, 3, 0, 0, 0
NOTE, 94, 5, 8, 0, 0, 1, 0
NOTE, 94, 3, 4, 1, 1, 0, 2
NOTE, 94, 13, 16, 0, 0, 0, 3
NOTE, 94, 7, 8, 0, 1, 0, 0
NOTE, 95, 0, 1, 2, 0, 1, 1
NOTE, 95, 1, 16, 3, 0, 0, 0
NOTE, 95, 1, 8, 0, 0, 1, 0
NOTE, 95, 1, 4, 1, 1, 0, 1
NOTE, 95, 3, 8, 1, 1, 0, 0
NOTE, 95, 1, 2, 0, 1, 1, 1
NOTE, 95, 5, 8, 0, 0, 1, 1
NOTE, 95, 3, 4, 1, 1, 1, 0
NOTE, 95, 7, 8, 1, 1, 0, 0
NOTE, 96, 0, 1, 0, 1, 1, 1
NOTE, 96, 1, 8, 0, 0, 1, 1
NOTE, 96, 1, 4, 1, 1, 1, 0
NOTE, 96, 3, 8, 1, 1, 0, 0
NOTE, 96, 1, 2, 0, 1, 1, 1
NOTE, 96, 5, 8, 1, 1, 0, 0
NOTE, 96, 3, 4, 0, 0, 1, 1
NOTE, 96, 7, 8, 1, 0, 1, 0
NOTE, 97, 0, 1, 0, 1, 1, 1
NOTE, 97, 1, 8, 1, 0, 1, 1
NOTE, 97, 1, 4, 1, 1, 1, 0
NOTE, 97, 3, 8, 1, 0, 1, 1
NOTE, 97, 1, 2, 1, 1, 0, 1
NOTE, 97, 5, 8, 1, 0, 1, 1
NOTE, 97, 3, 4, 0, 1, 1, 1
NOTE, 97, 7, 8, 1, 1, 0, 1
NOTE, 98, 0, 1, 0, 0, 1, 1
NOTE, 98, 1, 16, 1, 1, 0, 0
NOTE, 98, 1, 8, 0, 0, 1, 1
NOTE, 98, 3, 16, 1, 1, 0, 0
NOTE, 98, 1, 4, 0, 0, 1, 1
NOTE, 98, 5, 16, 1, 1, 0, 0
NOTE, 98, 3, 8, 0, 0, 1, 1
NOTE, 98, 7, 16, 1, 1, 0, 0
NOTE, 98, 1, 2, 0, 0, 0, 1
NOTE, 98, 13, 24, 0, 0, 1, 0
NOTE, 98, 7, 12, 1, 0, 0, 0
NOTE, 98, 5, 8, 0, 1, 0, 0
NOTE, 98, 2, 3, 0, 0, 1, 1
NOTE, 98, 17, 24, 1, 0, 0, 0
NOTE, 98, 3, 4, 0, 1, 0, 0
NOTE, 98, 19, 24, 0, 0, 0, 1
NOTE, 98, 5, 6, 0, 0, 1, 0
NOTE, 98, 7, 8, 1, 0, 0, 0
NOTE, 98, 11, 12, 0, 1, 0, 0
NOTE, 98, 23, 24, 0, 0, 0, 1
NOTE, 99, 0, 1, 1, 0, 1, 0
NOTE, 99, 1, 8, 0, 0, 1, 1
NOTE, 99, 1, 4, 1, 1, 0, 0
NOTE, 99, 3, 8, 0, 1, 1, 0
NOTE, 99, 1, 2, 2, 0, 0, 2
NOTE, 99, 5, 8, 11_4, 0, 0, 0
NOTE, 99, 3, 4, 11_4, 0, 0, 0
NOTE, 99, 7, 8, 3, 0, 0, 3
NOTE, 101, 0, 1, 0, 2, 2, 0
NOTE, 101, 1, 2, 1, 3, 3, 1
NOTE, 101, 5, 8, 2, 2, 2, 0
NOTE, 101, 3, 4, 3, 3, 3, 0
NOTE, 101, 7, 8, 0, 0, 1, 1
NOTE, 101, 15, 16, 1, 1, 0, 0
NOTE, 102, 0, 1, 0, 0, 1, 1
NOTE, 102, 1, 16, 1, 0, 0, 0
NOTE, 102, 1, 8, 0, 1, 1, 1
NOTE, 102, 1, 4, 1, 1, 0, 1
NOTE, 102, 3, 8, 0, 0, 1, 1
NOTE, 102, 7, 16, 1, 1, 0, 0
NOTE, 102, 1, 2, 0, 0, 1, 1
NOTE, 102, 5, 8, 1, 0, 1, 1
NOTE, 102, 3, 4, 2, 2, 0, 0
NOTE, 102, 15, 16, 3, 3, 0, 0
NOTE, 103, 0, 1, 0, 2, 2, 2
NOTE, 103, 1, 8, 0, 3, 3, 3
NOTE, 103, 3, 16, 0, 2, 2, 2
NOTE, 103, 1, 4, 0, 3, 3, 3
NOTE, 103, 3, 8, 1, 1, 0, 0
NOTE, 103, 7, 16, 0, 0, 1, 1
NOTE, 103, 1, 2, 1, 1, 0, 0
NOTE, 103, 5, 8, 2, 0, 2, 2
NOTE, 103, 13, 16, 3, 0, 3, 3
NOTE, 103, 7, 8, 1, 1, 0, 0
NOTE, 103, 15, 16, 0, 0, 0, 1
NOTE, 104, 0, 1, 1, 1, 1, 0
NOTE, 104, 1, 16, 0, 0, 0, 1
NOTE, 104, 1, 8, 1, 1, 0, 0
NOTE, 104, 3, 16, 0, 0, 1, 1
NOTE, 104, 1, 4, 1, 1, 0, 0
NOTE, 104, 3, 8, 0, 0, 1, 1
NOTE, 104, 7, 16, 1, 1, 0, 0
NOTE, 104, 1, 2, 0, 0, 1, 1
NOTE, 104, 5, 8, 1, 1, 0, 1
NOTE, 104, 3, 4, 1, 1, 1, 0
NOTE, 104, 7, 8, 1, 1, 0, 1
NOTE, 105, 0, 1, 0, 2, 2, 2
NOTE, 105, 3, 8, 0, 3, 3, 3
NOTE, 105, 1, 2, 1, 0, 1, 1
NOTE, 105, 5, 8, 1, 1, 0, 0
NOTE, 105, 11, 16, 0, 0, 1, 1
NOTE, 105, 3, 4, 1, 1, 0, 0
NOTE, 105, 13, 16, 0, 0, 1, 1
NOTE, 105, 7, 8, 1, 1, 0, 0
NOTE, 105, 15, 16, 0, 0, 1, 1
NOTE, 106, 0, 1, 1, 1, 0, 0
NOTE, 106, 1, 16, 0, 0, 1, 1
NOTE, 106, 1, 8, 1, 1, 0, 0
NOTE, 106, 3, 16, 0, 0, 1, 1
NOTE, 106, 1, 4, 1, 1, 0, 0
NOTE, 106, 5, 16, 0, 0, 0, 1
NOTE, 106, 3, 8, 1, 1, 1, 0
NOTE, 106, 1, 2, 1, 1, 0, 1
NOTE, 106, 5, 8, 1, 1, 1, 0
NOTE, 106, 3, 4, 0, 2, 2, 2
NOTE, 106, 7, 8, 0, 3, 3, 3
NOTE, 107, 0, 1, 1, 0, 1, 1
NOTE, 107, 3, 16, 1, 0, 1, 1
NOTE, 107, 3, 8, 1, 1, 0, 0
NOTE, 107, 7, 16, 0, 0, 0, 1
NOTE, 107, 1, 2, 1, 1, 1, 0
NOTE, 107, 5, 8, 0, 0, 1, 1
NOTE, 107, 11, 16, 1, 1, 0, 0
NOTE, 107, 3, 4, 0, 0, 0, 1
NOTE, 107, 25, 32, 0, 0, 1, 0
NOTE, 107, 13, 16, 1, 0, 0, 0
NOTE, 107, 27, 32, 0, 1, 0, 0
NOTE, 107, 7, 8, 0, 0, 0, 1
NOTE, 107, 29, 32, 0, 0, 1, 0
NOTE, 107, 15, 16, 1, 0, 0, 0
NOTE, 107, 31, 32, 0, 1, 0, 0
NOTE, 108, 0, 1, 0, 0, 1, 1
NOTE, 108, 1, 16, 1, 1, 0, 0
NOTE, 108, 1, 8, 0, 0, 1, 1
NOTE, 108, 3, 16, 1, 1, 0, 0
NOTE, 108, 1, 4, 0, 0, 1, 1
NOTE, 108, 5, 16, 1, 1, 0, 0
NOTE, 108, 3, 8, 0, 0, 1, 1
NOTE, 108, 7, 16, 1, 0, 0, 0
NOTE, 108, 1, 2, 0, 2, 1, 1
NOTE, 108, 3, 4, 1, 3, 1, 2
NOTE, 109, 0, 1, 2, 2, 2, 3
NOTE, 109, 7, 16, 3, 3, 3, 0
NOTE, 109, 1, 2, 0, 0, 1, 1
NOTE, 109, 5, 8, 2, 2, 0, 2
NOTE, 109, 3, 4, 3, 3, 0, 3
NOTE, 109, 7, 8, 0, 0, 1, 1
NOTE, 109, 15, 16, 1, 1, 0, 0
NOTE, 110, 0, 1, 0, 0, 1, 1
NOTE, 110, 1, 16, 1, 0, 0, 0
NOTE, 110, 1, 8, 0, 1, 1, 1
NOTE, 110, 1, 4, 0, 1, 1, 1
NOTE, 110, 3, 8, 0, 0, 1, 1
NOTE, 110, 7, 16, 1, 1, 0, 0
NOTE, 110, 1, 2, 0, 0, 1, 1
NOTE, 110, 5, 8, 1, 1, 0, 1
NOTE, 110, 3, 4, 2, 2, 2, 0
NOTE, 110, 7, 8, 3, 3, 3, 0
NOTE, 111, 0, 1, 2, 2, 0, 2
NOTE, 111, 1, 8, 3, 3, 0, 3
NOTE, 111, 3, 16, 2, 2, 0, 2
NOTE, 111, 1, 4, 3, 3, 0, 3
NOTE, 111, 3, 8, 0, 0, 1, 1
NOTE, 111, 7, 16, 1, 1, 0, 0
NOTE, 111, 1, 2, 0, 0, 1, 1
NOTE, 111, 5, 8, 2, 2, 0, 2
NOTE, 111, 3, 4, 3, 3, 0, 3
NOTE, 111, 7, 8, 0, 0, 1, 1
NOTE, 111, 15, 16, 1, 1, 0, 0
NOTE, 112, 0, 1, 0, 0, 1, 1
NOTE, 112, 1, 16, 1, 0, 0, 0
NOTE, 112, 1, 8, 0, 0, 1, 1
NOTE, 112, 3, 16, 0, 1, 0, 0
NOTE, 112, 1, 4, 1, 0, 1, 1
NOTE, 112, 3, 8, 0, 0, 1, 1
NOTE, 112, 7, 16, 1, 0, 0, 0
NOTE, 112, 1, 2, 0, 1, 1, 1
NOTE, 112, 5, 8, 1, 1, 0, 1
NOTE, 112, 3, 4, 1, 1, 1, 0
NOTE, 112, 7, 8, 1, 0, 1, 1
NOTE, 113, 0, 1, 2, 2, 0, 2
NOTE, 113, 3, 8, 3, 3, 0, 3
NOTE, 113, 1, 2, 1, 0, 1, 1
NOTE, 113, 2, 3, 0, 0, 1, 1
NOTE, 113, 3, 4, 0, 0, 1, 1
NOTE, 113, 5, 6, 0, 0, 1, 1
NOTE, 113, 11, 12, 0, 0, 1, 1
NOTE, 114, 0, 1, 1, 1, 0, 0
NOTE, 114, 1, 12, 1, 1, 0, 0
NOTE, 114, 1, 6, 1, 1, 0, 0
NOTE, 114, 1, 4, 1, 1, 0, 0
NOTE, 114, 1, 3, 0, 1, 1, 1
NOTE, 114, 5, 12, 0, 1, 1, 1
NOTE, 114, 1, 2, 0, 1, 1, 1
NOTE, 114, 5, 8, 1, 1, 0, 1
NOTE, 114, 3, 4, 2, 2, 2, 0
NOTE, 114, 7, 8, 3, 3, 3, 0
NOTE, 115, 0, 1, 2, 0, 2, 2
NOTE, 115, 1, 8, 3, 0, 3, 3
NOTE, 115, 3, 16, 2, 2, 0, 2
NOTE, 115, 1, 4, 3, 3, 0, 3
NOTE, 115, 3, 8, 0, 0, 1, 1
NOTE, 115, 7, 16, 1, 1, 0, 0
NOTE, 115, 1, 2, 0, 0, 1, 1
NOTE, 115, 5, 8, 0, 0, 1, 1
NOTE, 115, 11, 16, 1, 1, 0, 0
NOTE, 115, 3, 4, 0, 0, 1, 1
NOTE, 115, 13, 16, 1, 1, 0, 0
NOTE, 115, 7, 8, 0, 0, 1, 1
NOTE, 115, 15, 16, 1, 0, 0, 0
NOTE, 116, 0, 1, 0, 1, 1, 1
NOTE, 116, 1, 16, 1, 0, 0, 0
NOTE, 116, 1, 8, 0, 1, 0, 0
NOTE, 116, 3, 16, 0, 0, 0, 1
NOTE, 116, 1, 4, 1, 0, 0, 0
NOTE, 116, 5, 16, 0, 1, 0, 0
NOTE, 116, 3, 8, 0, 0, 0, 1
NOTE, 116, 7, 16, 1, 0, 0, 0
NOTE, 116, 1, 2, 0, 0, 1, 1
NOTE, 116, 9, 16, 1, 1, 0, 0
NOTE, 116, 5, 8, 0, 0, 1, 1
NOTE, 116, 3, 4, 2, 2, 0, 2
NOTE, 116, 7, 8, 3, 3, 0, 3
NOTE, 117, 0, 1, 0, 2, 2, 2
NOTE, 117, 5, 32, 0, 3, 3, 3
NOTE, 117, 1, 4, 1, 1, 0, 0
NOTE, 117, 3, 8, 0, 0, 1, 1
NOTE, 117, 7, 16, 1, 1, 0, 0
NOTE, 117, 1, 2, 0, 0, 1, 1
NOTE, 117, 9, 16, 1, 1, 0, 0
NOTE, 117, 5, 8, 0, 0, 1, 1
NOTE, 117, 11, 16, 1, 0, 0, 0
NOTE, 117, 3, 4, 0, 1, 1, 1
NOTE, 117, 7, 8, 0, 0, 1, 1
NOTE, 117, 15, 16, 1, 0, 0, 0
NOTE, 118, 0, 1, 0, 1, 1, 1
NOTE, 118, 1, 16, 1, 0, 0, 0
NOTE, 118, 1, 8, 0, 0, 1, 1
NOTE, 118, 3, 16, 1, 0, 0, 0
NOTE, 118, 1, 4, 0, 1, 1, 1
NOTE, 118, 3, 8, 1, 1, 0, 0
NOTE, 118, 7, 16, 0, 0, 1, 1
NOTE, 118, 1, 2, 1, 1, 0, 0
NOTE, 118, 9, 16, 0, 0, 0, 1
NOTE, 118, 5, 8, 1, 1, 1, 0
NOTE, 118, 3, 4, 1, 0, 1, 1
NOTE, 118, 7, 8, 0, 1, 1, 0
NOTE, 119, 0, 1, 1, 1, 0, 1
NOTE, 119, 3, 16, 0, 1, 1, 1
NOTE, 119, 3, 8, 0, 0, 1, 1
NOTE, 119, 7, 16, 1, 1, 0, 0
NOTE, 119, 1, 2, 0, 0, 1, 1
NOTE, 119, 9, 16, 1, 1, 0, 0
NOTE, 119, 5, 8, 0, 0, 1, 1
NOTE, 119, 11, 16, 1, 0, 0, 0
NOTE, 119, 3, 4, 0, 1, 1, 1
NOTE, 119, 7, 8, 0, 0, 1, 1
NOTE, 119, 15, 16, 1, 1, 0, 0
NOTE, 120, 0, 1, 0, 0, 1, 1
NOTE, 120, 1, 16, 1, 1, 0, 0
NOTE, 120, 1, 8, 0, 0, 1, 1
NOTE, 120, 3, 16, 1, 1, 0, 0
NOTE, 120, 1, 4, 0, 0, 1, 1
NOTE, 120, 3, 8, 1, 1, 0, 0
NOTE, 120, 7, 16, 0, 0, 0, 1
NOTE, 120, 1, 2, 1, 1, 1, 0
NOTE, 120, 5, 8, 1, 0, 1, 1
NOTE, 120, 3, 4, 0, 1, 1, 1
NOTE, 120, 7, 8, 1, 1, 1, 0
NOTE, 121, 0, 1, 0, 2, 2, 2
NOTE, 121, 1, 8, 0, 3, 3, 3
NOTE, 121, 1, 4, 1, 1, 0, 1
NOTE, 121, 3, 8, 0, 0, 1, 1
NOTE, 121, 7, 16, 1, 1, 0, 0
NOTE, 121, 1, 2, 0, 0, 1, 1
NOTE, 121, 9, 16, 1, 1, 0, 0
NOTE, 121, 5, 8, 0, 0, 1, 1
NOTE, 121, 11, 16, 1, 0, 0, 0
NOTE, 121, 3, 4, 0, 1, 1, 1
NOTE, 121, 7, 8, 0, 0, 1, 1
NOTE, 121, 15, 16, 1, 0, 0, 0
NOTE, 122, 0, 1, 0, 0, 1, 1
NOTE, 122, 1, 16, 1, 1, 0, 0
NOTE, 122, 1, 8, 0, 0, 1, 1
NOTE, 122, 3, 16, 1, 0, 0, 0
NOTE, 122, 1, 4, 0, 1, 1, 1
NOTE, 122, 3, 8, 1, 1, 0, 0
NOTE, 122, 7, 16, 0, 0, 1, 1
NOTE, 122, 1, 2, 1, 1, 0, 0
NOTE, 122, 9, 16, 0, 0, 0, 1
NOTE, 122, 5, 8, 1, 1, 1, 0
NOTE, 122, 3, 4, 1, 0, 1, 1
NOTE, 122, 7, 8, 0, 1, 1, 0
NOTE, 123, 0, 1, 2, 2, 0, 2
NOTE, 123, 1, 8, 3, 3, 0, 3
NOTE, 123, 3, 16, 0, 2, 2, 2
NOTE, 123, 1, 4, 0, 3, 3, 3
NOTE, 123, 3, 8, 0, 0, 1, 1
NOTE, 123, 7, 16, 1, 1, 0, 0
NOTE, 123, 1, 2, 0, 0, 1, 1
NOTE, 123, 9, 16, 1, 1, 0, 0
NOTE, 123, 5, 8, 0, 0, 1, 1
NOTE, 123, 11, 16, 1, 0, 0, 0
NOTE, 123, 3, 4, 0, 1, 1, 1
NOTE, 123, 7, 8, 0, 0, 1, 1
NOTE, 123, 15, 16, 1, 0, 0, 0
NOTE, 124, 0, 1, 0, 1, 1, 1
NOTE, 124, 1, 16, 1, 0, 0, 0
NOTE, 124, 1, 8, 0, 0, 1, 1
NOTE, 124, 3, 16, 1, 1, 0, 0
NOTE, 124, 1, 4, 0, 0, 1, 1
NOTE, 124, 5, 16, 1, 1, 0, 0
NOTE, 124, 3, 8, 0, 0, 1, 1
NOTE, 124, 7, 16, 1, 1, 0, 0
NOTE, 124, 1, 2, 0, 0, 1, 1
NOTE, 124, 5, 8, 0, 1, 1, 0
NOTE, 124, 3, 4, 2, 0, 2, 2
NOTE, 124, 15, 16, 3, 0, 3, 3
NOTE, 125, 0, 1, 2, 2, 0, 2
NOTE, 125, 3, 16, 3, 3, 0, 3
NOTE, 125, 1, 4, 0, 1, 1, 1
NOTE, 125, 3, 8, 0, 0, 1, 1
NOTE, 125, 7, 16, 1, 1, 0, 0
NOTE, 125, 1, 2, 0, 0, 1, 1
NOTE, 125, 9, 16, 1, 1, 0, 0
NOTE, 125, 5, 8, 0, 0, 1, 1
NOTE, 125, 11, 16, 0, 1, 0, 0
NOTE, 125, 3, 4, 1, 0, 1, 0
NOTE, 125, 13, 16, 0, 0, 0, 1
NOTE, 125, 7, 8, 0, 1, 1, 0
NOTE, 125, 15, 16, 0, 0, 0, 1
NOTE, 126, 0, 1, 1, 1, 0, 0
NOTE, 126, 1, 16, 0, 0, 1, 1
NOTE, 126, 1, 8, 1, 1, 0, 0
NOTE, 126, 3, 16, 0, 0, 1, 0
NOTE, 126, 1, 4, 0, 1, 0, 1
NOTE, 126, 5, 16, 1, 0, 0, 0
NOTE, 126, 3, 8, 0, 0, 1, 1
NOTE, 126, 7, 16, 1, 1, 0, 0
NOTE, 126, 1, 2, 0, 0, 1, 1
NOTE, 126, 9, 16, 1, 1, 0, 0
NOTE, 126, 5, 8, 0, 0, 1, 1
NOTE, 126, 11, 16, 1, 0, 0, 0
NOTE, 126, 3, 4, 0, 1, 1, 1
NOTE, 126, 7, 8, 1, 1, 0, 1
NOTE, 127, 0, 1, 0, 2, 2, 2
NOTE, 127, 1, 16, 0, 3, 3, 3
NOTE, 127, 3, 16, 2, 0, 2, 2
NOTE, 127, 1, 4, 3, 0, 3, 3
NOTE, 127, 3, 8, 0, 0, 1, 1
NOTE, 127, 7, 16, 1, 1, 0, 0
NOTE, 127, 1, 2, 0, 0, 1, 1
NOTE, 127, 9, 16, 1, 1, 0, 0
NOTE, 127, 5, 8, 0, 0, 1, 1
NOTE, 127, 11, 16, 0, 1, 0, 0
NOTE, 127, 3, 4, 1, 0, 1, 0
NOTE, 127, 13, 16, 0, 0, 0, 1
NOTE, 127, 7, 8, 0, 1, 1, 0
NOTE, 127, 15, 16, 0, 0, 0, 1
NOTE, 128, 0, 1, 1, 1, 0, 0
NOTE, 128, 1, 16, 0, 0, 1, 1
NOTE, 128, 1, 8, 1, 1, 0, 0
NOTE, 128, 3, 16, 0, 0, 1, 0
NOTE, 128, 1, 4, 0, 1, 0, 1
NOTE, 128, 5, 16, 1, 0, 0, 0
NOTE, 128, 3, 8, 0, 0, 1, 1
NOTE, 128, 7, 16, 1, 1, 0, 0
NOTE, 128, 1, 2, 0, 0, 1, 1
NOTE, 128, 5, 8, 1, 0, 1, 1
NOTE, 128, 3, 4, 0, 1, 1, 1
NOTE, 128, 7, 8, 1, 1, 0, 1
NOTE, 129, 0, 1, 1, 1, 1, 0
NOTE, 129, 1, 16, 0, 0, 0, 1
NOTE, 129, 1, 8, 0, 0, 1, 0
NOTE, 129, 3, 16, 1, 0, 0, 0
NOTE, 129, 1, 4, 0, 0, 1, 1
NOTE, 129, 5, 16, 0, 1, 0, 0
NOTE, 129, 3, 8, 0, 0, 1, 1
NOTE, 129, 7, 16, 1, 1, 0, 0
NOTE, 129, 1, 2, 0, 0, 1, 1
NOTE, 129, 9, 16, 0, 1, 0, 0
NOTE, 129, 5, 8, 0, 0, 1, 0
NOTE, 129, 11, 16, 0, 1, 0, 0
NOTE, 129, 3, 4, 1, 0, 1, 1
NOTE, 129, 13, 16, 0, 1, 0, 0
NOTE, 129, 7, 8, 0, 0, 0, 1
NOTE, 129, 15, 16, 1, 0, 0, 0
NOTE, 130, 0, 1, 0, 0, 1, 1
NOTE, 130, 1, 16, 1, 1, 0, 0
NOTE, 130, 1, 8, 0, 0, 1, 1
NOTE, 130, 3, 16, 0, 1, 0, 0
NOTE, 130, 1, 4, 1, 0, 1, 1
NOTE, 130, 5, 16, 0, 1, 0, 0
NOTE, 130, 3, 8, 0, 0, 1, 1
NOTE, 130, 7, 16, 1, 0, 0, 0
NOTE, 130, 1, 2, 0, 1, 1, 1
NOTE, 130, 5, 8, 1, 1, 0, 1
NOTE, 130, 11, 16, 0, 0, 1, 0
NOTE, 130, 3, 4, 1, 1, 0, 1
NOTE, 130, 13, 16, 0, 0, 1, 0
NOTE, 130, 7, 8, 1, 1, 0, 1
NOTE, 131, 0, 1, 0, 1, 1, 1
NOTE, 131, 1, 8, 1, 1, 0, 1
NOTE, 131, 1, 4, 0, 1, 1, 1
NOTE, 131, 3, 8, 0, 1, 1, 1
NOTE, 131, 1, 2, 1, 1, 0, 1
NOTE, 131, 5, 8, 1, 1, 1, 0
NOTE, 131, 3, 4, 1, 0, 1, 1
NOTE, 131, 7, 8, 0, 1, 1, 1
NOTE, 132, 0, 1, 1, 1, 0, 0
NOTE, 132, 1, 16, 0, 0, 1, 1
NOTE, 132, 1, 8, 1, 1, 0, 0
NOTE, 132, 3, 16, 0, 0, 0, 1
NOTE, 132, 1, 4, 2, 2, 2, 0
NOTE, 132, 5, 12, 3, 3, 3, 0
NOTE, 132, 1, 2, 2, 0, 2, 2
NOTE, 132, 2, 3, 3, 0, 3, 3
NOTE, 132, 3, 4, 2, 2, 2, 0
NOTE, 132, 11, 12, 3, 3, 3, 0
NOTE, 133, 0, 1, 2, 2, 2, 2
NOTE, 133, 1, 2, 0, 0, 0, 3
NOTE, 133, 3, 4, 0, 0, 3, 0
NOTE, 134, 0, 1, 0, 3, 0, 0
NOTE, 134, 1, 4, 3, 0, 0, 0
NOTE, 134, 1, 2, 1, 0, 0, 0
NOTE, 134, 3, 4, 0, 1, 0, 0
NOTE, 135, 0, 1, 0, 0, 1, 0
NOTE, 135, 1, 8, 0, 0, 1, 0
NOTE, 135, 1, 4, 0, 0, 1, 0
NOTE, 135, 3, 8, 0, 0, 1, 0
NOTE, 135, 1, 2, 0, 1, 0, 2
NOTE, 135, 9, 16, 0, 0, 0, 3
NOTE, 135, 5, 8, 0, 1, 0, 0
NOTE, 135, 3, 4, 0, 1, 0, 2
NOTE, 135, 13, 16, 0, 0, 0, 3
NOTE, 135, 7, 8, 0, 1, 0, 0
NOTE, 136, 0, 1, 2, 0, 0, 1
NOTE, 136, 1, 16, 3, 0, 0, 0
NOTE, 136, 1, 8, 0, 0, 0, 1
NOTE, 136, 1, 4, 0, 0, 0, 1
NOTE, 136, 3, 8, 0, 0, 0, 1
NOTE, 136, 1, 2, 1, 2, 0, 0
NOTE, 136, 9, 16, 0, 3, 0, 0
NOTE, 136, 5, 8, 1, 0, 0, 0
NOTE, 136, 3, 4, 1, 0, 2, 0
NOTE, 136, 13, 16, 0, 0, 3, 0
NOTE, 136, 7, 8, 1, 0, 0, 0
NOTE, 137, 0, 1, 0, 1, 0, 2
NOTE, 137, 1, 16, 0, 0, 0, 3
NOTE, 137, 1, 8, 0, 1, 0, 0
NOTE, 137, 1, 4, 0, 1, 2, 0
NOTE, 137, 5, 16, 0, 0, 3, 0
NOTE, 137, 3, 8, 0, 1, 0, 0
NOTE, 137, 1, 2, 2, 0, 0, 1
NOTE, 137, 9, 16, 3, 0, 0, 0
NOTE, 137, 5, 8, 0, 0, 0, 1
NOTE, 137, 3, 4, 0, 2, 0, 1
NOTE, 137, 13, 16, 0, 3, 0, 0
NOTE, 137, 7, 8, 0, 0, 0, 1
NOTE, 138, 0, 1, 0, 1, 2, 0
NOTE, 138, 1, 16, 0, 0, 3, 0
NOTE, 138, 1, 8, 0, 1, 0, 0
NOTE, 138, 1, 4, 0, 1, 0, 0
NOTE, 138, 3, 8, 0, 1, 0, 0
NOTE, 138, 1, 2, 0, 0, 1, 2
NOTE, 138, 9, 16, 0, 0, 0, 3
NOTE, 138, 5, 8, 0, 0, 1, 0
NOTE, 138, 3, 4, 2, 0, 1, 0
NOTE, 138, 13, 16, 3, 0, 0, 0
NOTE, 138, 7, 8, 0, 0, 1, 0
NOTE, 139, 0, 1, 0, 1, 0, 2
NOTE, 139, 1, 16, 0, 0, 0, 3
NOTE, 139, 1, 8, 0, 1, 0, 0
NOTE, 139, 1, 4, 0, 1, 0, 0
NOTE, 139, 3, 8, 0, 0, 1, 0
NOTE, 139, 1, 2, 2, 0, 0, 1
NOTE, 139, 5, 8, 3, 1, 2, 0
NOTE, 139, 3, 4, 2, 0, 3, 1
NOTE, 139, 7, 8, 3, 2, 1, 0
NOTE, 140, 0, 1, 0, 3, 1, 2
NOTE, 140, 1, 16, 0, 0, 0, 3
NOTE, 140, 1, 8, 0, 0, 1, 0
NOTE, 140, 1, 4, 0, 2, 1, 0
NOTE, 140, 5, 16, 0, 3, 0, 0
NOTE, 140, 3, 8, 0, 0, 1, 0
NOTE, 140, 1, 2, 1, 0, 0, 2
NOTE, 140, 9, 16, 0, 0, 0, 3
NOTE, 140, 5, 8, 1, 0, 0, 0
NOTE, 140, 3, 4, 1, 0, 2, 0
NOTE, 140, 13, 16, 0, 0, 3, 0
NOTE, 140, 7, 8, 1, 0, 0, 0
NOTE, 141, 0, 1, 0, 2, 1, 0
NOTE, 141, 1, 16, 0, 3, 0, 0
NOTE, 141, 1, 8, 0, 0, 1, 0
NOTE, 141, 1, 4, 2, 0, 1, 0
NOTE, 141, 5, 16, 3, 0, 0, 0
NOTE, 141, 3, 8, 0, 0, 1, 0
NOTE, 141, 1, 2, 0, 2, 0, 1
NOTE, 141, 9, 16, 0, 3, 0, 0
NOTE, 141, 5, 8, 0, 0, 0, 1
NOTE, 141, 3, 4, 2, 0, 0, 1
NOTE, 141, 13, 16, 3, 0, 0, 0
NOTE, 141, 7, 8, 0, 0, 0, 1
NOTE, 142, 0, 1, 0, 1, 2, 0
NOTE, 142, 1, 16, 0, 0, 3, 0
NOTE, 142, 1, 8, 0, 1, 0, 0
NOTE, 142, 1, 4, 0, 1, 0, 0
NOTE, 142, 3, 8, 1, 0, 0, 2
NOTE, 142, 1, 2, 0, 1, 2, 3
NOTE, 142, 5, 8, 1, 2, 3, 0
NOTE, 142, 3, 4, 0, 3, 2, 2
NOTE, 142, 13, 16, 0, 0, 3, 3
NOTE, 142, 7, 8, 2, 0, 0, 2
NOTE, 142, 15, 16, 3, 0, 0, 3
NOTE, 143, 0, 1, 0, 2, 2, 0
NOTE, 143, 1, 8, 2, 0, 3, 2
NOTE, 143, 1, 4, 3, 3, 2, 3
NOTE, 143, 3, 8, 2, 2, 3, 0
NOTE, 143, 1, 2, 3, 3, 2, 2
NOTE, 143, 5, 8, 2, 2, 0, 3
NOTE, 143, 3, 4, 3, 0, 3, 2
NOTE, 143, 7, 8, 0, 3, 2, 0
NOTE, 144, 0, 1, 2, 2, 3, 3
NOTE, 144, 1, 8, 3, 0, 2, 0
NOTE, 144, 1, 4, 2, 3, 3, 2
NOTE, 144, 3, 8, 3, 2, 2, 3
NOTE, 144, 1, 2, 2, 3, 3, 2
NOTE, 144, 5, 8, 3, 2, 2, 3
NOTE, 144, 3, 4, 2, 0, 3, 0
NOTE, 144, 7, 8, 0, 3, 0, 2
NOTE, 145, 0, 1, 3, 2, 2, 0
NOTE, 145, 1, 8, 2, 3, 3, 3
NOTE, 145, 1, 4, 3, 2, 0, 2
NOTE, 145, 3, 8, 0, 0, 2, 3
NOTE, 145, 1, 2, 2, 3, 3, 2
NOTE, 145, 5, 8, 0, 2, 0, 3
NOTE, 145, 3, 4, 3, 3, 2, 2
NOTE, 145, 7, 8, 2, 2, 3, 3
NOTE, 146, 0, 1, 3, 3, 2, 2
NOTE, 146, 1, 8, 0, 2, 0, 0
NOTE, 146, 1, 4, 2, 0, 3, 0
NOTE, 146, 3, 8, 0, 3, 2, 0
NOTE, 146, 7, 16, 3, 0, 0, 0
NOTE, 146, 1, 2, 0, 2, 0, 0
NOTE, 146, 5, 8, 2, 0, 3, 3
NOTE, 146, 11, 16, 0, 3, 0, 0
NOTE, 146, 3, 4, 0, 0, 0, 2
NOTE, 146, 7, 8, 3, 0, 0, 3
NOTE, 147, 0, 1, 0, 0, 0, 1
NOTE, 147, 1, 32, 0, 0, 1, 0
NOTE, 147, 1, 16, 0, 1, 0, 0
NOTE, 147, 3, 32, 1, 0, 0, 0
NOTE, 152, 1, 2, 0, 0, 0, 1
NOTE, 152, 3, 4, 0, 0, 1, 0
NOTE, 153, 0, 1, 0, 1, 0, 1
NOTE, 153, 1, 8, 0, 0, 1, 0
NOTE, 153, 1, 4, 1, 0, 0, 0
NOTE, 153, 3, 8, 0, 0, 0, 1
NOTE, 153, 1, 2, 0, 1, 1, 0
NOTE, 153, 5, 8, 0, 0, 0, 1
NOTE, 153, 3, 4, 1, 1, 0, 0
NOTE, 153, 7, 8, 0, 0, 1, 0
NOTE, 154, 0, 1, 0, 1, 0, 1
NOTE, 154, 1, 8, 1, 0, 0, 0
NOTE, 154, 1, 4, 0, 1, 0, 0
NOTE, 154, 3, 8, 1, 0, 0, 0
NOTE, 154, 1, 2, 0, 0, 1, 1
NOTE, 154, 5, 8, 0, 1, 0, 0
NOTE, 154, 3, 4, 1, 0, 1, 0
NOTE, 154, 7, 8, 0, 1, 0, 0
NOTE, 155, 0, 1, 0, 0, 1, 1
NOTE, 155, 1, 8, 0, 1, 0, 0
NOTE, 155, 1, 4, 1, 0, 0, 1
NOTE, 155, 3, 8, 0, 0, 1, 0
NOTE, 155, 1, 2, 1, 0, 0, 1
NOTE, 155, 5, 8, 0, 1, 0, 0
NOTE, 155, 3, 4, 1, 0, 0, 1
NOTE, 155, 7, 8, 0, 0, 1, 0
NOTE, 156, 0, 1, 1, 1, 0, 0
NOTE, 156, 1, 8, 0, 0, 1, 0
NOTE, 156, 1, 4, 0, 1, 0, 0
NOTE, 156, 3, 8, 0, 0, 0, 1
NOTE, 156, 1, 2, 1, 1, 0, 0
NOTE, 156, 5, 8, 0, 0, 1, 0
NOTE, 156, 3, 4, 1, 0, 0, 1
NOTE, 156, 7, 8, 0, 0, 1, 0
NOTE, 157, 0, 1, 1, 1, 0, 0
NOTE, 157, 1, 8, 0, 0, 1, 0
NOTE, 157, 1, 4, 2, 0, 0, 0
NOTE, 157, 1, 3, 3, 0, 0, 0
NOTE, 157, 3, 8, 0, 0, 0, 1
NOTE, 157, 1, 2, 0, 1, 1, 0
NOTE, 157, 5, 8, 1, 0, 0, 0
NOTE, 157, 3, 4, 0, 0, 1, 1
NOTE, 157, 7, 8, 1, 0, 0, 0
NOTE, 158, 0, 1, 0, 0, 1, 1
NOTE, 158, 1, 8, 0, 1, 0, 0
NOTE, 158, 1, 4, 1, 0, 0, 2
NOTE, 158, 1, 3, 0, 0, 0, 3
NOTE, 158, 3, 8, 0, 0, 1, 0
NOTE, 158, 1, 2, 1, 1, 0, 0
NOTE, 158, 5, 8, 0, 0, 0, 1
NOTE, 158, 3, 4, 1, 1, 0, 0
NOTE, 158, 7, 8, 0, 0, 0, 1
NOTE, 159, 0, 1, 0, 1, 1, 0
NOTE, 159, 1, 8, 1, 0, 0, 0
NOTE, 159, 1, 4, 0, 0, 1, 2
NOTE, 159, 1, 3, 0, 0, 0, 3
NOTE, 159, 3, 8, 0, 1, 0, 0
NOTE, 159, 1, 2, 1, 0, 1, 0
NOTE, 159, 5, 8, 0, 0, 0, 1
NOTE, 159, 3, 4, 1, 1, 0, 0
NOTE, 159, 7, 8, 0, 0, 1, 0
NOTE, 160, 0, 1, 0, 1, 0, 1
NOTE, 160, 1, 8, 0, 0, 1, 0
NOTE, 160, 1, 4, 2, 0, 0, 0
NOTE, 160, 1, 3, 3, 0, 0, 0
NOTE, 160, 3, 8, 0, 1, 0, 0
NOTE, 160, 1, 2, 0, 0, 1, 1
NOTE, 160, 5, 8, 1, 1, 1, 0
NOTE, 160, 3, 4, 1, 0, 1, 1
NOTE, 160, 7, 8, 0, 1, 0, 0
NOTE, 161, 0, 1, 1, 0, 1, 1
NOTE, 161, 1, 8, 0, 1, 0, 0
NOTE, 161, 1, 4, 1, 0, 1, 0
NOTE, 161, 3, 8, 0, 1, 0, 0
NOTE, 161, 1, 2, 1, 0, 1, 1
NOTE, 161, 5, 8, 0, 1, 0, 0
NOTE, 161, 3, 4, 0, 0, 1, 1
NOTE, 161, 7, 8, 1, 0, 0, 0
NOTE, 162, 0, 1, 0, 0, 1, 1
NOTE, 162, 1, 8, 0, 1, 0, 0
NOTE, 162, 1, 4, 1, 0, 1, 0
NOTE, 162, 3, 8, 0, 1, 0, 1
NOTE, 162, 1, 2, 1, 1, 1, 0
NOTE, 162, 5, 8, 0, 0, 1, 0
NOTE, 162, 3, 4, 0, 1, 0, 1
NOTE, 162, 7, 8, 1, 0, 0, 0
NOTE, 163, 0, 1, 0, 0, 1, 1
NOTE, 163, 1, 8, 0, 1, 0, 0
NOTE, 163, 1, 4, 1, 0, 1, 0
NOTE, 163, 3, 8, 0, 0, 0, 1
NOTE, 163, 1, 2, 1, 1, 1, 0
NOTE, 163, 5, 8, 0, 0, 0, 1
NOTE, 163, 3, 4, 1, 0, 1, 0
NOTE, 163, 7, 8, 0, 1, 0, 0
NOTE, 164, 0, 1, 0, 0, 1, 1
NOTE, 164, 1, 8, 1, 1, 0, 0
NOTE, 164, 1, 4, 0, 1, 1, 0
NOTE, 164, 3, 8, 0, 0, 0, 1
NOTE, 164, 1, 2, 1, 1, 1, 0
NOTE, 164, 5, 8, 0, 0, 0, 1
NOTE, 164, 3, 4, 0, 1, 1, 0
NOTE, 164, 7, 8, 1, 0, 0, 0
NOTE, 165, 0, 1, 0, 0, 1, 1
NOTE, 165, 1, 8, 1, 0, 0, 0
NOTE, 165, 1, 4, 0, 0, 1, 1
NOTE, 165, 3, 8, 0, 1, 0, 0
NOTE, 165, 1, 2, 1, 0, 1, 1
NOTE, 165, 5, 8, 0, 1, 0, 0
NOTE, 165, 3, 4, 1, 0, 1, 0
NOTE, 165, 7, 8, 0, 0, 0, 1
NOTE, 166, 0, 1, 0, 1, 1, 0
NOTE, 166, 1, 8, 1, 0, 0, 0
NOTE, 166, 1, 4, 0, 0, 1, 1
NOTE, 166, 3, 8, 0, 1, 0, 0
NOTE, 166, 1, 2, 1, 0, 1, 1
NOTE, 166, 5, 8, 0, 1, 0, 0
NOTE, 166, 3, 4, 2, 0, 2, 2
NOTE, 166, 7, 8, 3, 0, 3, 3
NOTE, 167, 0, 1, 0, 2, 1, 1
NOTE, 167, 1, 8, 0, 3, 0, 0
NOTE, 167, 1, 4, 1, 1, 2, 0
NOTE, 167, 3, 8, 0, 0, 3, 0
NOTE, 167, 1, 2, 0, 2, 1, 1
NOTE, 167, 5, 8, 0, 3, 0, 0
NOTE, 167, 3, 4, 1, 1, 2, 0
NOTE, 167, 7, 8, 0, 0, 3, 0
NOTE, 168, 0, 1, 0, 0, 1, 0
NOTE, 168, 1, 16, 0, 1, 0, 0
NOTE, 168, 1, 8, 1, 0, 0, 0
NOTE, 168, 3, 16, 0, 1, 0, 0
NOTE, 168, 1, 4, 0, 0, 0, 1
NOTE, 168, 5, 16, 0, 0, 1, 0
NOTE, 168, 3, 8, 1, 0, 0, 0
NOTE, 168, 7, 16, 0, 1, 0, 0
NOTE, 168, 1, 2, 0, 0, 1, 0
NOTE, 168, 9, 16, 1, 0, 0, 0
NOTE, 168, 5, 8, 0, 0, 0, 1
NOTE, 168, 11, 16, 0, 1, 0, 0
NOTE, 168, 3, 4, 0, 0, 0, 1
NOTE, 168, 13, 16, 0, 0, 1, 0
NOTE, 168, 7, 8, 1, 0, 0, 0
NOTE, 168, 15, 16, 0, 1, 0, 0
NOTE, 169, 0, 1, 2, 0, 2, 2
NOTE, 170, 13, 16, 3, 0, 3, 3
NOTE, 171, 0, 1, 1, 0, 0, 1
NOTE, 171, 1, 16, 0, 0, 1, 0
NOTE, 171, 1, 8, 0, 1, 0, 0
NOTE, 171, 3, 16, 1, 0, 0, 0
NOTE, 171, 1, 4, 0, 0, 1, 0
NOTE, 171, 5, 16, 1, 0, 0, 0
NOTE, 171, 3, 8, 0, 1, 0, 0
NOTE, 171, 7, 16, 0, 0, 1, 0
NOTE, 171, 1, 2, 0, 0, 0, 1
NOTE, 171, 9, 16, 1, 0, 0, 0
NOTE, 171, 5, 8, 0, 0, 1, 0
NOTE, 171, 11, 16, 0, 1, 0, 0
NOTE, 171, 3, 4, 1, 0, 0, 0
NOTE, 171, 13, 16, 0, 0, 0, 1
NOTE, 171, 7, 8, 1, 0, 0, 0
NOTE, 171, 15, 16, 0, 1, 0, 0
NOTE, 172, 0, 1, 0, 0, 1, 1
NOTE, 172, 1, 16, 1, 1, 0, 0
NOTE, 172, 1, 8, 0, 0, 1, 1
NOTE, 172, 3, 16, 1, 1, 0, 0
NOTE, 172, 1, 4, 0, 0, 1, 1
NOTE, 172, 5, 16, 1, 1, 0, 0
NOTE, 172, 3, 8, 0, 0, 1, 0
NOTE, 172, 7, 16, 0, 0, 0, 1
NOTE, 172, 1, 2, 0, 2, 0, 0
NOTE, 172, 9, 16, 2, 0, 0, 0
NOTE, 172, 5, 8, 0, 3, 2, 0
NOTE, 172, 11, 16, 3, 0, 0, 2
NOTE, 172, 3, 4, 2, 0, 3, 0
NOTE, 172, 13, 16, 0, 2, 0, 3
NOTE, 172, 7, 8, 3, 0, 2, 0
NOTE, 172, 15, 16, 2, 3, 3, 0
NOTE, 173, 0, 1, 3, 2, 0, 2
NOTE, 173, 1, 16, 0, 0, 2, 3
NOTE, 173, 1, 8, 2, 0, 3, 0
NOTE, 173, 3, 16, 0, 3, 0, 2
NOTE, 173, 1, 4, 3, 0, 2, 3
NOTE, 173, 5, 16, 0, 2, 0, 0
NOTE, 173, 3, 8, 2, 3, 3, 0
NOTE, 173, 7, 16, 3, 0, 0, 2
NOTE, 173, 1, 2, 0, 2, 2, 3
NOTE, 173, 9, 16, 2, 0, 3, 0
NOTE, 173, 5, 8, 3, 3, 0, 2
NOTE, 173, 11, 16, 0, 2, 2, 3
NOTE, 173, 3, 4, 0, 3, 0, 2
NOTE, 173, 13, 16, 2, 0, 3, 3
NOTE, 173, 7, 8, 3, 0, 2, 2
NOTE, 173, 15, 16, 0, 2, 3, 0
NOTE, 174, 0, 1, 2, 3, 2, 3
NOTE, 174, 1, 16, 0, 2, 3, 0
NOTE, 174, 1, 8, 3, 0, 2, 2
NOTE, 174, 3, 16, 2, 3, 3, 0
NOTE, 174, 1, 4, 3, 2, 0, 3
NOTE, 174, 5, 16, 0, 3, 2, 0
NOTE, 174, 3, 8, 0, 0, 3, 2
NOTE, 174, 7, 16, 0, 2, 0, 3
NOTE, 174, 1, 2, 2, 0, 2, 0
NOTE, 174, 9, 16, 3, 3, 0, 2
NOTE, 174, 5, 8, 2, 0, 3, 3
NOTE, 174, 11, 16, 3, 2, 0, 2
NOTE, 174, 3, 4, 2, 3, 0, 0
NOTE, 174, 13, 16, 3, 0, 2, 3
NOTE, 174, 7, 8, 2, 2, 3, 0
NOTE, 174, 15, 16, 0, 3, 2, 0
NOTE, 175, 0, 1, 3, 2, 3, 2
NOTE, 175, 1, 16, 0, 0, 2, 3
NOTE, 175, 1, 8, 2, 3, 3, 0
NOTE, 175, 3, 16, 0, 0, 0, 2
NOTE, 175, 1, 4, 3, 0, 2, 3
NOTE, 175, 5, 16, 0, 2, 0, 0
NOTE, 175, 3, 8, 2, 0, 3, 0
NOTE, 175, 7, 16, 3, 3, 0, 2
NOTE, 175, 1, 2, 0, 0, 2, 3
NOTE, 175, 9, 16, 2, 2, 0, 0
NOTE, 175, 5, 8, 3, 3, 3, 2
NOTE, 175, 11, 16, 0, 2, 2, 3
NOTE, 175, 3, 4, 2, 0, 3, 2
NOTE, 175, 13, 16, 0, 3, 0, 3
NOTE, 175, 7, 8, 3, 0, 2, 2
NOTE, 175, 15, 16, 0, 2, 3, 0
NOTE, 176, 0, 1, 2, 3, 0, 3
NOTE, 176, 1, 16, 0, 2, 0, 0
NOTE, 176, 1, 8, 3, 3, 2, 2
NOTE, 176, 3, 16, 0, 2, 3, 0
NOTE, 176, 1, 4, 2, 0, 0, 3
NOTE, 176, 5, 16, 3, 3, 2, 0
NOTE, 176, 3, 8, 2, 0, 0, 2
NOTE, 176, 7, 16, 3, 2, 3, 0
NOTE, 176, 1, 2, 2, 0, 0, 3
NOTE, 176, 9, 16, 3, 3, 0, 0
NOTE, 176, 7, 12, 0, 0, 0, 2
NOTE, 176, 5, 8, 0, 0, 2, 3
NOTE, 176, 2, 3, 2, 0, 3, 0
NOTE, 176, 17, 24, 3, 2, 0, 0
NOTE, 176, 3, 4, 0, 3, 0, 2
NOTE, 176, 19, 24, 0, 0, 2, 3
NOTE, 176, 5, 6, 2, 0, 3, 0
NOTE, 176, 7, 8, 3, 2, 0, 0
NOTE, 176, 11, 12, 0, 3, 0, 2
NOTE, 176, 23, 24, 0, 0, 2, 3
NOTE, 177, 0, 1, 2, 0, 3, 0
NOTE, 177, 1, 16, 0, 0, 0, 2
NOTE, 177, 1, 8, 3, 2, 0, 3
NOTE, 177, 3, 16, 0, 0, 0, 2
NOTE, 177, 1, 4, 0, 3, 2, 3
NOTE, 177, 5, 16, 0, 2, 0, 0
NOTE, 177, 3, 8, 2, 3, 3, 0
NOTE, 177, 7, 16, 3, 0, 0, 2
NOTE, 177, 1, 2, 0, 2, 2, 3
NOTE, 177, 9, 16, 2, 0, 3, 0
NOTE, 177, 5, 8, 0, 3, 0, 2
NOTE, 177, 11, 16, 3, 2, 2, 3
NOTE, 177, 3, 4, 0, 3, 0, 2
NOTE, 177, 13, 16, 2, 2, 3, 3
NOTE, 177, 7, 8, 3, 3, 2, 2
NOTE, 177, 15, 16, 0, 2, 3, 0
NOTE, 178, 0, 1, 2, 3, 2, 3
NOTE, 178, 1, 16, 3, 2, 0, 0
NOTE, 178, 1, 8, 0, 3, 3, 2
NOTE, 178, 3, 16, 0, 2, 0, 0
NOTE, 178, 1, 4, 2, 0, 0, 3
NOTE, 178, 5, 16, 3, 3, 2, 0
NOTE, 178, 3, 8, 0, 0, 3, 2
NOTE, 178, 7, 16, 0, 2, 0, 3
NOTE, 178, 1, 2, 2, 0, 2, 0
NOTE, 178, 9, 16, 3, 3, 3, 2
NOTE, 178, 5, 8, 2, 0, 0, 0
NOTE, 178, 11, 16, 3, 2, 2, 3
NOTE, 178, 3, 4, 2, 0, 3, 0
NOTE, 178, 13, 16, 3, 3, 2, 2
NOTE, 178, 7, 8, 2, 2, 0, 3
NOTE, 178, 15, 16, 0, 3, 3, 0
NOTE, 179, 0, 1, 3, 2, 0, 2
NOTE, 179, 1, 16, 0, 0, 2, 3
NOTE, 179, 1, 8, 2, 3, 3, 0
NOTE, 179, 3, 16, 0, 0, 0, 2
NOTE, 179, 1, 4, 3, 0, 2, 3
NOTE, 179, 5, 16, 0, 2, 0, 0
NOTE, 179, 3, 8, 2, 0, 3, 0
NOTE, 179, 7, 16, 3, 3, 0, 2
NOTE, 179, 1, 2, 0, 2, 2, 3
NOTE, 179, 9, 16, 2, 0, 3, 0
NOTE, 179, 5, 8, 0, 3, 0, 2
NOTE, 179, 11, 16, 3, 0, 2, 3
NOTE, 179, 3, 4, 0, 2, 3, 2
NOTE, 179, 13, 16, 2, 0, 0, 3
NOTE, 179, 7, 8, 3, 3, 2, 2
NOTE, 179, 15, 16, 0, 2, 3, 3
NOTE, 180, 0, 1, 2, 3, 2, 0
NOTE, 180, 1, 16, 0, 2, 3, 2
NOTE, 180, 1, 8, 3, 3, 2, 0
NOTE, 180, 3, 16, 2, 2, 0, 3
NOTE, 180, 1, 4, 0, 3, 3, 2
NOTE, 180, 5, 16, 3, 2, 2, 3
NOTE, 180, 3, 8, 2, 3, 0, 2
NOTE, 180, 7, 16, 3, 2, 3, 3
NOTE, 180, 1, 2, 2, 0, 0, 2
NOTE, 180, 9, 16, 3, 3, 2, 0
NOTE, 180, 5, 8, 2, 2, 3, 3
NOTE, 180, 11, 16, 3, 3, 0, 2
NOTE, 180, 3, 4, 2, 2, 2, 3
NOTE, 180, 15, 16, 3, 3, 3, 0
NOTE, 181, 0, 1, 0, 0, 1, 1
NOTE, 181, 1, 16, 1, 0, 0, 0
NOTE, 181, 1, 8, 0, 1, 0, 0
NOTE, 181, 3, 16, 0, 0, 0, 1
NOTE, 181, 1, 4, 0, 1, 0, 0
NOTE, 181, 5, 16, 1, 0, 0, 0
NOTE, 181, 3, 8, 0, 0, 1, 0
NOTE, 181, 7, 16, 1, 0, 0, 0
NOTE, 181, 1, 2, 0, 0, 1, 1
NOTE, 181, 9, 16, 0, 1, 0, 0
NOTE, 181, 5, 8, 1, 0, 0, 0
NOTE, 181, 11, 16, 0, 0, 1, 0
NOTE, 181, 3, 4, 1, 0, 0, 1
NOTE, 181, 13, 16, 0, 1, 0, 0
NOTE, 181, 7, 8, 0, 0, 1, 0
NOTE, 181, 15, 16, 0, 0, 0, 1
NOTE, 182, 0, 1, 1, 1, 0, 0
NOTE, 182, 1, 16, 0, 0, 0, 1
NOTE, 182, 1, 8, 0, 0, 1, 0
NOTE, 182, 3, 16, 0, 1, 0, 0
NOTE, 182, 1, 4, 0, 0, 0, 1
NOTE, 182, 5, 16, 0, 1, 0, 0
NOTE, 182, 3, 8, 1, 0, 0, 0
NOTE, 182, 7, 16, 0, 0, 1, 0
NOTE, 182, 1, 2, 0, 0, 0, 1
NOTE, 182, 9, 16, 0, 1, 0, 0
NOTE, 182, 5, 8, 1, 0, 0, 0
NOTE, 182, 11, 16, 0, 0, 1, 0
NOTE, 182, 3, 4, 0, 0, 0, 1
NOTE, 182, 19, 24, 0, 0, 1, 0
NOTE, 182, 5, 6, 1, 0, 0, 0
NOTE, 182, 7, 8, 0, 1, 0, 0
NOTE, 182, 11, 12, 0, 0, 0, 1
NOTE, 182, 23, 24, 0, 0, 1, 0
NOTE, 183, 0, 1, 1, 0, 0, 0
NOTE, 183, 1, 16, 0, 0, 0, 1
NOTE, 183, 1, 8, 1, 0, 0, 0
NOTE, 183, 1, 6, 0, 1, 0, 0
NOTE, 183, 5, 24, 0, 0, 0, 1
NOTE, 183, 1, 4, 0, 0, 1, 0
NOTE, 183, 7, 24, 1, 0, 0, 0
NOTE, 183, 1, 3, 0, 1, 0, 0
NOTE, 183, 3, 8, 0, 0, 1, 0
NOTE, 183, 5, 12, 0, 0, 0, 1
NOTE, 183, 11, 24, 1, 0, 0, 0
NOTE, 183, 1, 2, 0, 0, 1, 0
NOTE, 183, 13, 24, 0, 1, 0, 0
NOTE, 183, 7, 12, 1, 0, 0, 0
NOTE, 183, 5, 8, 0, 0, 0, 1
NOTE, 183, 2, 3, 0, 0, 1, 0
NOTE, 183, 3, 4, 1, 1, 0, 0
NOTE, 183, 13, 16, 0, 0, 1, 1
NOTE, 183, 7, 8, 1, 1, 0, 0
NOTE, 183, 15, 16, 0, 0, 1, 1
NOTE, 184, 0, 1, 1, 1, 0, 0
NOTE, 184, 1, 12, 0, 0, 1, 0
NOTE, 184, 1, 8, 0, 0, 0, 1
NOTE, 184, 1, 6, 0, 1, 0, 0
NOTE, 184, 5, 24, 1, 0, 0, 0
NOTE, 184, 1, 4, 0, 0, 1, 0
NOTE, 184, 7, 24, 0, 0, 0, 1
NOTE, 184, 1, 3, 1, 0, 0, 0
NOTE, 184, 3, 8, 0, 1, 0, 0
NOTE, 184, 5, 12, 0, 0, 0, 1
NOTE, 184, 11, 24, 0, 0, 1, 0
NOTE, 184, 1, 2, 1, 0, 0, 0
NOTE, 184, 13, 24, 0, 1, 0, 0
NOTE, 184, 7, 12, 0, 0, 0, 1
NOTE, 184, 5, 8, 1, 0, 0, 0
NOTE, 184, 2, 3, 0, 0, 1, 0
NOTE, 184, 17, 24, 0, 0, 0, 1
NOTE, 184, 3, 4, 1, 0, 0, 0
NOTE, 184, 25, 32, 0, 1, 0, 0
NOTE, 184, 13, 16, 0, 0, 1, 0
NOTE, 184, 27, 32, 0, 0, 0, 1
NOTE, 184, 7, 8, 1, 0, 0, 0
NOTE, 184, 11, 12, 0, 1, 0, 0
NOTE, 185, 0, 1, 0, 0, 1, 1
NOTE, 185, 1, 16, 0, 1, 0, 0
NOTE, 185, 1, 8, 0, 0, 1, 1
NOTE, 185, 3, 16, 1, 0, 0, 0
NOTE, 185, 1, 4, 0, 1, 1, 0
NOTE, 185, 5, 16, 1, 0, 0, 0
NOTE, 185, 3, 8, 0, 1, 0, 1
NOTE, 185, 7, 16, 0, 0, 1, 0
NOTE, 185, 1, 2, 1, 1, 0, 0
NOTE, 185, 9, 16, 0, 0, 0, 1
NOTE, 185, 5, 8, 0, 1, 1, 0
NOTE, 185, 11, 16, 1, 0, 0, 0
NOTE, 185, 3, 4, 0, 2, 2, 2
NOTE, 185, 7, 8, 0, 3, 3, 3
NOTE, 186, 0, 1, 0, 0, 1, 1
NOTE, 186, 1, 24, 0, 1, 0, 0
NOTE, 186, 1, 12, 1, 0, 0, 0
NOTE, 186, 1, 8, 0, 0, 1, 1
NOTE, 186, 3, 16, 1, 0, 0, 0
NOTE, 186, 1, 4, 0, 1, 1, 0
NOTE, 186, 5, 16, 1, 0, 0, 0
NOTE, 186, 3, 8, 0, 0, 1, 1
NOTE, 186, 5, 12, 0, 1, 0, 0
NOTE, 186, 11, 24, 1, 0, 0, 0
NOTE, 186, 1, 2, 0, 0, 0, 1
NOTE, 186, 17, 32, 0, 0, 1, 0
NOTE, 186, 9, 16, 1, 0, 0, 0
NOTE, 186, 19, 32, 0, 1, 0, 0
NOTE, 186, 5, 8, 0, 0, 0, 1
NOTE, 186, 21, 32, 0, 0, 1, 0
NOTE, 186, 11, 16, 0, 1, 0, 0
NOTE, 186, 3, 4, 2, 0, 2, 2
NOTE, 186, 7, 8, 3, 0, 3, 3
NOTE, 187, 0, 1, 1, 1, 0, 1
NOTE, 187, 1, 8, 0, 0, 1, 0
NOTE, 187, 1, 4, 1, 0, 0, 0
NOTE, 187, 3, 8, 0, 0, 0, 1
NOTE, 187, 1, 2, 1, 0, 0, 0
NOTE, 187, 5, 8, 0, 0, 1, 0
NOTE, 187, 3, 4, 1, 0, 0, 0
NOTE, 187, 7, 8, 0, 1, 0, 0
NOTE, 188, 0, 1, 0, 0, 1, 0
NOTE, 188, 1, 8, 0, 0, 1, 0
NOTE, 188, 1, 4, 0, 0, 2, 0
NOTE, 188, 7, 16, 0, 0, 3, 0
NOTE, 188, 1, 2, 0, 2, 0, 0
NOTE, 188, 9, 16, 0, 3, 0, 0
NOTE, 188, 5, 8, 1, 0, 1, 1
NOTE, 188, 3, 4, 2, 0, 2, 2
NOTE, 188, 7, 8, 3, 0, 3, 3
NOTE, 189, 0, 1, 1, 1, 0, 1
NOTE, 189, 1, 16, 0, 0, 1, 0
NOTE, 189, 1, 8, 0, 1, 0, 0
NOTE, 189, 3, 16, 0, 0, 0, 1
NOTE, 189, 1, 4, 1, 1, 1, 0
NOTE, 189, 5, 16, 0, 0, 0, 1
NOTE, 189, 3, 8, 1, 0, 0, 0
NOTE, 189, 7, 16, 0, 1, 0, 0
NOTE, 189, 1, 2, 1, 0, 1, 1
NOTE, 189, 9, 16, 0, 1, 0, 0
NOTE, 189, 5, 8, 0, 0, 0, 1
NOTE, 189, 11, 16, 1, 0, 0, 0
NOTE, 189, 3, 4, 0, 1, 1, 1
NOTE, 189, 13, 16, 1, 0, 0, 0
NOTE, 189, 7, 8, 0, 0, 0, 1
NOTE, 189, 15, 16, 0, 0, 1, 0
NOTE, 190, 0, 1, 1, 1, 0, 1
NOTE, 190, 1, 16, 0, 0, 1, 0
NOTE, 190, 1, 8, 0, 1, 0, 0
NOTE, 190, 3, 16, 1, 0, 0, 0
NOTE, 190, 1, 4, 0, 1, 1, 1
NOTE, 190, 5, 16, 1, 0, 0, 0
NOTE, 190, 3, 8, 0, 0, 0, 1
NOTE, 190, 7, 16, 0, 1, 0, 0
NOTE, 190, 1, 2, 1, 0, 1, 1
NOTE, 190, 9, 16, 0, 1, 0, 0
NOTE, 190, 5, 8, 0, 0, 1, 0
NOTE, 190, 11, 16, 0, 0, 0, 1
NOTE, 190, 3, 4, 1, 1, 1, 0
NOTE, 190, 13, 16, 0, 0, 0, 1
NOTE, 190, 7, 8, 0, 0, 1, 0
NOTE, 190, 15, 16, 0, 1, 0, 0
NOTE, 191, 0, 1, 1, 0, 1, 1
NOTE, 191, 1, 16, 0, 1, 0, 0
NOTE, 191, 1, 8, 0, 0, 1, 0
NOTE, 191, 3, 16, 0, 0, 0, 1
NOTE, 191, 1, 4, 1, 1, 1, 0
NOTE, 191, 5, 16, 0, 0, 0, 1
NOTE, 191, 3, 8, 1, 0, 0, 0
NOTE, 191, 7, 16, 0, 1, 0, 0
NOTE, 191, 1, 2, 1, 0, 1, 1
NOTE, 191, 9, 16, 0, 1, 0, 0
NOTE, 191, 5, 8, 0, 0, 1, 1
NOTE, 191, 3, 4, 0, 1, 1, 1
NOTE, 191, 13, 16, 1, 0, 0, 0
NOTE, 191, 7, 8, 0, 0, 1, 1
NOTE, 192, 0, 1, 1, 1, 0, 1
NOTE, 192, 1, 16, 0, 0, 1, 0
NOTE, 192, 1, 8, 0, 1, 0, 0
NOTE, 192, 3, 16, 1, 0, 0, 0
NOTE, 192, 1, 4, 0, 1, 1, 1
NOTE, 192, 5, 16, 1, 0, 0, 0
NOTE, 192, 3, 8, 0, 0, 0, 1
NOTE, 192, 7, 16, 1, 0, 0, 0
NOTE, 192, 1, 2, 0, 0, 1, 1
NOTE, 192, 13, 24, 1, 0, 0, 0
NOTE, 192, 7, 12, 0, 1, 0, 0
NOTE, 192, 5, 8, 0, 0, 1, 0
NOTE, 192, 2, 3, 0, 0, 0, 1
NOTE, 192, 3, 4, 1, 1, 0, 0
NOTE, 192, 19, 24, 0, 0, 0, 1
NOTE, 192, 5, 6, 0, 0, 1, 0
NOTE, 192, 7, 8, 0, 1, 0, 0
NOTE, 192, 11, 12, 1, 0, 0, 0
NOTE, 193, 0, 1, 0, 1, 1, 1
NOTE, 193, 1, 16, 1, 0, 0, 0
NOTE, 193, 1, 8, 0, 0, 1, 0
NOTE, 193, 3, 16, 0, 0, 0, 1
NOTE, 193, 1, 4, 1, 1, 1, 0
NOTE, 193, 5, 16, 0, 0, 0, 1
NOTE, 193, 3, 8, 1, 0, 0, 0
NOTE, 193, 7, 16, 0, 1, 0, 0
NOTE, 193, 1, 2, 1, 0, 1, 1
NOTE, 193, 9, 16, 0, 1, 0, 0
NOTE, 193, 5, 8, 0, 0, 0, 1
NOTE, 193, 11, 16, 1, 0, 0, 0
NOTE, 193, 3, 4, 0, 1, 1, 1
NOTE, 193, 13, 16, 1, 0, 0, 0
NOTE, 193, 7, 8, 0, 0, 1, 1
NOTE, 194, 0, 1, 1, 1, 0, 1
NOTE, 194, 1, 16, 0, 0, 1, 0
NOTE, 194, 1, 8, 0, 1, 0, 0
NOTE, 194, 3, 16, 1, 0, 0, 0
NOTE, 194, 1, 4, 0, 1, 1, 1
NOTE, 194, 5, 16, 1, 0, 0, 0
NOTE, 194, 3, 8, 0, 0, 0, 1
NOTE, 194, 7, 16, 0, 1, 0, 0
NOTE, 194, 1, 2, 1, 0, 1, 1
NOTE, 194, 9, 16, 0, 1, 0, 0
NOTE, 194, 5, 8, 0, 0, 1, 1
NOTE, 194, 11, 16, 1, 0, 0, 0
NOTE, 194, 3, 4, 0, 1, 1, 1
NOTE, 194, 13, 16, 1, 0, 0, 0
NOTE, 194, 7, 8, 0, 0, 1, 1
NOTE, 194, 15, 16, 0, 1, 0, 0
NOTE, 195, 0, 1, 1, 0, 1, 1
NOTE, 195, 1, 8, 0, 1, 1, 1
NOTE, 195, 1, 4, 1, 1, 1, 0
NOTE, 195, 3, 8, 0, 1, 1, 1
NOTE, 195, 1, 2, 1, 1, 1, 0
NOTE, 195, 5, 8, 1, 1, 0, 1
NOTE, 195, 3, 4, 0, 1, 1, 1
NOTE, 195, 7, 8, 1, 1, 0, 1
NOTE, 196, 0, 1, 0, 1, 1, 1
NOTE, 196, 1, 8, 1, 0, 1, 1
NOTE, 196, 1, 4, 1, 1, 1, 0
NOTE, 196, 5, 16, 0, 0, 0, 1
NOTE, 196, 3, 8, 0, 0, 1, 0
NOTE, 196, 7, 16, 1, 0, 0, 0
NOTE, 196, 1, 2, 0, 0, 0, 1
NOTE, 196, 17, 32, 0, 0, 1, 0
NOTE, 196, 9, 16, 0, 1, 0, 0
NOTE, 196, 19, 32, 1, 0, 0, 0
NOTE, 196, 5, 8, 0, 0, 0, 1
NOTE, 196, 21, 32, 0, 0, 1, 0
NOTE, 196, 11, 16, 0, 1, 0, 0
NOTE, 196, 3, 4, 2, 0, 2, 2
NOTE, 196, 15, 16, 3, 0, 3, 3
NOTE, 197, 0, 1, 2, 2, 0, 2
NOTE, 197, 1, 16, 0, 0, 2, 3
NOTE, 197, 1, 8, 3, 0, 3, 2
NOTE, 197, 3, 16, 2, 3, 0, 3
NOTE, 197, 1, 4, 0, 0, 2, 2
NOTE, 197, 5, 16, 3, 2, 3, 3
NOTE, 197, 3, 8, 0, 0, 0, 2
NOTE, 197, 7, 16, 2, 3, 0, 0
NOTE, 197, 11, 24, 0, 0, 0, 3
NOTE, 197, 1, 2, 3, 2, 2, 2
NOTE, 197, 19, 32, 0, 0, 0, 3
NOTE, 197, 5, 8, 2, 3, 0, 0
NOTE, 197, 11, 16, 3, 0, 3, 2
NOTE, 197, 3, 4, 2, 2, 2, 0
NOTE, 197, 13, 16, 0, 3, 0, 3
NOTE, 197, 7, 8, 3, 2, 0, 0
NOTE, 197, 15, 16, 0, 3, 3, 2
NOTE, 198, 0, 1, 2, 2, 2, 0
NOTE, 198, 1, 32, 0, 0, 0, 3
NOTE, 198, 3, 32, 0, 3, 0, 0
NOTE, 198, 1, 8, 0, 0, 0, 2
NOTE, 198, 5, 32, 0, 0, 3, 0
NOTE, 198, 3, 16, 0, 2, 0, 3
NOTE, 198, 1, 4, 0, 0, 2, 0
NOTE, 198, 9, 32, 3, 3, 0, 0
NOTE, 198, 5, 16, 0, 0, 0, 2
NOTE, 198, 11, 32, 0, 0, 3, 0
NOTE, 198, 3, 8, 0, 2, 0, 0
NOTE, 198, 13, 32, 0, 0, 0, 3
NOTE, 198, 7, 16, 2, 3, 0, 0
NOTE, 198, 1, 2, 3, 2, 2, 2
NOTE, 198, 5, 8, 2, 3, 3, 0
NOTE, 198, 11, 16, 0, 2, 0, 3
NOTE, 198, 23, 32, 3, 0, 0, 0
NOTE, 198, 3, 4, 0, 0, 2, 2
NOTE, 198, 25, 32, 0, 3, 0, 0
NOTE, 198, 13, 16, 2, 0, 3, 0
NOTE, 198, 7, 8, 0, 0, 2, 3
NOTE, 198, 29, 32, 3, 0, 0, 0
NOTE, 198, 15, 16, 0, 2, 3, 0
NOTE, 199, 0, 1, 2, 0, 2, 2
NOTE, 199, 1, 32, 0, 3, 0, 0
NOTE, 199, 3, 32, 0, 0, 0, 3
NOTE, 199, 1, 8, 3, 2, 3, 0
NOTE, 199, 3, 16, 0, 3, 0, 2
NOTE, 199, 1, 4, 2, 2, 2, 0
NOTE, 199, 9, 32, 0, 0, 0, 3
NOTE, 199, 11, 32, 3, 0, 0, 0
NOTE, 199, 3, 8, 0, 3, 0, 2
NOTE, 199, 13, 32, 0, 0, 3, 0
NOTE, 199, 7, 16, 0, 2, 0, 3
NOTE, 199, 1, 2, 2, 0, 2, 2
NOTE, 199, 17, 32, 0, 3, 0, 0
NOTE, 199, 5, 8, 0, 2, 3, 0
NOTE, 199, 21, 32, 3, 0, 0, 3
NOTE, 199, 3, 4, 2, 3, 2, 2
NOTE, 199, 27, 32, 0, 0, 3, 0
NOTE, 199, 7, 8, 3, 2, 0, 3
NOTE, 199, 15, 16, 0, 3, 2, 0
NOTE, 200, 0, 1, 2, 2, 0, 2
NOTE, 200, 1, 32, 0, 0, 3, 0
NOTE, 200, 1, 16, 0, 3, 0, 0
NOTE, 200, 1, 8, 0, 2, 0, 0
NOTE, 200, 5, 32, 0, 0, 0, 3
NOTE, 200, 3, 16, 0, 0, 2, 0
NOTE, 200, 1, 4, 3, 0, 3, 2
NOTE, 200, 5, 16, 0, 3, 2, 0
NOTE, 200, 11, 32, 0, 0, 0, 3
NOTE, 200, 3, 8, 2, 0, 0, 0
NOTE, 200, 13, 32, 0, 0, 3, 0
NOTE, 200, 7, 16, 3, 0, 0, 2
NOTE, 200, 1, 2, 1, 0, 0, 3
NOTE, 200, 17, 32, 0, 1, 0, 0
NOTE, 200, 9, 16, 0, 0, 0, 1
NOTE, 200, 19, 32, 0, 0, 1, 0
NOTE, 200, 5, 8, 1, 0, 0, 0
NOTE, 200, 21, 32, 0, 1, 0, 0
NOTE, 200, 11, 16, 0, 0, 0, 1
NOTE, 200, 23, 32, 0, 0, 1, 0
NOTE, 200, 3, 4, 1, 0, 0, 0
NOTE, 200, 25, 32, 0, 1, 0, 0
NOTE, 200, 13, 16, 0, 0, 0, 1
NOTE, 200, 27, 32, 0, 0, 1, 0
NOTE, 200, 7, 8, 1, 0, 0, 0
NOTE, 200, 29, 32, 0, 1, 0, 0
NOTE, 201, 0, 1, 1, 0, 1, 1
NOTE, 201, 3, 16, 1, 1, 0, 1
NOTE, 201, 3, 8, 1, 0, 1, 1
NOTE, 201, 9, 16, 2, 2, 2, 2
NOTE, 201, 7, 8, 3, 3, 3, 3
NOTE, 202, 0, 1, 0, 1, 1, 1
NOTE, 202, 3, 16, 1, 1, 0, 1
NOTE, 202, 3, 8, 1, 0, 1, 1
NOTE, 202, 9, 16, 2, 2, 2, 2
NOTE, 202, 7, 8, 3, 3, 3, 3
NOTE, 203, 0, 1, 2, 1, 0, 2
NOTE, 203, 1, 8, 0, 0, 1, 0
NOTE, 203, 1, 4, 3, 2, 2, 3
NOTE, 203, 3, 8, 0, 3, 3, 1
NOTE, 203, 1, 2, 1, 0, 2, 2
NOTE, 203, 5, 8, 0, 1, 0, 0
NOTE, 203, 3, 4, 1, 0, 3, 3
NOTE, 203, 13, 16, 0, 1, 0, 0
NOTE, 203, 7, 8, 0, 0, 1, 0
NOTE, 203, 15, 16, 1, 0, 0, 0
NOTE, 204, 0, 1, 0, 1, 1, 1
NOTE, 204, 1, 8, 1, 0, 0, 0
NOTE, 204, 3, 16, 0, 1, 0, 0
NOTE, 204, 1, 4, 1, 0, 1, 1
NOTE, 204, 3, 8, 0, 1, 0, 0
NOTE, 204, 7, 16, 0, 0, 1, 0
NOTE, 204, 1, 2, 1, 1, 0, 1
NOTE, 204, 9, 16, 0, 0, 1, 0
NOTE, 204, 5, 8, 0, 1, 0, 0
NOTE, 204, 11, 16, 1, 0, 0, 1
NOTE, 204, 3, 4, 0, 1, 1, 0
NOTE, 204, 13, 16, 0, 0, 0, 1
NOTE, 204, 7, 8, 0, 1, 1, 0
NOTE, 204, 15, 16, 1, 0, 0, 0
NOTE, 205, 0, 1, 0, 0, 1, 1
NOTE, 205, 1, 8, 0, 1, 1, 0
NOTE, 205, 1, 4, 1, 0, 1, 0
NOTE, 205, 3, 8, 0, 1, 0, 1
NOTE, 205, 1, 2, 1, 1, 0, 0
NOTE, 205, 5, 8, 0, 1, 1, 1
NOTE, 205, 3, 4, 1, 1, 1, 0
NOTE, 205, 7, 8, 1, 0, 1, 1
NOTE, 206, 0, 1, 0, 1, 0, 1
NOTE, 206, 1, 8, 0, 1, 1, 0
NOTE, 206, 1, 4, 1, 1, 0, 0
NOTE, 206, 3, 8, 0, 0, 1, 1
NOTE, 206, 1, 2, 1, 0, 1, 0
NOTE, 206, 5, 8, 0, 1, 1, 1
NOTE, 206, 3, 4, 1, 1, 1, 0
NOTE, 206, 7, 8, 1, 0, 1, 1
NOTE, 207, 0, 1, 1, 1, 0, 0
NOTE, 207, 1, 8, 1, 0, 1, 0
NOTE, 207, 1, 4, 0, 0, 1, 1
NOTE, 207, 3, 8, 1, 0, 1, 0
NOTE, 207, 1, 2, 1, 1, 0, 0
NOTE, 207, 5, 8, 0, 1, 1, 1
NOTE, 207, 3, 4, 1, 1, 1, 0
NOTE, 207, 7, 8, 1, 0, 1, 1
NOTE, 208, 0, 1, 1, 1, 0, 0
NOTE, 208, 1, 8, 0, 1, 1, 0
NOTE, 208, 1, 4, 0, 1, 0, 1
NOTE, 208, 3, 8, 1, 0, 1, 0
NOTE, 208, 1, 2, 0, 1, 1, 0
NOTE, 208, 5, 8, 1, 1, 0, 1
NOTE, 208, 3, 4, 1, 1, 1, 0
NOTE, 208, 7, 8, 0, 1, 1, 1
NOTE, 209, 0, 1, 1, 1, 1, 0
NOTE, 209, 1, 8, 0, 0, 1, 1
NOTE, 209, 1, 4, 1, 0, 1, 0
NOTE, 209, 3, 8, 1, 1, 0, 0
NOTE, 209, 1, 2, 0, 1, 0, 1
NOTE, 209, 5, 8, 1, 1, 1, 0
NOTE, 209, 3, 4, 0, 1, 1, 1
NOTE, 209, 7, 8, 1, 0, 1, 1
NOTE, 210, 0, 1, 1, 1, 1, 0
NOTE, 210, 1, 8, 0, 1, 0, 1
NOTE, 210, 1, 4, 0, 1, 1, 0
NOTE, 210, 3, 8, 1, 0, 1, 0
NOTE, 210, 1, 2, 0, 1, 0, 1
NOTE, 210, 5, 8, 1, 1, 1, 0
NOTE, 210, 3, 4, 0, 1, 1, 1
NOTE, 210, 7, 8, 1, 1, 0, 1
NOTE, 211, 0, 1, 1, 1, 1, 0
NOTE, 211, 1, 8, 0, 1, 0, 1
NOTE, 211, 1, 4, 1, 0, 1, 1
NOTE, 211, 3, 8, 1, 1, 0, 0
NOTE, 211, 1, 2, 0, 1, 1, 1
NOTE, 211, 5, 8, 1, 1, 1, 0
NOTE, 211, 3, 4, 1, 1, 0, 1
NOTE, 211, 7, 8, 1, 0, 1, 1
NOTE, 212, 0, 1, 1, 1, 1, 0
NOTE, 212, 1, 8, 0, 1, 0, 1
NOTE, 212, 1, 4, 1, 1, 0, 0
NOTE, 212, 3, 8, 0, 1, 0, 1
NOTE, 212, 7, 16, 0, 0, 1, 0
NOTE, 212, 1, 2, 1, 1, 0, 0
NOTE, 212, 9, 16, 0, 0, 0, 1
NOTE, 212, 5, 8, 1, 1, 0, 0
NOTE, 212, 11, 16, 0, 0, 1, 0
NOTE, 212, 3, 4, 1, 1, 0, 0
NOTE, 212, 13, 16, 0, 0, 1, 1
NOTE, 212, 7, 8, 1, 1, 0, 0
NOTE, 212, 15, 16, 0, 0, 1, 1
NOTE, 213, 0, 1, 1, 1, 0, 0
NOTE, 213, 1, 16, 0, 0, 0, 1
NOTE, 213, 1, 8, 0, 0, 1, 0
NOTE, 213, 3, 16, 0, 1, 0, 0
NOTE, 213, 1, 4, 1, 0, 0, 1
NOTE, 213, 5, 16, 0, 0, 1, 0
NOTE, 213, 3, 8, 1, 0, 0, 0
NOTE, 213, 7, 16, 0, 1, 0, 0
NOTE, 213, 1, 2, 1, 0, 1, 0
NOTE, 213, 9, 16, 0, 0, 0, 1
NOTE, 213, 5, 8, 1, 1, 0, 0
NOTE, 213, 11, 16, 0, 0, 1, 1
NOTE, 213, 3, 4, 1, 1, 0, 0
NOTE, 213, 13, 16, 0, 0, 1, 1
NOTE, 213, 7, 8, 0, 1, 0, 0
NOTE, 213, 15, 16, 1, 0, 0, 0
NOTE, 214, 0, 1, 0, 0, 1, 1
NOTE, 214, 1, 16, 1, 1, 0, 0
NOTE, 214, 1, 8, 0, 0, 1, 1
NOTE, 214, 3, 16, 1, 0, 0, 0
NOTE, 214, 1, 4, 0, 1, 0, 1
NOTE, 214, 5, 16, 0, 0, 1, 0
NOTE, 214, 3, 8, 1, 0, 0, 1
NOTE, 214, 7, 16, 0, 1, 0, 0
NOTE, 214, 1, 2, 0, 0, 1, 1
NOTE, 214, 9, 16, 1, 1, 0, 0
NOTE, 214, 5, 8, 0, 0, 1, 1
NOTE, 214, 11, 16, 0, 1, 0, 0
NOTE, 214, 3, 4, 0, 0, 1, 1
NOTE, 214, 13, 16, 1, 1, 0, 0
NOTE, 214, 7, 8, 0, 0, 1, 1
NOTE, 214, 15, 16, 1, 0, 0, 0
NOTE, 215, 0, 1, 0, 0, 1, 1
NOTE, 215, 1, 16, 0, 1, 0, 0
NOTE, 215, 1, 8, 1, 0, 0, 0
NOTE, 215, 3, 16, 0, 0, 1, 0
NOTE, 215, 1, 4, 1, 1, 0, 0
NOTE, 215, 5, 16, 0, 0, 0, 1
NOTE, 215, 3, 8, 0, 1, 1, 0
NOTE, 215, 7, 16, 1, 0, 0, 0
NOTE, 215, 1, 2, 0, 0, 1, 1
NOTE, 215, 9, 16, 1, 1, 0, 0
NOTE, 215, 5, 8, 0, 0, 1, 1
NOTE, 215, 11, 16, 0, 1, 0, 0
NOTE, 215, 3, 4, 1, 0, 1, 0
NOTE, 215, 13, 16, 0, 0, 0, 1
NOTE, 215, 7, 8, 0, 1, 1, 0
NOTE, 215, 15, 16, 1, 0, 0, 0
NOTE, 216, 0, 1, 0, 1, 1, 0
NOTE, 216, 1, 16, 1, 0, 0, 0
NOTE, 216, 1, 8, 0, 0, 1, 0
NOTE, 216, 3, 16, 0, 1, 0, 0
NOTE, 216, 1, 4, 0, 0, 1, 1
NOTE, 216, 5, 16, 1, 1, 0, 0
NOTE, 216, 3, 8, 0, 0, 1, 1
NOTE, 216, 7, 16, 0, 1, 0, 0
NOTE, 216, 1, 2, 1, 0, 1, 0
NOTE, 216, 9, 16, 0, 1, 0, 1
NOTE, 216, 5, 8, 1, 0, 1, 0
NOTE, 216, 3, 4, 0, 0, 1, 1
NOTE, 216, 13, 16, 1, 1, 0, 0
NOTE, 216, 7, 8, 0, 0, 1, 1
NOTE, 216, 15, 16, 1, 1, 0, 0
NOTE, 217, 0, 1, 0, 0, 1, 1
NOTE, 217, 1, 8, 0, 1, 0, 0
NOTE, 217, 1, 4, 0, 0, 0, 1
NOTE, 217, 3, 8, 2, 0, 0, 0
NOTE, 217, 9, 16, 3, 0, 0, 0
NOTE, 217, 5, 8, 0, 0, 1, 0
NOTE, 217, 3, 4, 1, 0, 0, 0
NOTE, 217, 7, 8, 0, 0, 0, 1
NOTE, 218, 0, 1, 0, 0, 2, 2
NOTE, 218, 1, 8, 2, 0, 0, 0
NOTE, 218, 1, 4, 3, 2, 3, 0
NOTE, 218, 3, 8, 2, 0, 0, 0
NOTE, 218, 5, 8, 3, 3, 2, 0
NOTE, 218, 3, 4, 0, 2, 3, 0
NOTE, 218, 7, 8, 1, 3, 0, 3
NOTE, 219, 0, 1, 0, 0, 1, 1
NOTE, 219, 1, 16, 1, 1, 0, 0
NOTE, 219, 1, 8, 0, 0, 1, 1
NOTE, 219, 3, 16, 1, 1, 0, 0
NOTE, 219, 1, 4, 0, 0, 1, 1
NOTE, 219, 5, 16, 1, 1, 0, 0
NOTE, 219, 3, 8, 0, 0, 1, 1
NOTE, 219, 7, 16, 1, 1, 0, 0
NOTE, 219, 1, 2, 0, 0, 1, 1
NOTE, 219, 9, 16, 1, 1, 0, 0
NOTE, 219, 5, 8, 0, 0, 1, 1
NOTE, 219, 11, 16, 1, 1, 0, 0
NOTE, 219, 3, 4, 0, 0, 1, 1
NOTE, 219, 13, 16, 1, 1, 0, 0
NOTE, 219, 7, 8, 0, 0, 1, 1
NOTE, 219, 15, 16, 1, 1, 0, 0
NOTE, 220, 0, 1, 0, 0, 1, 1
NOTE, 220, 1, 16, 1, 0, 0, 0
NOTE, 220, 1, 8, 0, 0, 1, 0
NOTE, 220, 3, 16, 0, 0, 0, 1
NOTE, 220, 1, 4, 2, 2, 0, 0
NOTE, 220, 3, 8, 3, 3, 0, 0
NOTE, 220, 1, 2, 0, 0, 1, 1
NOTE, 220, 9, 16, 1, 1, 0, 0
NOTE, 220, 5, 8, 0, 0, 1, 1
NOTE, 220, 11, 16, 1, 1, 0, 0
NOTE, 220, 3, 4, 0, 0, 2, 2
NOTE, 220, 15, 16, 0, 0, 3, 3
NOTE, 221, 0, 1, 0, 2, 2, 0
NOTE, 221, 3, 16, 0, 3, 3, 0
NOTE, 221, 1, 4, 2, 2, 0, 1
NOTE, 221, 3, 8, 3, 3, 1, 0
NOTE, 221, 1, 2, 2, 2, 0, 1
NOTE, 221, 5, 8, 3, 3, 1, 2
NOTE, 221, 3, 4, 1, 2, 2, 3
NOTE, 221, 7, 8, 1, 3, 3, 2
NOTE, 222, 0, 1, 1, 2, 2, 3
NOTE, 222, 1, 8, 2, 3, 3, 1
NOTE, 222, 1, 4, 3, 1, 2, 2
NOTE, 222, 3, 8, 2, 1, 3, 3
NOTE, 222, 1, 2, 3, 2, 1, 2
NOTE, 222, 5, 8, 1, 3, 2, 3
NOTE, 222, 3, 4, 1, 1, 3, 0
NOTE, 222, 7, 8, 0, 1, 1, 1
NOTE, 223, 0, 1, 1, 2, 0, 2
NOTE, 223, 1, 8, 1, 3, 2, 3
NOTE, 223, 1, 4, 2, 2, 3, 1
NOTE, 223, 3, 8, 3, 3, 1, 2
NOTE, 223, 1, 2, 2, 1, 2, 3
NOTE, 223, 5, 8, 3, 2, 3, 1
NOTE, 223, 3, 4, 2, 3, 2, 1
NOTE, 223, 7, 8, 3, 1, 3, 2
NOTE, 224, 0, 1, 2, 2, 1, 3
NOTE, 224, 1, 8, 3, 3, 2, 1
NOTE, 224, 1, 4, 2, 1, 3, 2
NOTE, 224, 3, 8, 3, 2, 1, 3
NOTE, 224, 1, 2, 1, 3, 2, 2
NOTE, 224, 5, 8, 2, 1, 3, 3
NOTE, 224, 3, 4, 3, 1, 2, 2
NOTE, 225, 0, 1, 1, 2, 3, 3
NOTE, 225, 1, 8, 2, 3, 1, 2
NOTE, 225, 1, 4, 3, 1, 2, 3
NOTE, 225, 3, 8, 2, 1, 3, 2
NOTE, 225, 1, 2, 3, 2, 1, 3
NOTE, 225, 5, 8, 2, 3, 1, 2
NOTE, 225, 3, 4, 3, 1, 2, 3
NOTE, 225, 7, 8, 2, 2, 3, 1
NOTE, 226, 0, 1, 3, 3, 2, 1
NOTE, 226, 1, 8, 2, 1, 3, 2
NOTE, 226, 1, 4, 3, 1, 2, 3
NOTE, 226, 3, 8, 2, 1, 3, 2
NOTE, 226, 1, 2, 3, 2, 1, 3
NOTE, 226, 5, 8, 2, 3, 2, 1
NOTE, 226, 3, 4, 3, 1, 3, 2
NOTE, 226, 7, 8, 2, 2, 1, 3
NOTE, 227, 0, 1, 3, 3, 2, 1
NOTE, 227, 1, 8, 2, 1, 3, 2
NOTE, 227, 1, 4, 3, 2, 1, 3
NOTE, 227, 3, 8, 1, 3, 2, 2
NOTE, 227, 1, 2, 2, 1, 3, 3
NOTE, 227, 5, 8, 3, 2, 1, 2
NOTE, 227, 3, 4, 2, 3, 1, 3
NOTE, 227, 7, 8, 3, 2, 1, 2
NOTE, 228, 0, 1, 1, 3, 2, 3
NOTE, 228, 1, 8, 2, 1, 3, 2
NOTE, 228, 1, 4, 3, 1, 2, 3
NOTE, 228, 3, 8, 1, 0, 3, 2
NOTE, 228, 1, 2, 1, 1, 0, 3
NOTE, 228, 9, 16, 0, 0, 1, 0
NOTE, 228, 5, 8, 1, 0, 0, 0
NOTE, 228, 11, 16, 0, 0, 1, 0
NOTE, 228, 3, 4, 1, 1, 0, 0
NOTE, 228, 7, 8, 0, 0, 1, 1
NOTE, 228, 15, 16, 1, 0, 0, 0
NOTE, 228, 31, 32, 0, 1, 0, 0
NOTE, 229, 0, 1, 0, 0, 1, 1
NOTE, 229, 1, 8, 0, 1, 0, 0
NOTE, 229, 3, 16, 0, 0, 1, 0
NOTE, 229, 1, 4, 1, 0, 0, 1
NOTE, 229, 3, 8, 0, 0, 1, 0
NOTE, 229, 7, 16, 0, 0, 0, 1
NOTE, 229, 1, 2, 1, 1, 0, 0
NOTE, 229, 5, 8, 0, 0, 1, 0
NOTE, 229, 11, 16, 0, 1, 0, 0
NOTE, 229, 3, 4, 1, 0, 0, 1
NOTE, 229, 7, 8, 0, 1, 0, 0
NOTE, 229, 15, 16, 1, 0, 0, 0
NOTE, 230, 0, 1, 0, 0, 1, 1
NOTE, 230, 1, 8, 1, 0, 0, 0
NOTE, 230, 3, 16, 0, 0, 0, 1
NOTE, 230, 1, 4, 0, 1, 1, 0
NOTE, 230, 3, 8, 0, 0, 0, 1
NOTE, 230, 7, 16, 0, 0, 1, 0
NOTE, 230, 1, 2, 1, 1, 0, 0
NOTE, 230, 5, 8, 0, 0, 1, 0
NOTE, 230, 11, 16, 0, 1, 0, 0
NOTE, 230, 3, 4, 1, 0, 0, 1
NOTE, 230, 7, 8, 0, 1, 0, 0
NOTE, 230, 15, 16, 0, 0, 0, 1
NOTE, 231, 0, 1, 1, 0, 1, 0
NOTE, 231, 1, 8, 0, 0, 0, 1
NOTE, 231, 3, 16, 0, 0, 1, 0
NOTE, 231, 1, 4, 1, 1, 0, 0
NOTE, 231, 3, 8, 0, 0, 1, 0
NOTE, 231, 7, 16, 0, 1, 0, 0
NOTE, 231, 1, 2, 1, 0, 0, 1
NOTE, 231, 5, 8, 0, 1, 0, 0
NOTE, 231, 11, 16, 0, 0, 1, 0
NOTE, 231, 3, 4, 1, 0, 0, 1
NOTE, 231, 7, 8, 0, 0, 1, 0
NOTE, 231, 15, 16, 0, 0, 0, 1
NOTE, 232, 0, 1, 1, 1, 0, 0
NOTE, 232, 1, 8, 0, 0, 1, 0
NOTE, 232, 3, 16, 0, 1, 0, 0
NOTE, 232, 1, 4, 1, 0, 0, 1
NOTE, 232, 3, 8, 0, 1, 0, 0
NOTE, 232, 7, 16, 1, 0, 0, 0
NOTE, 232, 1, 2, 0, 0, 1, 1
NOTE, 232, 5, 8, 1, 0, 0, 0
NOTE, 232, 11, 16, 0, 0, 1, 0
NOTE, 232, 3, 4, 0, 1, 0, 1
NOTE, 232, 7, 8, 0, 0, 1, 0
NOTE, 232, 15, 16, 0, 0, 0, 1
NOTE, 233, 0, 1, 1, 1, 0, 0
