BPM, 125.00
OFFSET, -2.006
KeyMode: 4
SPEED, 1.00
SPEED, 25, 5, 6, 3.00
SPEED, 26, 1, 28, 0.00
SPEED, 26, 23, 96, 3.00
SPEED, 26, 25, 96, 0.00
SPEED, 26, 25, 48, 3.00
SPEED, 26, 53, 96, 0.00
SPEED, 26, 29, 36, 3.00
SPEED, 26, 5, 6, 0.00
SPEED, 27, 3, 32, 3.00
SPEED, 27, 1, 8, 0.00
SPEED, 27, 37, 96, 3.00
SPEED, 27, 13, 32, 0.00
SPEED, 27, 21, 32, 3.00
SPEED, 27, 11, 16, 0.00
SPEED, 27, 11, 12, 15.00
SPEED, 27, 31, 32, 1.00
SPEED, 29, 95, 96, 0.00
SPEED, 30, 23, 96, 3.00
SPEED, 30, 25, 96, 0.00
SPEED, 30, 25, 48, 3.00
SPEED, 30, 13, 24, 0.00
SPEED, 30, 77, 96, 3.00
SPEED, 30, 79, 96, 0.00
SPEED, 31, 3, 8, 3.00
SPEED, 31, 13, 32, 0.00
SPEED, 31, 67, 96, 3.00
SPEED, 31, 35, 48, 0.00
SPEED, 31, 19, 20, 15.00
SPEED, 32, 1, 56, 1.00
SPEED, 34, 3, 32, 0.00
SPEED, 34, 23, 96, 3.00
SPEED, 34, 25, 96, 0.00
SPEED, 34, 25, 48, 3.00
SPEED, 34, 53, 96, 0.00
SPEED, 34, 13, 16, 3.00
SPEED, 34, 5, 6, 0.00
SPEED, 35, 1, 14, 15.00
SPEED, 35, 13, 96, 1.00
SPEED, 49, 8, 13, 0.00
SPEED, 49, 6, 7, 1.00
NOTE, 1, 0, 1, 0, 1, 2, 0
NOTE, 1, 1, 12, 1, 0, 0, 0
NOTE, 1, 1, 8, 0, 0, 0, 1
NOTE, 1, 1, 6, 0, 1, 3, 0
NOTE, 1, 5, 24, 0, 0, 1, 0
NOTE, 1, 1, 4, 0, 1, 0, 0
NOTE, 1, 7, 24, 0, 0, 0, 1
NOTE, 1, 1, 3, 1, 0, 0, 0
NOTE, 1, 23, 64, 0, 1, 0, 0
NOTE, 1, 25, 64, 0, 0, 1, 0
NOTE, 1, 5, 12, 0, 0, 0, 1
NOTE, 1, 11, 24, 0, 0, 0, 1
NOTE, 1, 1, 2, 1, 1, 0, 0
NOTE, 1, 7, 12, 0, 0, 0, 1
NOTE, 1, 5, 8, 0, 1, 1, 0
NOTE, 1, 2, 3, 1, 0, 0, 0
NOTE, 1, 17, 24, 0, 0, 0, 1
NOTE, 1, 3, 4, 0, 1, 0, 0
NOTE, 1, 7, 9, 0, 0, 1, 0
NOTE, 1, 4, 5, 0, 1, 0, 0
NOTE, 1, 5, 6, 0, 0, 0, 1
NOTE, 1, 7, 8, 1, 0, 0, 0
NOTE, 1, 11, 12, 0, 0, 1, 0
NOTE, 1, 23, 24, 0, 0, 1, 0
NOTE, 2, 0, 1, 2, 0, 0, 1
NOTE, 2, 3, 32, 3, 0, 0, 1
NOTE, 2, 1, 8, 1, 1, 0, 0
NOTE, 2, 2, 13, 0, 0, 1, 0
NOTE, 2, 11, 64, 0, 0, 0, 1
NOTE, 2, 1, 5, 1, 0, 0, 0
NOTE, 2, 1, 4, 0, 1, 0, 0
NOTE, 2, 3, 10, 0, 0, 1, 0
NOTE, 2, 17, 48, 0, 0, 0, 1
NOTE, 2, 2, 5, 0, 0, 1, 0
NOTE, 2, 29, 64, 0, 1, 0, 0
NOTE, 2, 1, 2, 2, 0, 0, 1
NOTE, 2, 39, 64, 3, 1, 0, 0
NOTE, 2, 5, 8, 0, 0, 1, 1
NOTE, 2, 43, 64, 1, 0, 0, 0
NOTE, 2, 3, 4, 0, 1, 0, 0
NOTE, 2, 53, 64, 0, 0, 0, 1
NOTE, 2, 11, 13, 0, 0, 1, 0
NOTE, 2, 9, 10, 0, 1, 0, 0
NOTE, 2, 12, 13, 1, 0, 0, 0
NOTE, 2, 15, 16, 0, 0, 0, 1
NOTE, 2, 23, 24, 0, 0, 1, 0
NOTE, 3, 0, 1, 2, 2, 0, 0
NOTE, 3, 1, 16, 3, 0, 0, 0
NOTE, 3, 1, 12, 0, 0, 0, 1
NOTE, 3, 1, 8, 1, 3, 0, 0
NOTE, 3, 1, 6, 0, 0, 1, 0
NOTE, 3, 5, 24, 0, 1, 0, 0
NOTE, 3, 1, 4, 0, 0, 2, 0
NOTE, 3, 7, 24, 0, 0, 3, 2
NOTE, 3, 23, 64, 0, 0, 0, 3
NOTE, 3, 3, 8, 0, 0, 2, 0
NOTE, 3, 5, 12, 0, 2, 3, 0
NOTE, 3, 11, 24, 2, 3, 0, 0
NOTE, 3, 1, 2, 3, 0, 1, 1
NOTE, 3, 25, 48, 0, 1, 0, 0
NOTE, 3, 35, 64, 0, 0, 1, 0
NOTE, 3, 7, 12, 1, 0, 0, 1
NOTE, 3, 5, 8, 0, 1, 0, 0
NOTE, 3, 2, 3, 0, 0, 1, 0
NOTE, 3, 17, 24, 1, 0, 0, 0
NOTE, 3, 3, 4, 0, 0, 0, 1
NOTE, 3, 5, 6, 0, 0, 0, 1
NOTE, 3, 7, 8, 0, 1, 0, 0
NOTE, 3, 11, 12, 0, 0, 1, 0
NOTE, 3, 23, 24, 1, 0, 0, 1
NOTE, 4, 0, 1, 0, 2, 1, 0
NOTE, 4, 1, 10, 0, 3, 0, 1
NOTE, 4, 1, 8, 1, 0, 1, 0
NOTE, 4, 2, 13, 0, 1, 0, 0
NOTE, 4, 11, 64, 0, 0, 0, 1
NOTE, 4, 1, 5, 0, 0, 1, 0
NOTE, 4, 3, 10, 0, 1, 0, 0
NOTE, 4, 2, 5, 2, 0, 0, 0
NOTE, 4, 1, 2, 3, 1, 1, 0
NOTE, 4, 9, 16, 0, 0, 0, 2
NOTE, 4, 7, 12, 0, 0, 0, 3
NOTE, 4, 5, 8, 1, 1, 0, 0
NOTE, 4, 31, 48, 0, 0, 0, 1
NOTE, 4, 7, 10, 0, 1, 0, 0
NOTE, 4, 3, 4, 1, 0, 0, 0
NOTE, 4, 53, 64, 0, 0, 2, 0
NOTE, 4, 11, 13, 0, 0, 0, 2
NOTE, 4, 43, 48, 0, 1, 0, 0
NOTE, 4, 9, 10, 0, 0, 0, 3
NOTE, 4, 12, 13, 0, 0, 3, 0
NOTE, 4, 61, 64, 0, 0, 0, 1
NOTE, 4, 47, 48, 0, 0, 1, 0
NOTE, 5, 0, 1, 2, 2, 0, 0
NOTE, 5, 1, 16, 3, 0, 0, 0
NOTE, 5, 1, 12, 0, 0, 0, 1
NOTE, 5, 1, 8, 1, 3, 0, 0
NOTE, 5, 1, 6, 0, 0, 1, 0
NOTE, 5, 5, 24, 0, 1, 0, 0
NOTE, 5, 1, 4, 0, 0, 1, 0
NOTE, 5, 7, 24, 1, 0, 0, 0
NOTE, 5, 1, 3, 0, 1, 0, 0
NOTE, 5, 3, 8, 0, 0, 1, 0
NOTE, 5, 5, 12, 0, 0, 0, 2
NOTE, 5, 1, 2, 0, 1, 1, 3
NOTE, 5, 5, 9, 1, 0, 0, 0
NOTE, 5, 19, 32, 0, 1, 0, 0
NOTE, 5, 5, 8, 0, 0, 0, 1
NOTE, 5, 31, 48, 0, 0, 1, 0
NOTE, 5, 43, 64, 0, 0, 0, 1
NOTE, 5, 7, 10, 0, 1, 0, 0
NOTE, 5, 3, 4, 0, 0, 2, 0
NOTE, 5, 5, 6, 1, 0, 3, 0
NOTE, 5, 7, 8, 0, 0, 1, 0
NOTE, 5, 11, 12, 0, 0, 0, 1
NOTE, 5, 23, 24, 1, 0, 0, 0
NOTE, 6, 0, 1, 0, 1, 2, 0
NOTE, 6, 1, 10, 1, 0, 3, 0
NOTE, 6, 1, 8, 0, 1, 0, 1
NOTE, 6, 2, 13, 0, 0, 1, 0
NOTE, 6, 11, 64, 1, 0, 0, 0
NOTE, 6, 1, 5, 0, 1, 0, 0
NOTE, 6, 3, 10, 0, 0, 1, 0
NOTE, 6, 17, 48, 0, 0, 0, 1
NOTE, 6, 2, 5, 0, 0, 1, 0
NOTE, 6, 29, 64, 0, 1, 0, 0
NOTE, 6, 1, 2, 1, 0, 0, 1
NOTE, 6, 25, 48, 0, 2, 0, 0
NOTE, 6, 37, 64, 0, 3, 0, 1
NOTE, 6, 3, 5, 0, 0, 1, 0
NOTE, 6, 5, 8, 0, 1, 0, 1
NOTE, 6, 43, 64, 1, 0, 0, 0
NOTE, 6, 8, 11, 0, 1, 0, 0
NOTE, 6, 3, 4, 0, 0, 0, 1
NOTE, 6, 11, 13, 0, 2, 0, 0
NOTE, 6, 43, 48, 0, 0, 1, 0
NOTE, 6, 12, 13, 0, 3, 0, 0
NOTE, 6, 61, 64, 1, 0, 0, 0
NOTE, 6, 47, 48, 0, 1, 0, 0
NOTE, 7, 0, 1, 0, 0, 2, 2
NOTE, 7, 1, 16, 0, 0, 0, 3
NOTE, 7, 1, 12, 1, 0, 3, 0
NOTE, 7, 1, 8, 0, 0, 1, 0
NOTE, 7, 1, 6, 0, 1, 0, 0
NOTE, 7, 5, 24, 0, 0, 0, 1
NOTE, 7, 1, 4, 0, 0, 1, 0
NOTE, 7, 7, 24, 2, 0, 0, 0
NOTE, 7, 1, 3, 3, 2, 0, 0
NOTE, 7, 3, 8, 0, 3, 2, 0
NOTE, 7, 5, 12, 2, 0, 3, 0
NOTE, 7, 1, 2, 3, 0, 1, 1
NOTE, 7, 7, 12, 1, 0, 0, 0
NOTE, 7, 5, 8, 0, 0, 1, 1
NOTE, 7, 2, 3, 0, 1, 0, 0
NOTE, 7, 17, 24, 1, 0, 0, 0
NOTE, 7, 3, 4, 0, 0, 1, 0
NOTE, 7, 7, 9, 0, 1, 0, 0
NOTE, 7, 4, 5, 0, 0, 1, 0
NOTE, 7, 53, 64, 1, 0, 0, 0
NOTE, 7, 7, 8, 0, 1, 0, 0
NOTE, 7, 12, 13, 0, 0, 1, 0
NOTE, 7, 31, 32, 0, 0, 0, 1
NOTE, 8, 0, 1, 0, 2, 1, 0
NOTE, 8, 1, 10, 0, 3, 0, 1
NOTE, 8, 1, 8, 1, 0, 1, 0
NOTE, 8, 2, 13, 0, 1, 0, 0
NOTE, 8, 11, 64, 0, 0, 0, 1
NOTE, 8, 1, 5, 0, 0, 1, 0
NOTE, 8, 3, 10, 0, 1, 0, 0
NOTE, 8, 2, 5, 2, 0, 0, 0
NOTE, 8, 1, 2, 3, 1, 2, 0
NOTE, 8, 37, 64, 0, 0, 3, 0
NOTE, 8, 5, 8, 1, 0, 0, 1
NOTE, 8, 7, 10, 0, 0, 0, 1
NOTE, 8, 8, 11, 0, 0, 1, 0
NOTE, 8, 3, 4, 0, 1, 0, 0
NOTE, 8, 53, 64, 0, 0, 2, 0
NOTE, 8, 11, 13, 0, 0, 0, 2
NOTE, 8, 9, 10, 0, 0, 0, 3
NOTE, 8, 12, 13, 0, 0, 3, 0
NOTE, 8, 61, 64, 0, 0, 0, 1
NOTE, 8, 47, 48, 0, 0, 1, 0
NOTE, 9, 0, 1, 2, 2, 0, 0
NOTE, 9, 1, 16, 3, 0, 0, 0
NOTE, 9, 1, 8, 0, 3, 1, 0
NOTE, 9, 1, 5, 0, 1, 0, 0
NOTE, 9, 1, 4, 0, 0, 0, 1
NOTE, 9, 3, 8, 1, 0, 0, 0
NOTE, 9, 2, 5, 0, 0, 1, 0
NOTE, 9, 1, 2, 0, 1, 0, 0
NOTE, 9, 5, 8, 0, 0, 2, 0
NOTE, 9, 3, 4, 0, 0, 3, 2
NOTE, 9, 41, 48, 1, 0, 0, 3
NOTE, 9, 7, 8, 0, 1, 0, 0
NOTE, 9, 43, 48, 0, 0, 1, 0
NOTE, 9, 11, 12, 0, 0, 0, 1
NOTE, 9, 23, 24, 1, 0, 0, 0
NOTE, 10, 0, 1, 0, 2, 0, 1
NOTE, 10, 1, 8, 0, 0, 0, 1
NOTE, 10, 3, 16, 0, 3, 1, 0
NOTE, 10, 1, 4, 1, 0, 0, 0
NOTE, 10, 9, 32, 0, 1, 0, 2
NOTE, 10, 3, 8, 0, 1, 0, 0
NOTE, 10, 7, 16, 1, 0, 0, 3
NOTE, 10, 1, 2, 0, 0, 2, 1
NOTE, 10, 4, 7, 2, 0, 3, 0
NOTE, 10, 31, 48, 3, 0, 0, 2
NOTE, 10, 45, 64, 0, 0, 0, 3
NOTE, 10, 3, 4, 1, 0, 2, 0
NOTE, 10, 9, 11, 0, 0, 3, 1
NOTE, 10, 7, 8, 0, 2, 0, 0
NOTE, 10, 15, 16, 0, 3, 0, 2
NOTE, 11, 0, 1, 1, 0, 1, 3
NOTE, 11, 1, 16, 1, 0, 0, 0
NOTE, 11, 5, 64, 0, 1, 0, 0
NOTE, 11, 3, 32, 0, 0, 1, 0
NOTE, 11, 2, 11, 0, 1, 0, 0
NOTE, 11, 3, 16, 0, 0, 0, 1
NOTE, 11, 1, 4, 1, 0, 1, 0
NOTE, 11, 5, 16, 0, 1, 0, 0
NOTE, 11, 3, 8, 0, 0, 1, 0
NOTE, 11, 7, 16, 1, 0, 0, 0
NOTE, 11, 1, 2, 0, 1, 0, 2
NOTE, 11, 5, 8, 1, 0, 0, 3
NOTE, 11, 31, 48, 0, 1, 0, 0
NOTE, 11, 2, 3, 0, 0, 1, 0
NOTE, 11, 11, 16, 0, 0, 0, 1
NOTE, 11, 23, 32, 0, 1, 0, 0
NOTE, 11, 3, 4, 2, 0, 0, 1
NOTE, 11, 7, 8, 3, 0, 1, 0
NOTE, 11, 29, 32, 0, 1, 0, 0
NOTE, 11, 59, 64, 1, 0, 0, 0
NOTE, 11, 15, 16, 0, 0, 0, 1
NOTE, 11, 23, 24, 0, 0, 1, 0
NOTE, 11, 47, 48, 0, 1, 0, 0
NOTE, 12, 0, 1, 1, 0, 0, 2
NOTE, 12, 1, 10, 0, 0, 1, 0
NOTE, 12, 2, 13, 0, 1, 0, 3
NOTE, 12, 1, 5, 2, 0, 0, 1
NOTE, 12, 3, 10, 0, 1, 0, 0
NOTE, 12, 17, 48, 3, 0, 1, 0
NOTE, 12, 2, 5, 2, 0, 0, 2
NOTE, 12, 29, 64, 3, 0, 0, 3
NOTE, 12, 1, 2, 2, 2, 0, 0
NOTE, 12, 35, 64, 3, 3, 0, 1
NOTE, 12, 3, 5, 0, 2, 2, 0
NOTE, 12, 5, 8, 0, 3, 3, 0
NOTE, 12, 7, 10, 2, 0, 0, 2
NOTE, 12, 3, 4, 3, 0, 1, 3
NOTE, 12, 4, 5, 2, 0, 0, 2
NOTE, 12, 9, 10, 3, 1, 0, 3
NOTE, 12, 61, 64, 0, 0, 1, 0
NOTE, 13, 0, 1, 2, 0, 0, 1
NOTE, 13, 1, 10, 0, 1, 0, 0
NOTE, 13, 2, 13, 3, 0, 1, 0
NOTE, 13, 1, 5, 1, 0, 0, 2
NOTE, 13, 3, 10, 0, 0, 1, 3
NOTE, 13, 17, 48, 0, 1, 0, 0
NOTE, 13, 2, 5, 2, 0, 0, 2
NOTE, 13, 23, 48, 3, 0, 0, 3
NOTE, 13, 1, 2, 0, 2, 2, 0
NOTE, 13, 19, 32, 0, 3, 0, 0
NOTE, 13, 41, 64, 0, 0, 3, 2
NOTE, 13, 5, 7, 0, 0, 1, 3
NOTE, 13, 3, 4, 0, 1, 0, 0
NOTE, 13, 25, 32, 2, 0, 0, 0
NOTE, 13, 55, 64, 3, 0, 0, 0
NOTE, 13, 14, 15, 0, 2, 0, 0
NOTE, 14, 0, 1, 1, 3, 2, 0
NOTE, 14, 3, 16, 0, 1, 3, 0
NOTE, 14, 7, 32, 2, 0, 0, 0
NOTE, 14, 1, 4, 3, 0, 1, 0
NOTE, 14, 9, 32, 0, 0, 0, 2
NOTE, 14, 23, 64, 0, 2, 0, 0
NOTE, 14, 3, 7, 0, 3, 0, 0
NOTE, 14, 1, 2, 1, 0, 1, 3
NOTE, 14, 4, 7, 0, 0, 1, 0
NOTE, 14, 41, 64, 2, 0, 0, 0
NOTE, 14, 3, 4, 3, 1, 0, 1
NOTE, 14, 55, 64, 0, 1, 0, 0
NOTE, 14, 7, 8, 0, 0, 1, 0
NOTE, 14, 61, 64, 0, 1, 0, 0
NOTE, 15, 0, 1, 1, 0, 1, 0
NOTE, 15, 1, 8, 1, 0, 0, 0
NOTE, 15, 9, 64, 0, 0, 1, 0
NOTE, 15, 3, 16, 1, 0, 0, 0
NOTE, 15, 1, 4, 0, 1, 0, 2
NOTE, 15, 3, 8, 1, 0, 1, 3
NOTE, 15, 7, 16, 0, 1, 0, 0
NOTE, 15, 1, 2, 2, 0, 0, 1
NOTE, 15, 5, 8, 3, 0, 0, 1
NOTE, 15, 31, 48, 0, 0, 1, 0
NOTE, 15, 2, 3, 0, 1, 0, 0
NOTE, 15, 11, 16, 1, 0, 0, 0
NOTE, 15, 23, 32, 0, 0, 1, 0
NOTE, 15, 3, 4, 1, 0, 0, 2
NOTE, 15, 7, 8, 0, 1, 0, 3
NOTE, 15, 29, 32, 0, 0, 1, 0
NOTE, 15, 59, 64, 0, 0, 0, 1
NOTE, 15, 15, 16, 1, 0, 0, 0
NOTE, 15, 23, 24, 0, 1, 0, 0
NOTE, 15, 47, 48, 0, 0, 1, 0
NOTE, 16, 0, 1, 2, 0, 0, 1
NOTE, 16, 1, 10, 0, 1, 0, 0
NOTE, 16, 2, 13, 3, 0, 1, 0
NOTE, 16, 1, 5, 1, 0, 0, 2
NOTE, 16, 3, 10, 0, 0, 1, 0
NOTE, 16, 17, 48, 0, 1, 0, 3
NOTE, 16, 2, 5, 2, 0, 0, 2
NOTE, 16, 29, 64, 3, 0, 0, 3
NOTE, 16, 1, 2, 0, 0, 2, 2
NOTE, 16, 35, 64, 1, 0, 3, 3
NOTE, 16, 3, 5, 0, 2, 2, 0
NOTE, 16, 5, 8, 0, 3, 3, 0
NOTE, 16, 7, 10, 2, 0, 0, 2
NOTE, 16, 3, 4, 3, 1, 0, 3
NOTE, 16, 4, 5, 2, 0, 0, 2
NOTE, 16, 9, 10, 3, 0, 1, 3
NOTE, 16, 61, 64, 0, 1, 0, 0
NOTE, 17, 0, 1, 1, 0, 0, 2
NOTE, 17, 1, 10, 0, 0, 1, 0
NOTE, 17, 2, 13, 0, 1, 0, 3
NOTE, 17, 1, 5, 2, 0, 0, 1
NOTE, 17, 3, 10, 3, 1, 0, 0
NOTE, 17, 17, 48, 0, 0, 1, 0
NOTE, 17, 2, 5, 2, 0, 0, 2
NOTE, 17, 23, 48, 3, 0, 0, 3
NOTE, 17, 1, 2, 0, 2, 2, 0
NOTE, 17, 19, 32, 0, 0, 3, 0
NOTE, 17, 41, 64, 2, 3, 0, 0
NOTE, 17, 5, 7, 3, 2, 0, 0
NOTE, 17, 25, 32, 0, 3, 2, 0
NOTE, 17, 41, 48, 0, 0, 3, 0
NOTE, 17, 57, 64, 0, 0, 0, 1
NOTE, 17, 10, 11, 0, 0, 1, 0
NOTE, 17, 14, 15, 0, 2, 0, 0
NOTE, 17, 31, 32, 0, 0, 1, 0
NOTE, 17, 63, 64, 0, 0, 0, 2
NOTE, 18, 0, 1, 2, 3, 0, 0
NOTE, 18, 3, 16, 3, 0, 1, 3
NOTE, 18, 1, 4, 0, 1, 0, 0
NOTE, 18, 3, 10, 0, 0, 0, 2
NOTE, 18, 5, 16, 1, 0, 0, 0
NOTE, 18, 3, 8, 0, 1, 0, 3
NOTE, 18, 7, 16, 0, 0, 1, 0
NOTE, 18, 1, 2, 0, 0, 0, 1
NOTE, 18, 33, 64, 0, 2, 0, 0
NOTE, 18, 9, 16, 0, 3, 1, 0
NOTE, 18, 19, 32, 2, 0, 0, 0
NOTE, 18, 5, 8, 0, 1, 0, 0
NOTE, 18, 11, 16, 3, 0, 1, 0
NOTE, 18, 3, 4, 0, 0, 0, 1
NOTE, 18, 13, 16, 0, 0, 1, 0
NOTE, 18, 7, 8, 0, 1, 0, 2
NOTE, 18, 15, 16, 1, 0, 0, 3
NOTE, 19, 0, 1, 0, 0, 0, 1
NOTE, 19, 1, 16, 0, 0, 1, 0
NOTE, 19, 1, 8, 0, 1, 0, 0
NOTE, 19, 5, 32, 2, 0, 0, 0
NOTE, 19, 3, 16, 0, 0, 1, 0
NOTE, 19, 1, 4, 3, 0, 0, 1
NOTE, 19, 5, 16, 0, 1, 0, 0
NOTE, 19, 3, 8, 1, 0, 0, 0
NOTE, 19, 7, 16, 0, 1, 0, 0
NOTE, 19, 4, 9, 0, 0, 0, 2
NOTE, 19, 1, 2, 0, 0, 1, 0
NOTE, 19, 9, 16, 0, 1, 0, 3
NOTE, 19, 5, 8, 0, 0, 0, 1
NOTE, 19, 11, 16, 0, 0, 1, 0
NOTE, 19, 5, 7, 2, 0, 0, 0
NOTE, 19, 3, 4, 0, 1, 1, 0
NOTE, 19, 13, 16, 3, 0, 1, 0
NOTE, 19, 7, 8, 2, 0, 0, 2
NOTE, 19, 31, 32, 3, 0, 0, 0
NOTE, 20, 0, 1, 2, 2, 2, 3
NOTE, 20, 1, 4, 3, 3, 3, 0
NOTE, 20, 2, 7, 2, 0, 0, 0
NOTE, 20, 5, 16, 0, 0, 1, 0
NOTE, 20, 3, 8, 3, 0, 0, 1
NOTE, 20, 7, 16, 0, 0, 1, 0
NOTE, 20, 1, 2, 0, 1, 0, 0
NOTE, 20, 9, 16, 1, 0, 0, 0
NOTE, 20, 4, 7, 0, 0, 0, 2
NOTE, 20, 5, 8, 0, 1, 0, 0
NOTE, 20, 11, 16, 0, 0, 1, 3
NOTE, 20, 3, 4, 0, 0, 0, 1
NOTE, 20, 13, 16, 0, 0, 1, 0
NOTE, 20, 41, 48, 0, 2, 0, 0
NOTE, 20, 7, 8, 1, 0, 0, 0
NOTE, 20, 15, 16, 0, 0, 1, 0
NOTE, 21, 0, 1, 0, 3, 0, 2
NOTE, 21, 1, 16, 0, 0, 1, 3
NOTE, 21, 1, 8, 0, 1, 0, 0
NOTE, 21, 9, 64, 2, 0, 0, 0
NOTE, 21, 3, 16, 0, 0, 1, 0
NOTE, 21, 1, 4, 3, 0, 0, 1
NOTE, 21, 7, 24, 0, 0, 1, 0
NOTE, 21, 5, 16, 0, 1, 0, 0
NOTE, 21, 3, 8, 1, 0, 0, 0
NOTE, 21, 3, 7, 0, 0, 2, 0
NOTE, 21, 7, 16, 0, 1, 0, 0
NOTE, 21, 1, 2, 0, 0, 3, 1
NOTE, 21, 9, 16, 0, 0, 1, 0
NOTE, 21, 5, 8, 0, 1, 0, 0
NOTE, 21, 11, 16, 1, 0, 0, 0
NOTE, 21, 5, 7, 0, 0, 0, 2
NOTE, 21, 3, 4, 0, 1, 0, 0
NOTE, 21, 13, 16, 0, 0, 1, 3
NOTE, 21, 7, 8, 0, 0, 0, 1
NOTE, 22, 0, 1, 2, 0, 0, 1
NOTE, 22, 1, 16, 0, 0, 1, 0
NOTE, 22, 1, 8, 3, 1, 0, 0
NOTE, 22, 3, 16, 1, 0, 0, 0
NOTE, 22, 1, 4, 0, 1, 0, 0
NOTE, 22, 2, 7, 0, 0, 0, 2
NOTE, 22, 5, 16, 0, 0, 1, 0
NOTE, 22, 3, 8, 0, 1, 0, 0
NOTE, 22, 7, 16, 1, 0, 0, 3
NOTE, 22, 1, 2, 0, 1, 0, 0
NOTE, 22, 9, 16, 0, 0, 1, 0
NOTE, 22, 4, 7, 2, 0, 0, 0
NOTE, 22, 5, 8, 0, 0, 0, 1
NOTE, 22, 11, 16, 3, 0, 1, 0
NOTE, 22, 3, 4, 0, 1, 0, 0
NOTE, 22, 13, 16, 1, 0, 0, 0
NOTE, 22, 41, 48, 0, 0, 2, 0
NOTE, 22, 7, 8, 0, 1, 0, 0
NOTE, 22, 15, 16, 0, 0, 3, 1
NOTE, 23, 0, 1, 0, 0, 0, 2
NOTE, 23, 1, 16, 0, 0, 1, 3
NOTE, 23, 1, 8, 1, 0, 0, 0
NOTE, 23, 9, 64, 0, 0, 0, 2
NOTE, 23, 3, 16, 0, 1, 0, 0
NOTE, 23, 1, 4, 0, 0, 1, 3
NOTE, 23, 7, 24, 0, 1, 0, 0
NOTE, 23, 5, 16, 0, 0, 0, 1
NOTE, 23, 3, 8, 0, 0, 1, 0
NOTE, 23, 3, 7, 0, 0, 0, 2
NOTE, 23, 7, 16, 0, 1, 0, 0
NOTE, 23, 1, 2, 1, 0, 0, 0
NOTE, 23, 9, 16, 0, 1, 0, 3
NOTE, 23, 5, 8, 0, 0, 1, 0
NOTE, 23, 11, 16, 0, 0, 0, 1
NOTE, 23, 5, 7, 2, 0, 0, 0
NOTE, 23, 3, 4, 0, 0, 1, 0
NOTE, 23, 13, 16, 3, 1, 0, 0
NOTE, 23, 7, 8, 1, 0, 0, 0
NOTE, 24, 0, 1, 1, 2, 0, 0
NOTE, 24, 1, 16, 0, 3, 0, 0
NOTE, 24, 9, 64, 0, 0, 1, 0
NOTE, 24, 2, 7, 1, 0, 0, 2
NOTE, 24, 11, 32, 0, 0, 0, 3
NOTE, 24, 3, 7, 0, 1, 0, 0
NOTE, 24, 4, 7, 2, 0, 0, 1
NOTE, 24, 5, 8, 3, 0, 0, 0
NOTE, 24, 5, 7, 0, 0, 1, 0
NOTE, 24, 41, 48, 0, 2, 0, 1
NOTE, 24, 10, 11, 0, 3, 0, 0
NOTE, 25, 0, 1, 0, 1, 0, 0
NOTE, 25, 9, 64, 1, 0, 2, 0
NOTE, 25, 1, 5, 0, 0, 3, 0
NOTE, 25, 2, 7, 0, 1, 0, 0
NOTE, 25, 3, 7, 1, 0, 0, 2
NOTE, 25, 1, 2, 0, 0, 0, 3
NOTE, 25, 35, 48, 0, 0, 2, 0
NOTE, 25, 3, 4, 0, 2, 0, 0
NOTE, 25, 13, 16, 0, 0, 3, 0
NOTE, 25, 9, 11, 1, 3, 0, 1
NOTE, 26, 1, 28, 11_4, 0, 0, 0
NOTE, 26, 1, 14, 11_4, 0, 0, 0
NOTE, 26, 3, 28, 11_4, 0, 0, 0
NOTE, 26, 1, 7, 11_4, 0, 0, 0
NOTE, 26, 5, 28, 11_4, 0, 0, 0
NOTE, 26, 3, 14, 11_4, 0, 0, 0
NOTE, 26, 2, 7, 11_4, 0, 0, 0
NOTE, 26, 9, 28, 11_4, 0, 0, 0
NOTE, 26, 5, 14, 11_4, 0, 0, 0
NOTE, 26, 11, 28, 11_4, 0, 0, 0
NOTE, 26, 3, 7, 11_4, 0, 0, 0
NOTE, 26, 13, 28, 11_4, 0, 0, 0
NOTE, 26, 1, 2, 11_4, 0, 0, 0
NOTE, 26, 4, 7, 11_4, 0, 0, 0
NOTE, 26, 17, 28, 11_4, 0, 0, 0
NOTE, 26, 9, 14, 11_4, 0, 0, 0
NOTE, 26, 19, 28, 11_4, 0, 0, 0
NOTE, 26, 5, 7, 11_4, 0, 0, 0
NOTE, 26, 3, 4, 11_4, 0, 0, 0
NOTE, 26, 11, 14, 11_4, 0, 0, 0
NOTE, 26, 6, 7, 11_4, 0, 0, 0
NOTE, 26, 25, 28, 11_4, 0, 0, 0
NOTE, 26, 13, 14, 11_4, 0, 0, 0
NOTE, 26, 27, 28, 11_4, 0, 0, 0
NOTE, 27, 0, 1, 11_4, 0, 0, 0
NOTE, 27, 1, 28, 11_4, 0, 0, 0
NOTE, 27, 1, 14, 11_4, 0, 0, 0
NOTE, 27, 9, 64, 11_4, 0, 0, 0
NOTE, 27, 5, 28, 11_4, 0, 0, 0
NOTE, 27, 3, 14, 11_4, 0, 0, 0
NOTE, 27, 1, 4, 11_4, 0, 0, 0
NOTE, 27, 2, 7, 11_4, 0, 0, 0
NOTE, 27, 17, 52, 11_4, 0, 0, 0
NOTE, 27, 5, 14, 11_4, 0, 0, 0
NOTE, 27, 3, 7, 11_4, 0, 0, 0
NOTE, 27, 13, 28, 11_4, 0, 0, 0
NOTE, 27, 1, 2, 11_4, 0, 0, 0
NOTE, 27, 15, 28, 11_4, 0, 0, 0
NOTE, 27, 4, 7, 11_4, 0, 0, 0
NOTE, 27, 17, 28, 11_4, 0, 0, 0
NOTE, 27, 9, 14, 11_4, 0, 0, 0
NOTE, 27, 5, 7, 11_4, 0, 0, 0
NOTE, 27, 3, 4, 11_4, 0, 0, 0
NOTE, 27, 7, 9, 11_4, 0, 0, 0
NOTE, 27, 9, 11, 11_4, 0, 0, 0
NOTE, 27, 41, 48, 11_4, 0, 0, 0
NOTE, 27, 39, 44, 11_4, 0, 0, 0
NOTE, 28, 0, 1, 1, 1, 0, 0
NOTE, 28, 3, 64, 1, 0, 0, 0
NOTE, 28, 1, 13, 0, 0, 1, 0
NOTE, 28, 1, 10, 0, 0, 0, 1
NOTE, 28, 2, 13, 0, 1, 1, 0
NOTE, 28, 1, 5, 1, 0, 0, 1
NOTE, 28, 3, 10, 0, 1, 1, 0
NOTE, 28, 17, 48, 0, 0, 0, 1
NOTE, 28, 3, 8, 0, 0, 1, 0
NOTE, 28, 2, 5, 1, 0, 0, 0
NOTE, 28, 29, 64, 0, 1, 0, 1
NOTE, 28, 1, 2, 0, 0, 1, 1
NOTE, 28, 3, 5, 1, 0, 0, 0
NOTE, 28, 5, 8, 0, 1, 0, 0
NOTE, 28, 41, 64, 0, 0, 0, 1
NOTE, 28, 21, 32, 0, 0, 1, 0
NOTE, 28, 43, 64, 0, 1, 0, 0
NOTE, 28, 7, 10, 1, 0, 0, 0
NOTE, 28, 8, 11, 0, 0, 1, 0
NOTE, 28, 3, 4, 0, 0, 0, 1
NOTE, 28, 4, 5, 0, 1, 0, 0
NOTE, 28, 11, 13, 1, 0, 0, 1
NOTE, 28, 9, 10, 0, 0, 1, 0
NOTE, 28, 61, 64, 0, 1, 0, 0
NOTE, 29, 0, 1, 0, 1, 1, 0
NOTE, 29, 3, 64, 1, 0, 0, 1
NOTE, 29, 1, 10, 0, 0, 1, 0
NOTE, 29, 1, 8, 0, 1, 0, 0
NOTE, 29, 2, 13, 1, 0, 0, 0
NOTE, 29, 1, 5, 0, 0, 0, 1
NOTE, 29, 1, 4, 1, 0, 1, 0
NOTE, 29, 3, 10, 0, 1, 0, 0
NOTE, 29, 17, 48, 0, 0, 1, 0
NOTE, 29, 2, 5, 1, 0, 0, 1
NOTE, 29, 29, 64, 0, 1, 0, 0
NOTE, 29, 1, 2, 0, 0, 1, 1
NOTE, 29, 35, 64, 0, 1, 0, 0
NOTE, 29, 37, 64, 1, 0, 0, 0
NOTE, 29, 3, 5, 0, 0, 1, 0
NOTE, 29, 5, 8, 0, 1, 0, 1
NOTE, 29, 31, 48, 0, 0, 1, 0
NOTE, 29, 43, 64, 1, 0, 0, 0
NOTE, 29, 7, 10, 0, 1, 0, 0
NOTE, 29, 3, 4, 0, 0, 1, 0
NOTE, 29, 4, 5, 1, 0, 0, 1
NOTE, 29, 11, 13, 0, 1, 1, 0
NOTE, 29, 9, 10, 1, 0, 0, 0
NOTE, 29, 61, 64, 0, 1, 1, 0
NOTE, 30, 0, 1, 11_4, 0, 0, 0
NOTE, 30, 1, 28, 11_4, 0, 0, 0
NOTE, 30, 1, 14, 11_4, 0, 0, 0
NOTE, 30, 3, 28, 11_4, 0, 0, 0
NOTE, 30, 1, 7, 11_4, 0, 0, 0
NOTE, 30, 5, 28, 11_4, 0, 0, 0
NOTE, 30, 3, 14, 11_4, 0, 0, 0
NOTE, 30, 2, 7, 11_4, 0, 0, 0
NOTE, 30, 13, 40, 11_4, 0, 0, 0
NOTE, 30, 17, 48, 11_4, 0, 0, 0
NOTE, 30, 17, 44, 11_4, 0, 0, 0
NOTE, 30, 17, 40, 11_4, 0, 0, 0
NOTE, 30, 7, 15, 11_4, 0, 0, 0
NOTE, 30, 1, 2, 11_4, 0, 0, 0
NOTE, 30, 17, 30, 11_4, 0, 0, 0
NOTE, 30, 3, 5, 11_4, 0, 0, 0
NOTE, 30, 9, 14, 11_4, 0, 0, 0
NOTE, 30, 43, 64, 11_4, 0, 0, 0
NOTE, 30, 37, 52, 11_4, 0, 0, 0
NOTE, 30, 3, 4, 11_4, 0, 0, 0
NOTE, 30, 47, 60, 11_4, 0, 0, 0
NOTE, 30, 17, 20, 11_4, 0, 0, 0
NOTE, 30, 25, 28, 11_4, 0, 0, 0
NOTE, 30, 13, 14, 11_4, 0, 0, 0
NOTE, 30, 27, 28, 11_4, 0, 0, 0
NOTE, 31, 0, 1, 11_4, 0, 0, 0
NOTE, 31, 1, 28, 11_4, 0, 0, 0
NOTE, 31, 1, 14, 11_4, 0, 0, 0
NOTE, 31, 3, 28, 11_4, 0, 0, 0
NOTE, 31, 1, 7, 11_4, 0, 0, 0
NOTE, 31, 5, 28, 11_4, 0, 0, 0
NOTE, 31, 3, 14, 11_4, 0, 0, 0
NOTE, 31, 1, 4, 11_4, 0, 0, 0
NOTE, 31, 2, 7, 11_4, 0, 0, 0
NOTE, 31, 17, 52, 11_4, 0, 0, 0
NOTE, 31, 5, 14, 11_4, 0, 0, 0
NOTE, 31, 3, 7, 11_4, 0, 0, 0
NOTE, 31, 13, 28, 11_4, 0, 0, 0
NOTE, 31, 1, 2, 11_4, 0, 0, 0
NOTE, 31, 15, 28, 11_4, 0, 0, 0
NOTE, 31, 4, 7, 11_4, 0, 0, 0
NOTE, 31, 17, 28, 11_4, 0, 0, 0
NOTE, 31, 9, 14, 11_4, 0, 0, 0
NOTE, 31, 35, 52, 11_4, 0, 0, 0
NOTE, 31, 3, 4, 11_4, 0, 0, 0
NOTE, 31, 11, 14, 11_4, 0, 0, 0
NOTE, 31, 23, 28, 11_4, 0, 0, 0
NOTE, 31, 6, 7, 11_4, 0, 0, 0
NOTE, 31, 25, 28, 11_4, 0, 0, 0
NOTE, 31, 13, 14, 11_4, 0, 0, 0
NOTE, 32, 1, 30, 0, 0, 0, 1
NOTE, 32, 1, 22, 0, 0, 1, 0
NOTE, 32, 1, 13, 0, 1, 0, 0
NOTE, 32, 1, 10, 1, 0, 0, 0
NOTE, 32, 2, 13, 0, 1, 1, 0
NOTE, 32, 1, 5, 1, 0, 0, 1
NOTE, 32, 3, 10, 0, 1, 1, 0
NOTE, 32, 17, 48, 1, 0, 0, 0
NOTE, 32, 3, 8, 0, 1, 0, 0
NOTE, 32, 2, 5, 0, 0, 0, 1
NOTE, 32, 29, 64, 1, 0, 1, 0
NOTE, 32, 1, 2, 1, 1, 0, 0
NOTE, 32, 3, 5, 0, 0, 0, 1
NOTE, 32, 5, 8, 0, 0, 1, 0
NOTE, 32, 41, 64, 1, 0, 0, 0
NOTE, 32, 21, 32, 0, 1, 0, 0
NOTE, 32, 43, 64, 0, 0, 1, 0
NOTE, 32, 7, 10, 0, 0, 0, 1
NOTE, 32, 8, 11, 1, 0, 0, 0
NOTE, 32, 3, 4, 0, 1, 0, 0
NOTE, 32, 4, 5, 0, 0, 1, 0
NOTE, 32, 11, 13, 1, 0, 0, 1
NOTE, 32, 9, 10, 0, 1, 0, 1
NOTE, 32, 61, 64, 0, 0, 1, 0
NOTE, 33, 0, 1, 0, 1, 1, 0
NOTE, 33, 3, 64, 1, 0, 0, 1
NOTE, 33, 1, 10, 1, 1, 0, 0
NOTE, 33, 1, 8, 0, 0, 1, 0
NOTE, 33, 2, 13, 0, 0, 0, 1
NOTE, 33, 1, 5, 1, 0, 0, 0
NOTE, 33, 1, 4, 0, 1, 0, 1
NOTE, 33, 3, 10, 0, 1, 1, 0
NOTE, 33, 17, 48, 0, 0, 1, 0
NOTE, 33, 2, 5, 1, 0, 0, 1
NOTE, 33, 29, 64, 0, 1, 0, 0
NOTE, 33, 1, 2, 0, 0, 1, 1
NOTE, 33, 8, 15, 0, 0, 1, 0
NOTE, 33, 4, 7, 1, 0, 0, 1
NOTE, 33, 39, 64, 0, 1, 0, 0
NOTE, 33, 41, 64, 1, 0, 0, 1
NOTE, 33, 5, 7, 0, 1, 1, 0
NOTE, 33, 3, 4, 0, 0, 0, 1
NOTE, 33, 25, 32, 0, 1, 1, 0
NOTE, 33, 9, 11, 1, 0, 0, 1
NOTE, 33, 57, 64, 0, 1, 0, 0
NOTE, 33, 14, 15, 1, 0, 0, 1
NOTE, 33, 31, 32, 0, 0, 1, 0
NOTE, 34, 0, 1, 1, 0, 0, 1
NOTE, 34, 1, 32, 0, 1, 0, 0
NOTE, 34, 1, 15, 0, 0, 1, 0
NOTE, 34, 1, 9, 11_4, 0, 0, 0
NOTE, 34, 1, 7, 11_4, 0, 0, 0
NOTE, 34, 2, 11, 11_4, 0, 0, 0
NOTE, 34, 3, 14, 11_4, 0, 0, 0
NOTE, 34, 2, 7, 11_4, 0, 0, 0
NOTE, 34, 17, 52, 11_4, 0, 0, 0
NOTE, 34, 5, 14, 11_4, 0, 0, 0
NOTE, 34, 11, 28, 11_4, 0, 0, 0
NOTE, 34, 3, 7, 11_4, 0, 0, 0
NOTE, 34, 13, 28, 11_4, 0, 0, 0
NOTE, 34, 1, 2, 11_4, 0, 0, 0
NOTE, 34, 4, 7, 11_4, 0, 0, 0
NOTE, 34, 17, 28, 11_4, 0, 0, 0
NOTE, 34, 9, 14, 11_4, 0, 0, 0
NOTE, 34, 35, 52, 11_4, 0, 0, 0
NOTE, 34, 37, 52, 11_4, 0, 0, 0
NOTE, 34, 3, 4, 11_4, 0, 0, 0
NOTE, 34, 11, 14, 11_4, 0, 0, 0
NOTE, 34, 6, 7, 11_4, 0, 0, 0
NOTE, 34, 25, 28, 11_4, 0, 0, 0
NOTE, 34, 13, 14, 11_4, 0, 0, 0
NOTE, 34, 27, 28, 11_4, 0, 0, 0
NOTE, 35, 0, 1, 11_4, 0, 0, 0
NOTE, 35, 1, 22, 11_4, 0, 0, 0
NOTE, 35, 2, 13, 0, 0, 0, 1
NOTE, 35, 5, 32, 1, 0, 0, 0
NOTE, 35, 11, 64, 0, 1, 0, 0
NOTE, 35, 1, 5, 0, 0, 0, 1
NOTE, 35, 1, 4, 0, 1, 1, 0
NOTE, 35, 3, 10, 0, 0, 0, 1
NOTE, 35, 21, 64, 0, 0, 1, 0
NOTE, 35, 17, 48, 1, 1, 0, 0
NOTE, 35, 2, 5, 1, 1, 0, 0
NOTE, 35, 29, 64, 1, 1, 0, 0
NOTE, 35, 1, 2, 0, 0, 2, 2
NOTE, 35, 35, 64, 0, 0, 0, 3
NOTE, 35, 37, 64, 0, 1, 3, 0
NOTE, 35, 3, 5, 1, 0, 0, 0
NOTE, 35, 31, 48, 0, 0, 1, 0
NOTE, 35, 7, 10, 0, 1, 0, 0
NOTE, 35, 8, 11, 0, 0, 1, 0
NOTE, 35, 25, 32, 1, 0, 0, 0
NOTE, 35, 53, 64, 0, 0, 1, 0
NOTE, 35, 11, 13, 0, 0, 0, 1
NOTE, 35, 7, 8, 0, 0, 1, 0
NOTE, 35, 9, 10, 1, 0, 0, 0
NOTE, 35, 61, 64, 0, 1, 0, 0
NOTE, 36, 0, 1, 0, 2, 2, 2
NOTE, 36, 3, 32, 0, 3, 3, 3
NOTE, 36, 1, 8, 2, 2, 0, 0
NOTE, 36, 2, 9, 3, 3, 0, 0
NOTE, 36, 3, 11, 2, 0, 2, 0
NOTE, 36, 17, 48, 3, 0, 3, 0
NOTE, 36, 27, 64, 0, 0, 1, 0
NOTE, 36, 1, 2, 1, 1, 0, 0
NOTE, 36, 37, 64, 0, 0, 1, 2
NOTE, 36, 7, 10, 0, 0, 1, 3
NOTE, 36, 8, 11, 2, 1, 0, 0
NOTE, 36, 7, 8, 3, 0, 2, 1
NOTE, 37, 0, 1, 1, 1, 3, 0
NOTE, 37, 3, 64, 1, 1, 0, 0
NOTE, 37, 1, 10, 0, 0, 1, 1
NOTE, 37, 1, 8, 1, 0, 0, 0
NOTE, 37, 2, 13, 0, 1, 0, 0
NOTE, 37, 1, 5, 0, 0, 1, 1
NOTE, 37, 3, 11, 0, 1, 0, 0
NOTE, 37, 3, 10, 0, 0, 1, 0
NOTE, 37, 17, 48, 0, 0, 1, 0
NOTE, 37, 2, 5, 0, 1, 0, 1
NOTE, 37, 27, 64, 2, 0, 0, 0
NOTE, 37, 1, 2, 3, 0, 2, 1
NOTE, 37, 4, 7, 0, 2, 3, 0
NOTE, 37, 39, 64, 0, 3, 0, 2
NOTE, 37, 41, 64, 0, 2, 0, 3
NOTE, 37, 43, 64, 0, 3, 0, 2
NOTE, 37, 5, 7, 0, 2, 0, 3
NOTE, 37, 3, 4, 0, 3, 0, 2
NOTE, 37, 25, 32, 0, 2, 0, 3
NOTE, 37, 9, 11, 0, 3, 0, 2
NOTE, 37, 55, 64, 0, 2, 0, 3
NOTE, 37, 57, 64, 0, 3, 0, 2
NOTE, 37, 14, 15, 0, 2, 0, 3
NOTE, 37, 31, 32, 0, 3, 0, 2
NOTE, 38, 0, 1, 11_3, 0, 0, 3
NOTE, 38, 1, 28, 11_4, 0, 0, 0
NOTE, 38, 1, 14, 11_4, 0, 0, 0
NOTE, 38, 3, 28, 11_4, 0, 0, 0
NOTE, 38, 1, 7, 11_4, 0, 0, 0
NOTE, 38, 5, 28, 11_4, 0, 0, 0
NOTE, 38, 3, 14, 11_4, 0, 0, 0
NOTE, 38, 2, 7, 11_4, 0, 0, 0
NOTE, 38, 13, 40, 11_4, 0, 0, 0
NOTE, 38, 4, 11, 11_4, 0, 0, 0
NOTE, 38, 21, 52, 11_4, 0, 0, 0
NOTE, 38, 19, 44, 11_4, 0, 0, 0
NOTE, 38, 13, 28, 11_4, 0, 0, 0
NOTE, 38, 1, 2, 11_4, 0, 0, 0
NOTE, 38, 4, 7, 0, 0, 1, 1
NOTE, 38, 5, 8, 0, 1, 0, 0
NOTE, 38, 31, 48, 1, 0, 0, 0
NOTE, 38, 27, 40, 0, 1, 0, 0
NOTE, 38, 5, 7, 0, 0, 1, 0
NOTE, 38, 3, 4, 0, 0, 0, 1
NOTE, 38, 25, 32, 0, 0, 1, 0
NOTE, 38, 55, 64, 1, 0, 0, 1
NOTE, 38, 57, 64, 0, 1, 0, 0
NOTE, 38, 14, 15, 0, 0, 1, 0
NOTE, 38, 31, 32, 0, 0, 0, 1
NOTE, 39, 0, 1, 1, 1, 0, 0
NOTE, 39, 3, 64, 1, 1, 0, 0
NOTE, 39, 1, 10, 0, 0, 0, 1
NOTE, 39, 1, 8, 1, 1, 0, 0
NOTE, 39, 2, 13, 0, 0, 1, 0
NOTE, 39, 11, 64, 0, 0, 0, 1
NOTE, 39, 1, 5, 1, 0, 0, 0
NOTE, 39, 1, 4, 0, 1, 1, 0
NOTE, 39, 3, 11, 0, 0, 0, 1
NOTE, 39, 21, 64, 1, 0, 0, 0
NOTE, 39, 17, 48, 0, 0, 0, 1
NOTE, 39, 2, 5, 1, 0, 0, 0
NOTE, 39, 27, 64, 0, 0, 1, 0
NOTE, 39, 29, 64, 0, 0, 0, 1
NOTE, 39, 23, 48, 0, 0, 1, 0
NOTE, 39, 1, 2, 2, 2, 0, 0
NOTE, 39, 35, 64, 0, 3, 0, 0
NOTE, 39, 37, 64, 3, 0, 1, 0
NOTE, 39, 3, 5, 0, 0, 0, 2
NOTE, 39, 8, 11, 0, 0, 1, 3
NOTE, 39, 7, 9, 1, 0, 0, 0
NOTE, 39, 4, 5, 0, 1, 0, 0
NOTE, 39, 53, 64, 0, 0, 0, 1
NOTE, 39, 11, 13, 0, 1, 0, 0
NOTE, 39, 9, 10, 1, 0, 0, 0
NOTE, 39, 12, 13, 0, 0, 1, 0
NOTE, 39, 61, 64, 0, 0, 0, 1
NOTE, 39, 47, 48, 0, 0, 1, 0
NOTE, 40, 0, 1, 2, 2, 0, 0
NOTE, 40, 3, 64, 3, 0, 0, 0
NOTE, 40, 1, 13, 0, 3, 1, 0
NOTE, 40, 1, 8, 0, 1, 0, 1
NOTE, 40, 2, 9, 1, 0, 1, 0
NOTE, 40, 17, 48, 0, 1, 0, 2
NOTE, 40, 1, 2, 1, 2, 0, 3
NOTE, 40, 37, 64, 0, 3, 0, 0
NOTE, 40, 3, 5, 1, 0, 0, 1
NOTE, 40, 31, 48, 0, 2, 0, 1
NOTE, 40, 8, 11, 0, 0, 0, 1
NOTE, 40, 11, 13, 0, 3, 1, 1
NOTE, 40, 9, 10, 0, 1, 0, 0
NOTE, 40, 61, 64, 1, 0, 0, 0
NOTE, 41, 0, 1, 0, 0, 2, 1
NOTE, 41, 3, 64, 2, 0, 3, 0
NOTE, 41, 1, 10, 3, 1, 0, 0
NOTE, 41, 1, 8, 0, 0, 1, 0
NOTE, 41, 2, 13, 0, 0, 0, 2
NOTE, 41, 1, 5, 0, 2, 0, 3
NOTE, 41, 3, 11, 0, 3, 0, 0
NOTE, 41, 2, 7, 0, 0, 1, 0
NOTE, 41, 3, 10, 0, 0, 0, 2
NOTE, 41, 17, 48, 0, 0, 2, 0
NOTE, 41, 25, 64, 0, 0, 0, 3
NOTE, 41, 2, 5, 1, 0, 3, 0
NOTE, 41, 27, 64, 0, 1, 0, 0
NOTE, 41, 29, 64, 2, 0, 0, 0
NOTE, 41, 1, 2, 3, 0, 1, 1
NOTE, 41, 4, 7, 0, 2, 0, 0
NOTE, 41, 39, 64, 0, 3, 0, 2
NOTE, 41, 41, 64, 0, 2, 0, 3
NOTE, 41, 43, 64, 0, 3, 0, 2
NOTE, 41, 5, 7, 0, 2, 0, 3
NOTE, 41, 3, 4, 0, 3, 0, 2
NOTE, 41, 25, 32, 0, 2, 0, 3
NOTE, 41, 9, 11, 0, 3, 0, 2
NOTE, 41, 55, 64, 0, 2, 0, 3
NOTE, 41, 57, 64, 0, 3, 0, 2
NOTE, 41, 14, 15, 0, 2, 0, 3
NOTE, 41, 31, 32, 0, 3, 0, 2
NOTE, 42, 0, 1, 0, 0, 0, 3
NOTE, 42, 1, 48, 0, 1, 0, 0
NOTE, 42, 1, 24, 2, 0, 0, 0
NOTE, 42, 33, 64, 0, 0, 0, 1
NOTE, 42, 7, 11, 0, 0, 1, 0
NOTE, 42, 49, 64, 0, 1, 0, 0
NOTE, 42, 27, 32, 3, 0, 0, 0
NOTE, 42, 8, 9, 1, 0, 0, 0
NOTE, 42, 47, 48, 0, 1, 0, 0
NOTE, 43, 0, 1, 0, 0, 1, 0
NOTE, 43, 1, 48, 0, 0, 0, 2
NOTE, 43, 5, 32, 0, 2, 0, 3
NOTE, 43, 1, 4, 0, 3, 1, 0
NOTE, 43, 13, 48, 0, 0, 0, 1
NOTE, 43, 7, 24, 1, 2, 0, 0
NOTE, 43, 1, 2, 0, 3, 0, 0
NOTE, 43, 4, 7, 2, 0, 0, 0
NOTE, 43, 39, 64, 3, 0, 2, 0
NOTE, 43, 41, 64, 2, 0, 3, 0
NOTE, 43, 43, 64, 3, 0, 2, 0
NOTE, 43, 5, 7, 2, 0, 3, 0
NOTE, 43, 3, 4, 3, 0, 2, 0
NOTE, 43, 25, 32, 2, 0, 3, 0
NOTE, 43, 9, 11, 3, 0, 2, 0
NOTE, 43, 55, 64, 2, 0, 3, 0
NOTE, 43, 57, 64, 3, 0, 2, 0
NOTE, 43, 14, 15, 2, 0, 3, 0
NOTE, 43, 31, 32, 3, 0, 2, 0
NOTE, 44, 0, 1, 0, 1, 3, 0
NOTE, 44, 1, 64, 0, 0, 0, 1
NOTE, 44, 9, 64, 1, 0, 0, 0
NOTE, 44, 2, 7, 0, 1, 0, 0
NOTE, 44, 21, 64, 0, 0, 1, 0
NOTE, 44, 3, 7, 1, 0, 0, 0
NOTE, 44, 5, 9, 0, 1, 0, 0
NOTE, 44, 4, 7, 0, 0, 1, 0
NOTE, 44, 19, 32, 0, 0, 0, 1
NOTE, 44, 5, 7, 0, 1, 0, 0
NOTE, 44, 55, 64, 0, 0, 0, 1
NOTE, 44, 7, 8, 0, 0, 1, 0
NOTE, 45, 0, 1, 1, 0, 0, 0
NOTE, 45, 7, 64, 0, 1, 0, 0
NOTE, 45, 9, 64, 0, 0, 1, 0
NOTE, 45, 2, 7, 1, 0, 0, 0
NOTE, 45, 13, 32, 0, 0, 1, 0
NOTE, 45, 3, 7, 0, 0, 0, 1
NOTE, 45, 4, 7, 0, 1, 0, 0
NOTE, 45, 5, 7, 1, 0, 0, 0
NOTE, 45, 47, 64, 0, 0, 1, 0
NOTE, 45, 55, 64, 0, 0, 0, 1
NOTE, 46, 0, 1, 2, 0, 0, 2
NOTE, 46, 1, 64, 0, 0, 2, 0
NOTE, 46, 1, 8, 3, 0, 0, 0
NOTE, 46, 5, 32, 0, 0, 0, 3
NOTE, 46, 1, 5, 0, 0, 3, 0
NOTE, 46, 2, 7, 2, 0, 0, 2
NOTE, 46, 3, 10, 0, 2, 0, 0
NOTE, 46, 13, 32, 0, 0, 0, 3
NOTE, 46, 4, 9, 3, 0, 0, 0
NOTE, 46, 31, 64, 0, 3, 0, 0
NOTE, 46, 4, 7, 2, 0, 2, 0
NOTE, 46, 19, 32, 0, 0, 0, 2
NOTE, 46, 7, 10, 3, 0, 0, 0
NOTE, 46, 47, 64, 0, 0, 3, 0
NOTE, 46, 49, 64, 0, 0, 0, 3
NOTE, 46, 55, 64, 0, 2, 0, 2
NOTE, 46, 7, 8, 2, 0, 0, 0
NOTE, 46, 63, 64, 0, 0, 0, 3
NOTE, 47, 1, 64, 0, 3, 0, 0
NOTE, 47, 3, 64, 3, 0, 0, 0
NOTE, 47, 9, 64, 2, 0, 2, 0
NOTE, 47, 5, 32, 0, 0, 0, 2
NOTE, 47, 17, 64, 3, 0, 0, 0
NOTE, 47, 3, 10, 0, 0, 3, 0
NOTE, 47, 11, 32, 0, 0, 0, 3
NOTE, 47, 3, 7, 0, 2, 0, 2
NOTE, 47, 4, 9, 2, 0, 0, 0
NOTE, 47, 5, 9, 0, 0, 0, 3
NOTE, 47, 7, 12, 0, 3, 0, 0
NOTE, 47, 5, 8, 3, 0, 0, 0
NOTE, 47, 5, 7, 2, 0, 0, 2
NOTE, 47, 47, 64, 0, 0, 2, 0
NOTE, 47, 27, 32, 3, 0, 0, 0
NOTE, 47, 7, 8, 0, 0, 0, 3
NOTE, 47, 10, 11, 0, 0, 3, 0
NOTE, 48, 0, 1, 0, 2, 1, 0
NOTE, 48, 1, 8, 0, 3, 1, 0
NOTE, 48, 2, 7, 0, 0, 2, 0
NOTE, 48, 3, 7, 0, 0, 3, 1
NOTE, 48, 1, 2, 1, 0, 0, 0
NOTE, 48, 4, 7, 0, 0, 2, 0
NOTE, 48, 5, 8, 1, 0, 0, 0
NOTE, 48, 7, 10, 0, 0, 3, 0
NOTE, 48, 55, 64, 0, 2, 0, 0
NOTE, 49, 0, 1, 0, 3, 1, 0
NOTE, 49, 1, 8, 1, 0, 0, 0
NOTE, 49, 2, 13, 0, 0, 2, 0
NOTE, 49, 11, 64, 0, 0, 0, 2
NOTE, 49, 2, 9, 0, 0, 3, 0
NOTE, 49, 3, 11, 0, 0, 0, 3
NOTE, 49, 3, 7, 1, 0, 0, 0
NOTE, 49, 29, 64, 0, 2, 0, 0
NOTE, 49, 23, 48, 0, 0, 2, 0
NOTE, 49, 1, 2, 0, 3, 0, 0
NOTE, 49, 37, 64, 0, 0, 3, 0
NOTE, 49, 9, 10, 0, 0, 0, 2
NOTE, 49, 12, 13, 0, 0, 2, 3
NOTE, 49, 61, 64, 0, 2, 3, 0
NOTE, 49, 47, 48, 2, 3, 0, 0
NOTE, 50, 0, 1, 3, 0, 2, 2
NOTE, 50, 1, 12, 0, 1, 3, 3
NOTE, 50, 1, 8, 1, 0, 0, 1
NOTE, 50, 1, 6, 0, 1, 0, 1
NOTE, 50, 5, 24, 0, 0, 1, 0
NOTE, 50, 1, 4, 1, 1, 0, 0
NOTE, 50, 7, 24, 0, 0, 0, 1
NOTE, 50, 1, 3, 1, 0, 0, 0
NOTE, 50, 3, 8, 0, 1, 0, 1
NOTE, 50, 5, 12, 0, 0, 1, 0
NOTE, 50, 11, 24, 1, 0, 0, 0
NOTE, 50, 1, 2, 0, 1, 1, 0
NOTE, 50, 13, 24, 0, 0, 0, 1
NOTE, 50, 7, 12, 1, 0, 1, 0
NOTE, 50, 5, 8, 0, 1, 1, 0
NOTE, 50, 2, 3, 0, 0, 0, 1
NOTE, 50, 17, 24, 1, 0, 1, 0
NOTE, 50, 3, 4, 0, 1, 0, 0
NOTE, 50, 19, 24, 0, 0, 0, 1
NOTE, 50, 5, 6, 0, 0, 1, 0
NOTE, 50, 7, 8, 0, 1, 0, 0
NOTE, 50, 11, 12, 1, 0, 0, 0
NOTE, 50, 23, 24, 0, 0, 0, 1
NOTE, 51, 0, 1, 0, 2, 1, 0
NOTE, 51, 1, 12, 1, 3, 0, 0
NOTE, 51, 1, 8, 0, 1, 1, 0
NOTE, 51, 1, 6, 0, 1, 0, 1
NOTE, 51, 5, 24, 1, 0, 0, 0
NOTE, 51, 1, 4, 0, 0, 1, 0
NOTE, 51, 7, 24, 0, 1, 0, 0
NOTE, 51, 1, 3, 1, 0, 0, 1
NOTE, 51, 3, 8, 0, 0, 1, 0
NOTE, 51, 5, 12, 1, 0, 0, 1
NOTE, 51, 11, 24, 0, 1, 0, 0
NOTE, 51, 1, 2, 0, 0, 1, 1
NOTE, 51, 13, 24, 1, 0, 0, 0
NOTE, 51, 7, 12, 0, 1, 0, 1
NOTE, 51, 5, 8, 0, 1, 1, 0
NOTE, 51, 2, 3, 1, 0, 0, 0
NOTE, 51, 17, 24, 0, 0, 0, 1
NOTE, 51, 3, 4, 0, 1, 0, 0
NOTE, 51, 19, 24, 0, 0, 1, 0
NOTE, 51, 5, 6, 1, 0, 0, 0
NOTE, 51, 7, 8, 0, 1, 0, 1
NOTE, 51, 11, 12, 0, 0, 2, 0
NOTE, 52, 0, 1, 2, 0, 3, 2
NOTE, 52, 1, 12, 3, 1, 1, 3
NOTE, 52, 1, 8, 1, 0, 0, 1
NOTE, 52, 1, 6, 0, 1, 0, 1
NOTE, 52, 5, 24, 0, 0, 1, 0
NOTE, 52, 1, 4, 0, 1, 0, 0
NOTE, 52, 7, 24, 1, 0, 0, 0
NOTE, 52, 1, 3, 0, 1, 0, 0
NOTE, 52, 3, 8, 0, 0, 1, 0
NOTE, 52, 5, 12, 0, 0, 0, 2
NOTE, 52, 1, 2, 1, 0, 1, 3
NOTE, 52, 13, 24, 1, 0, 0, 1
NOTE, 52, 7, 12, 0, 1, 0, 0
NOTE, 52, 5, 8, 0, 0, 1, 1
NOTE, 52, 2, 3, 0, 1, 0, 0
NOTE, 52, 17, 24, 1, 0, 0, 0
NOTE, 52, 3, 4, 0, 1, 1, 0
NOTE, 52, 19, 24, 0, 0, 0, 1
NOTE, 52, 5, 6, 0, 1, 0, 0
NOTE, 52, 7, 8, 1, 0, 1, 0
NOTE, 52, 11, 12, 1, 0, 0, 1
NOTE, 52, 23, 24, 0, 1, 0, 0
NOTE, 53, 0, 1, 0, 0, 1, 1
NOTE, 53, 1, 24, 1, 0, 0, 0
NOTE, 53, 1, 12, 0, 1, 0, 1
NOTE, 53, 1, 8, 0, 1, 1, 0
NOTE, 53, 1, 6, 0, 0, 0, 1
NOTE, 53, 5, 24, 1, 1, 0, 0
NOTE, 53, 1, 4, 0, 0, 1, 0
NOTE, 53, 7, 24, 0, 0, 0, 1
NOTE, 53, 1, 3, 1, 0, 0, 0
NOTE, 53, 3, 8, 0, 1, 0, 0
NOTE, 53, 5, 12, 0, 0, 0, 2
NOTE, 53, 3, 7, 0, 0, 2, 0
NOTE, 53, 1, 2, 1, 1, 3, 3
NOTE, 53, 13, 24, 0, 0, 1, 0
NOTE, 53, 7, 12, 1, 0, 0, 1
NOTE, 53, 5, 8, 0, 1, 1, 0
NOTE, 53, 2, 3, 1, 0, 0, 0
NOTE, 53, 17, 24, 0, 0, 0, 1
NOTE, 53, 3, 4, 0, 0, 1, 0
NOTE, 53, 19, 24, 0, 1, 0, 0
NOTE, 53, 5, 6, 1, 0, 0, 1
NOTE, 53, 7, 8, 0, 1, 0, 0
NOTE, 53, 11, 12, 0, 0, 1, 0
NOTE, 53, 23, 24, 0, 0, 0, 1
NOTE, 54, 0, 1, 0, 2, 2, 0
NOTE, 54, 1, 12, 1, 3, 3, 0
NOTE, 54, 1, 8, 0, 1, 0, 1
NOTE, 54, 1, 6, 0, 1, 1, 0
NOTE, 54, 5, 24, 0, 0, 0, 1
NOTE, 54, 1, 4, 1, 0, 0, 0
NOTE, 54, 7, 24, 0, 1, 0, 1
NOTE, 54, 1, 3, 0, 0, 1, 0
NOTE, 54, 3, 8, 0, 1, 0, 0
NOTE, 54, 5, 12, 1, 0, 0, 1
NOTE, 54, 11, 24, 0, 0, 1, 0
NOTE, 54, 1, 2, 1, 1, 0, 0
NOTE, 54, 13, 24, 0, 0, 1, 0
NOTE, 54, 7, 12, 1, 0, 0, 1
NOTE, 54, 5, 8, 0, 1, 1, 0
NOTE, 54, 2, 3, 1, 0, 0, 0
NOTE, 54, 17, 24, 0, 0, 0, 1
NOTE, 54, 3, 4, 0, 1, 0, 0
NOTE, 54, 19, 24, 0, 0, 1, 0
NOTE, 54, 5, 6, 1, 0, 0, 1
NOTE, 54, 7, 8, 0, 1, 0, 0
NOTE, 54, 11, 12, 0, 0, 2, 0
NOTE, 55, 0, 1, 2, 2, 3, 0
NOTE, 55, 1, 12, 3, 3, 1, 0
NOTE, 55, 1, 8, 1, 0, 0, 1
NOTE, 55, 1, 6, 1, 0, 1, 0
NOTE, 55, 5, 24, 0, 1, 0, 0
NOTE, 55, 1, 4, 0, 0, 1, 0
NOTE, 55, 7, 24, 1, 0, 0, 1
NOTE, 55, 1, 3, 0, 0, 1, 0
NOTE, 55, 3, 8, 1, 1, 0, 0
NOTE, 55, 5, 12, 0, 0, 0, 1
NOTE, 55, 11, 24, 1, 0, 1, 0
NOTE, 55, 1, 2, 0, 1, 1, 0
NOTE, 55, 13, 24, 0, 0, 0, 1
NOTE, 55, 7, 12, 1, 0, 0, 0
NOTE, 55, 5, 8, 0, 1, 1, 0
NOTE, 55, 2, 3, 0, 0, 0, 1
NOTE, 55, 17, 24, 0, 0, 1, 0
NOTE, 55, 3, 4, 1, 1, 0, 0
NOTE, 55, 19, 24, 0, 0, 0, 1
NOTE, 55, 5, 6, 1, 0, 1, 0
NOTE, 55, 7, 8, 0, 1, 0, 0
NOTE, 55, 11, 12, 0, 0, 1, 0
NOTE, 55, 23, 24, 1, 0, 0, 0
NOTE, 56, 0, 1, 0, 2, 0, 1
NOTE, 56, 1, 12, 0, 3, 0, 1
NOTE, 56, 1, 8, 1, 0, 1, 0
NOTE, 56, 1, 6, 0, 1, 0, 1
NOTE, 56, 5, 24, 1, 0, 0, 0
NOTE, 56, 1, 4, 0, 0, 0, 1
NOTE, 56, 7, 24, 0, 0, 1, 0
NOTE, 56, 1, 3, 1, 0, 0, 0
NOTE, 56, 3, 8, 0, 1, 0, 0
NOTE, 56, 5, 12, 0, 0, 2, 0
NOTE, 56, 1, 2, 1, 1, 3, 0
NOTE, 56, 13, 24, 0, 0, 0, 1
NOTE, 56, 7, 12, 1, 0, 0, 0
NOTE, 56, 5, 8, 0, 0, 1, 1
NOTE, 56, 2, 3, 0, 1, 0, 0
NOTE, 56, 17, 24, 0, 0, 0, 1
NOTE, 56, 3, 4, 1, 1, 0, 0
NOTE, 56, 19, 24, 0, 0, 1, 0
NOTE, 56, 5, 6, 1, 0, 0, 1
NOTE, 56, 7, 8, 1, 0, 1, 0
NOTE, 56, 11, 12, 0, 2, 0, 0
NOTE, 57, 0, 1, 0, 3, 2, 2
NOTE, 57, 1, 12, 1, 1, 3, 3
NOTE, 57, 1, 8, 1, 0, 1, 0
NOTE, 57, 1, 6, 0, 0, 0, 1
NOTE, 57, 5, 24, 0, 1, 1, 0
NOTE, 57, 1, 4, 1, 0, 0, 0
NOTE, 57, 7, 24, 0, 0, 0, 1
NOTE, 57, 1, 3, 1, 0, 1, 0
NOTE, 57, 3, 8, 0, 0, 0, 1
NOTE, 57, 5, 12, 1, 0, 0, 0
NOTE, 57, 11, 24, 0, 1, 0, 0
NOTE, 57, 1, 2, 0, 0, 1, 1
NOTE, 57, 13, 24, 0, 1, 0, 0
NOTE, 57, 7, 12, 1, 0, 0, 1
NOTE, 57, 5, 8, 0, 1, 1, 0
NOTE, 57, 2, 3, 0, 0, 0, 1
NOTE, 57, 17, 24, 1, 0, 0, 0
NOTE, 57, 3, 4, 0, 1, 1, 0
NOTE, 57, 19, 24, 0, 0, 0, 1
NOTE, 57, 5, 6, 1, 0, 0, 0
NOTE, 57, 7, 8, 0, 1, 0, 1
NOTE, 57, 11, 12, 0, 0, 1, 0
NOTE, 57, 23, 24, 1, 0, 0, 0
NOTE, 58, 0, 1, 0, 2, 2, 2
NOTE, 58, 1, 12, 0, 3, 0, 0
NOTE, 58, 3, 32, 0, 0, 3, 3
NOTE, 58, 1, 8, 0, 0, 1, 1
NOTE, 58, 7, 24, 0, 2, 0, 0
NOTE, 58, 25, 64, 0, 3, 0, 0
NOTE, 58, 1, 2, 0, 0, 1, 1
NOTE, 58, 4, 7, 0, 2, 0, 0
NOTE, 58, 9, 13, 0, 3, 0, 0
NOTE, 58, 55, 64, 0, 0, 2, 0
NOTE, 59, 0, 1, 1, 1, 3, 0
NOTE, 59, 3, 64, 1, 1, 0, 0
NOTE, 59, 1, 10, 0, 0, 0, 1
NOTE, 59, 1, 8, 0, 0, 1, 0
NOTE, 59, 2, 13, 0, 1, 0, 0
NOTE, 59, 11, 64, 0, 0, 0, 1
NOTE, 59, 1, 5, 0, 1, 0, 0
NOTE, 59, 1, 4, 0, 0, 1, 1
NOTE, 59, 3, 10, 1, 0, 0, 0
NOTE, 59, 21, 64, 0, 1, 0, 0
NOTE, 59, 17, 48, 0, 0, 1, 0
NOTE, 59, 2, 5, 0, 0, 1, 0
NOTE, 59, 29, 64, 0, 1, 0, 0
NOTE, 59, 1, 2, 2, 0, 0, 2
NOTE, 59, 35, 64, 3, 0, 1, 3
NOTE, 59, 37, 64, 0, 1, 0, 0
NOTE, 59, 3, 5, 0, 0, 1, 0
NOTE, 59, 31, 48, 1, 0, 0, 0
NOTE, 59, 7, 10, 0, 1, 0, 0
NOTE, 59, 8, 11, 0, 0, 0, 2
NOTE, 59, 7, 9, 2, 0, 0, 3
NOTE, 59, 53, 64, 3, 0, 2, 0
NOTE, 59, 11, 13, 0, 0, 3, 2
NOTE, 59, 9, 10, 2, 0, 0, 3
NOTE, 59, 61, 64, 3, 0, 0, 2
NOTE, 60, 0, 1, 0, 2, 1, 3
NOTE, 60, 1, 8, 0, 3, 1, 0
NOTE, 60, 2, 7, 0, 0, 2, 0
NOTE, 60, 3, 7, 0, 0, 3, 0
NOTE, 60, 4, 7, 0, 0, 2, 0
NOTE, 60, 5, 7, 0, 0, 3, 0
NOTE, 60, 55, 64, 0, 2, 0, 0
NOTE, 61, 0, 1, 0, 3, 1, 1
NOTE, 61, 3, 64, 1, 0, 0, 0
NOTE, 61, 1, 10, 0, 1, 0, 0
NOTE, 61, 1, 8, 0, 0, 1, 0
NOTE, 61, 2, 13, 0, 0, 0, 1
NOTE, 61, 11, 64, 0, 1, 0, 0
NOTE, 61, 1, 5, 0, 0, 0, 1
NOTE, 61, 1, 4, 1, 0, 0, 0
NOTE, 61, 3, 11, 0, 0, 1, 0
NOTE, 61, 21, 64, 1, 0, 0, 0
NOTE, 61, 17, 48, 0, 0, 1, 0
NOTE, 61, 2, 5, 1, 0, 0, 0
NOTE, 61, 27, 64, 0, 1, 0, 0
NOTE, 61, 29, 64, 0, 0, 1, 0
NOTE, 61, 23, 48, 1, 0, 0, 0
NOTE, 61, 1, 2, 0, 0, 0, 2
NOTE, 61, 35, 64, 0, 1, 0, 3
NOTE, 61, 37, 64, 0, 0, 1, 0
NOTE, 61, 3, 5, 0, 2, 0, 0
NOTE, 61, 43, 64, 2, 0, 0, 0
NOTE, 61, 7, 10, 0, 3, 0, 0
NOTE, 61, 3, 4, 3, 0, 2, 0
NOTE, 61, 15, 16, 2, 0, 0, 0
NOTE, 61, 61, 64, 0, 2, 3, 0
NOTE, 61, 31, 32, 3, 3, 0, 2
NOTE, 62, 0, 1, 1, 1, 0, 0
NOTE, 62, 1, 15, 0, 0, 1, 0
NOTE, 62, 9, 64, 0, 1, 0, 0
NOTE, 62, 7, 32, 1, 0, 0, 0
NOTE, 62, 7, 24, 0, 0, 0, 3
NOTE, 62, 1, 3, 0, 0, 2, 0
NOTE, 62, 17, 48, 0, 0, 3, 0
NOTE, 62, 3, 8, 0, 0, 0, 2
NOTE, 62, 19, 48, 0, 0, 0, 3
NOTE, 62, 5, 12, 0, 0, 2, 0
NOTE, 62, 7, 16, 0, 0, 3, 0
NOTE, 62, 11, 24, 0, 0, 0, 1
NOTE, 62, 1, 2, 1, 1, 0, 0
NOTE, 62, 13, 24, 0, 0, 0, 1
NOTE, 62, 2, 3, 0, 0, 0, 1
NOTE, 62, 23, 32, 0, 2, 0, 0
NOTE, 62, 19, 24, 2, 0, 0, 0
NOTE, 62, 11, 13, 0, 3, 0, 0
NOTE, 62, 7, 8, 3, 0, 0, 0
NOTE, 62, 57, 64, 0, 0, 2, 0
NOTE, 63, 0, 1, 0, 1, 3, 2
NOTE, 63, 1, 8, 1, 1, 0, 3
NOTE, 63, 7, 48, 0, 0, 1, 0
NOTE, 63, 1, 6, 0, 0, 0, 1
NOTE, 63, 1, 5, 2, 0, 0, 0
NOTE, 63, 1, 4, 3, 2, 0, 0
NOTE, 63, 11, 32, 0, 0, 0, 2
NOTE, 63, 4, 9, 2, 0, 0, 3
NOTE, 63, 31, 64, 0, 3, 0, 0
NOTE, 63, 1, 2, 3, 0, 1, 1
NOTE, 63, 35, 64, 0, 0, 1, 1
NOTE, 63, 3, 5, 1, 0, 0, 0
NOTE, 63, 5, 8, 0, 1, 0, 0
NOTE, 63, 31, 48, 0, 0, 1, 0
NOTE, 63, 43, 64, 1, 0, 0, 0
NOTE, 63, 7, 10, 0, 1, 0, 0
NOTE, 63, 8, 11, 0, 0, 1, 0
NOTE, 63, 3, 4, 1, 0, 0, 0
NOTE, 63, 4, 5, 0, 0, 0, 1
NOTE, 63, 53, 64, 0, 0, 1, 0
NOTE, 63, 11, 13, 0, 1, 0, 0
NOTE, 63, 9, 10, 0, 1, 0, 0
NOTE, 63, 61, 64, 0, 0, 1, 0
NOTE, 64, 0, 1, 1, 1, 0, 0
NOTE, 64, 3, 64, 0, 0, 0, 1
NOTE, 64, 1, 10, 0, 0, 0, 1
NOTE, 64, 1, 8, 0, 0, 1, 0
NOTE, 64, 2, 13, 0, 1, 0, 0
NOTE, 64, 11, 64, 0, 0, 0, 1
NOTE, 64, 1, 5, 0, 0, 1, 0
NOTE, 64, 1, 4, 1, 1, 0, 0
NOTE, 64, 3, 10, 0, 0, 0, 1
NOTE, 64, 21, 64, 0, 0, 1, 0
NOTE, 64, 17, 48, 0, 1, 0, 0
NOTE, 64, 2, 5, 0, 0, 0, 1
NOTE, 64, 29, 64, 0, 0, 1, 0
NOTE, 64, 1, 2, 1, 1, 0, 0
NOTE, 64, 35, 64, 0, 0, 0, 1
NOTE, 64, 3, 5, 0, 0, 0, 1
NOTE, 64, 5, 8, 1, 1, 0, 0
NOTE, 64, 31, 48, 0, 0, 1, 0
NOTE, 64, 7, 10, 0, 0, 1, 0
NOTE, 64, 3, 4, 0, 1, 0, 0
NOTE, 64, 4, 5, 1, 0, 0, 0
NOTE, 64, 53, 64, 0, 0, 0, 1
NOTE, 64, 7, 8, 1, 0, 0, 0
NOTE, 64, 9, 10, 0, 1, 0, 0
NOTE, 64, 12, 13, 0, 0, 0, 1
NOTE, 64, 61, 64, 1, 0, 0, 0
NOTE, 64, 47, 48, 0, 1, 0, 0
NOTE, 65, 0, 1, 0, 0, 1, 1
NOTE, 65, 3, 64, 0, 1, 0, 0
NOTE, 65, 1, 10, 0, 0, 0, 1
NOTE, 65, 1, 8, 0, 0, 1, 0
NOTE, 65, 2, 13, 0, 1, 0, 0
NOTE, 65, 11, 64, 0, 0, 0, 1
NOTE, 65, 1, 5, 0, 1, 0, 0
NOTE, 65, 1, 4, 1, 0, 0, 0
NOTE, 65, 3, 11, 0, 1, 0, 0
NOTE, 65, 3, 10, 0, 0, 1, 0
NOTE, 65, 21, 64, 0, 0, 0, 1
NOTE, 65, 17, 48, 0, 0, 1, 0
NOTE, 65, 3, 8, 0, 1, 0, 0
NOTE, 65, 2, 5, 1, 0, 0, 0
NOTE, 65, 27, 64, 0, 1, 0, 0
NOTE, 65, 29, 64, 0, 0, 1, 1
NOTE, 65, 1, 2, 2, 0, 0, 2
NOTE, 65, 35, 64, 3, 1, 0, 3
NOTE, 65, 37, 64, 0, 0, 1, 0
NOTE, 65, 3, 5, 0, 2, 0, 0
NOTE, 65, 43, 64, 0, 0, 2, 0
NOTE, 65, 7, 10, 0, 3, 0, 0
NOTE, 65, 8, 11, 0, 0, 3, 1
NOTE, 65, 7, 9, 0, 1, 0, 0
NOTE, 65, 4, 5, 1, 0, 0, 0
NOTE, 65, 53, 64, 0, 0, 0, 1
NOTE, 65, 11, 13, 0, 0, 1, 0
NOTE, 65, 7, 8, 1, 0, 0, 0
NOTE, 65, 9, 10, 0, 1, 0, 0
NOTE, 65, 12, 13, 0, 0, 1, 0
NOTE, 65, 61, 64, 0, 0, 0, 1
NOTE, 65, 47, 48, 0, 1, 0, 0
NOTE, 66, 0, 1, 2, 0, 0, 2
NOTE, 66, 3, 64, 3, 0, 0, 0
NOTE, 66, 1, 12, 0, 0, 1, 3
NOTE, 66, 1, 8, 1, 0, 0, 1
NOTE, 66, 2, 13, 0, 1, 0, 0
NOTE, 66, 2, 9, 0, 0, 1, 0
NOTE, 66, 7, 24, 1, 0, 0, 1
NOTE, 66, 23, 64, 0, 1, 0, 0
NOTE, 66, 4, 9, 0, 0, 1, 0
NOTE, 66, 1, 2, 0, 1, 0, 1
NOTE, 66, 7, 12, 1, 0, 0, 0
NOTE, 66, 5, 8, 0, 0, 1, 1
NOTE, 66, 21, 32, 0, 1, 0, 0
NOTE, 66, 23, 32, 1, 0, 0, 0
NOTE, 66, 19, 24, 0, 0, 0, 1
NOTE, 66, 55, 64, 2, 0, 1, 0
NOTE, 67, 0, 1, 3, 0, 2, 2
NOTE, 67, 1, 32, 0, 0, 3, 3
NOTE, 67, 1, 16, 1, 0, 0, 0
NOTE, 67, 1, 12, 0, 1, 0, 0
NOTE, 67, 1, 8, 0, 0, 2, 1
NOTE, 67, 1, 6, 2, 0, 3, 0
NOTE, 67, 5, 24, 3, 0, 0, 2
NOTE, 67, 7, 24, 0, 0, 1, 3
NOTE, 67, 23, 64, 0, 2, 0, 0
NOTE, 67, 3, 7, 2, 3, 0, 0
NOTE, 67, 1, 2, 3, 0, 1, 1
NOTE, 67, 35, 64, 0, 0, 1, 1
NOTE, 67, 3, 5, 1, 0, 0, 0
NOTE, 67, 5, 8, 0, 1, 0, 0
NOTE, 67, 31, 48, 0, 0, 1, 0
NOTE, 67, 43, 64, 1, 0, 0, 0
NOTE, 67, 7, 10, 0, 0, 1, 0
NOTE, 67, 3, 4, 1, 1, 0, 0
NOTE, 67, 4, 5, 0, 0, 0, 1
NOTE, 67, 53, 64, 0, 0, 1, 0
NOTE, 67, 11, 13, 0, 1, 0, 0
NOTE, 67, 7, 8, 0, 0, 0, 1
NOTE, 67, 9, 10, 0, 1, 0, 0
NOTE, 67, 12, 13, 0, 0, 0, 1
NOTE, 67, 61, 64, 0, 0, 1, 0
NOTE, 68, 0, 1, 1, 1, 0, 0
NOTE, 68, 3, 64, 0, 0, 0, 1
NOTE, 68, 1, 10, 0, 0, 0, 1
NOTE, 68, 1, 8, 1, 1, 0, 0
NOTE, 68, 2, 13, 0, 0, 1, 0
NOTE, 68, 1, 5, 1, 0, 0, 0
NOTE, 68, 2, 9, 0, 1, 0, 0
NOTE, 68, 1, 4, 0, 0, 1, 0
NOTE, 68, 3, 10, 1, 0, 0, 0
NOTE, 68, 21, 64, 0, 1, 0, 0
NOTE, 68, 17, 48, 0, 0, 0, 1
NOTE, 68, 2, 5, 0, 0, 0, 1
NOTE, 68, 29, 64, 0, 0, 1, 0
NOTE, 68, 1, 2, 1, 1, 0, 0
NOTE, 68, 35, 64, 0, 0, 0, 1
NOTE, 68, 3, 5, 0, 0, 1, 0
NOTE, 68, 5, 8, 1, 1, 0, 0
NOTE, 68, 31, 48, 0, 0, 0, 1
NOTE, 68, 43, 64, 0, 0, 1, 0
NOTE, 68, 8, 11, 0, 1, 0, 0
NOTE, 68, 3, 4, 0, 0, 0, 1
NOTE, 68, 4, 5, 0, 1, 0, 0
NOTE, 68, 53, 64, 0, 0, 0, 1
NOTE, 68, 7, 8, 0, 1, 0, 0
NOTE, 68, 9, 10, 0, 0, 0, 1
NOTE, 68, 12, 13, 0, 0, 1, 0
NOTE, 68, 61, 64, 0, 1, 0, 0
NOTE, 68, 47, 48, 1, 0, 0, 0
NOTE, 69, 0, 1, 0, 0, 1, 1
NOTE, 69, 3, 64, 0, 1, 0, 0
NOTE, 69, 1, 10, 1, 0, 0, 0
NOTE, 69, 1, 8, 0, 1, 0, 0
NOTE, 69, 2, 13, 0, 0, 1, 0
NOTE, 69, 11, 64, 1, 0, 0, 0
NOTE, 69, 1, 5, 0, 0, 1, 0
NOTE, 69, 1, 4, 0, 1, 0, 0
NOTE, 69, 3, 11, 0, 0, 1, 0
NOTE, 69, 3, 10, 0, 0, 0, 1
NOTE, 69, 21, 64, 0, 0, 1, 0
NOTE, 69, 17, 48, 0, 1, 0, 0
NOTE, 69, 3, 8, 1, 0, 0, 0
NOTE, 69, 2, 5, 0, 0, 0, 1
NOTE, 69, 27, 64, 0, 0, 1, 0
NOTE, 69, 29, 64, 0, 1, 0, 0
NOTE, 69, 1, 2, 2, 0, 0, 2
NOTE, 69, 35, 64, 3, 0, 1, 3
NOTE, 69, 37, 64, 0, 1, 0, 0
NOTE, 69, 3, 5, 0, 0, 2, 0
NOTE, 69, 43, 64, 0, 0, 0, 2
NOTE, 69, 7, 10, 0, 0, 3, 0
NOTE, 69, 8, 11, 1, 0, 0, 3
NOTE, 69, 7, 9, 0, 1, 0, 0
NOTE, 69, 4, 5, 0, 0, 0, 1
NOTE, 69, 53, 64, 0, 0, 1, 0
NOTE, 69, 11, 13, 1, 0, 0, 0
NOTE, 69, 7, 8, 0, 1, 0, 0
NOTE, 69, 9, 10, 0, 0, 1, 0
NOTE, 69, 12, 13, 0, 0, 0, 1
NOTE, 69, 61, 64, 1, 0, 0, 0
NOTE, 69, 47, 48, 0, 1, 0, 0
NOTE, 70, 0, 1, 0, 0, 2, 0
NOTE, 70, 1, 8, 0, 0, 3, 0
NOTE, 70, 3, 10, 0, 0, 0, 2
NOTE, 70, 4, 9, 0, 0, 0, 3
NOTE, 70, 4, 7, 0, 0, 0, 2
NOTE, 70, 5, 7, 0, 0, 0, 3
NOTE, 70, 7, 8, 0, 2, 0, 0
NOTE, 71, 0, 1, 0, 3, 0, 0
NOTE, 71, 9, 64, 0, 0, 2, 0
NOTE, 71, 17, 64, 0, 0, 3, 0
NOTE, 71, 17, 44, 2, 0, 0, 0
NOTE, 71, 29, 56, 3, 0, 0, 0
NOTE, 71, 8, 11, 0, 0, 1, 0
