BPM, 182.00
OFFSET, -1.321
KeyMode: 4
SPEED, 1.00
BPM, 84, 3, 8, 207
BPM, 84, 5, 8, 153
BPM, 84, 13, 16, 207
BPM, 84, 15, 16, 163
BPM, 85, 0, 1, 165
BPM, 85, 1, 8, 207
BPM, 85, 1, 4, 164
BPM, 85, 3, 8, 182
NOTE, 1, 0, 1, 2, 0, 1, 0
NOTE, 1, 1, 8, 0, 0, 0, 1
NOTE, 1, 1, 4, 0, 1, 0, 0
NOTE, 1, 3, 8, 0, 0, 1, 0
NOTE, 1, 5, 8, 0, 0, 0, 1
NOTE, 1, 3, 4, 0, 1, 0, 0
NOTE, 1, 7, 8, 0, 0, 1, 0
NOTE, 2, 0, 1, 3, 1, 0, 2
NOTE, 2, 1, 8, 0, 0, 1, 0
NOTE, 2, 1, 4, 0, 1, 0, 0
NOTE, 2, 3, 8, 1, 0, 0, 0
NOTE, 2, 5, 8, 0, 1, 0, 0
NOTE, 2, 7, 8, 1, 0, 1, 0
NOTE, 3, 0, 1, 1, 2, 0, 3
NOTE, 3, 1, 8, 0, 0, 1, 0
NOTE, 3, 1, 4, 0, 0, 0, 1
NOTE, 3, 3, 8, 1, 0, 0, 0
NOTE, 3, 5, 8, 0, 0, 0, 1
NOTE, 3, 3, 4, 0, 0, 1, 0
NOTE, 3, 7, 8, 1, 0, 0, 0
NOTE, 4, 0, 1, 0, 3, 1, 1
NOTE, 4, 1, 8, 0, 0, 1, 1
NOTE, 4, 1, 4, 1, 1, 0, 0
NOTE, 4, 3, 8, 1, 1, 0, 0
NOTE, 4, 1, 2, 0, 0, 1, 1
NOTE, 4, 9, 16, 1, 1, 0, 0
NOTE, 4, 5, 8, 0, 0, 0, 1
NOTE, 4, 11, 16, 0, 1, 1, 0
NOTE, 4, 3, 4, 1, 0, 0, 1
NOTE, 4, 19, 24, 0, 0, 1, 0
NOTE, 4, 5, 6, 0, 1, 0, 0
NOTE, 4, 7, 8, 1, 0, 0, 0
NOTE, 4, 11, 12, 0, 0, 0, 1
NOTE, 4, 23, 24, 0, 0, 1, 0
NOTE, 5, 0, 1, 2, 1, 0, 1
NOTE, 5, 1, 8, 0, 0, 1, 0
NOTE, 5, 1, 4, 3, 1, 1, 1
NOTE, 5, 3, 8, 0, 0, 1, 0
NOTE, 5, 7, 16, 0, 1, 0, 0
NOTE, 5, 1, 2, 1, 0, 0, 1
NOTE, 5, 9, 16, 0, 0, 1, 0
NOTE, 5, 5, 8, 1, 1, 0, 0
NOTE, 5, 11, 16, 0, 0, 1, 0
NOTE, 5, 3, 4, 1, 1, 0, 1
NOTE, 5, 7, 8, 0, 0, 1, 0
NOTE, 6, 0, 1, 2, 0, 0, 1
NOTE, 6, 1, 8, 0, 0, 1, 0
NOTE, 6, 1, 4, 3, 1, 1, 1
NOTE, 6, 3, 8, 1, 0, 0, 0
NOTE, 6, 7, 16, 0, 1, 0, 0
NOTE, 6, 1, 2, 0, 0, 2, 1
NOTE, 6, 9, 16, 0, 1, 0, 0
NOTE, 6, 5, 8, 1, 0, 0, 1
NOTE, 6, 11, 16, 0, 1, 0, 0
NOTE, 6, 3, 4, 1, 0, 3, 1
NOTE, 6, 7, 8, 0, 1, 0, 0
NOTE, 7, 0, 1, 2, 0, 0, 1
NOTE, 7, 1, 8, 0, 0, 1, 0
NOTE, 7, 1, 4, 3, 1, 1, 1
NOTE, 7, 3, 8, 0, 1, 0, 0
NOTE, 7, 7, 16, 0, 0, 1, 0
NOTE, 7, 1, 2, 1, 0, 0, 2
NOTE, 7, 9, 16, 0, 1, 0, 0
NOTE, 7, 5, 8, 1, 0, 1, 0
NOTE, 7, 11, 16, 0, 1, 0, 0
NOTE, 7, 3, 4, 1, 0, 1, 3
NOTE, 7, 7, 8, 0, 1, 0, 0
NOTE, 8, 0, 1, 1, 2, 0, 0
NOTE, 8, 1, 8, 0, 0, 1, 1
NOTE, 8, 1, 4, 1, 3, 0, 1
NOTE, 8, 3, 8, 0, 0, 1, 0
NOTE, 8, 7, 16, 0, 1, 0, 0
NOTE, 8, 1, 2, 1, 0, 0, 2
NOTE, 8, 9, 16, 0, 0, 1, 0
NOTE, 8, 5, 8, 1, 1, 0, 0
NOTE, 8, 11, 16, 0, 0, 1, 0
NOTE, 8, 3, 4, 1, 1, 0, 3
NOTE, 8, 7, 8, 0, 1, 1, 0
NOTE, 9, 0, 1, 1, 0, 1, 1
NOTE, 9, 1, 8, 0, 1, 0, 1
NOTE, 9, 1, 4, 1, 1, 1, 0
NOTE, 9, 3, 8, 1, 0, 1, 1
NOTE, 9, 5, 8, 1, 1, 0, 1
NOTE, 9, 7, 8, 1, 1, 1, 1
NOTE, 10, 1, 8, 0, 1, 1, 1
NOTE, 10, 3, 8, 1, 1, 1, 1
NOTE, 10, 5, 8, 1, 1, 1, 0
NOTE, 10, 3, 4, 1, 0, 0, 1
NOTE, 10, 7, 8, 0, 1, 1, 0
NOTE, 11, 0, 1, 1, 0, 1, 1
NOTE, 11, 1, 8, 0, 1, 0, 1
NOTE, 11, 1, 4, 1, 1, 1, 0
NOTE, 11, 3, 8, 1, 1, 1, 1
NOTE, 11, 5, 8, 1, 0, 1, 1
NOTE, 11, 7, 8, 1, 1, 1, 1
NOTE, 12, 1, 8, 1, 1, 1, 0
NOTE, 12, 3, 8, 1, 1, 1, 1
NOTE, 12, 5, 8, 1, 1, 0, 1
NOTE, 13, 0, 1, 1, 0, 1, 1
NOTE, 13, 1, 8, 0, 1, 0, 0
NOTE, 13, 1, 4, 1, 0, 0, 1
NOTE, 13, 3, 8, 0, 0, 1, 0
NOTE, 13, 1, 2, 1, 1, 0, 0
NOTE, 13, 5, 8, 0, 0, 0, 1
NOTE, 13, 3, 4, 0, 1, 1, 0
NOTE, 13, 7, 8, 1, 0, 0, 0
NOTE, 14, 0, 1, 0, 0, 1, 1
NOTE, 14, 1, 8, 0, 1, 0, 0
NOTE, 14, 1, 4, 1, 0, 0, 1
NOTE, 14, 3, 8, 0, 0, 1, 0
NOTE, 14, 1, 2, 1, 1, 0, 0
NOTE, 14, 5, 8, 0, 0, 1, 0
NOTE, 14, 3, 4, 0, 1, 0, 1
NOTE, 14, 7, 8, 1, 0, 0, 0
NOTE, 15, 0, 1, 0, 1, 1, 0
NOTE, 15, 1, 8, 0, 0, 0, 1
NOTE, 15, 1, 4, 1, 0, 1, 0
NOTE, 15, 3, 8, 0, 1, 0, 0
NOTE, 15, 1, 2, 1, 0, 0, 1
NOTE, 15, 5, 8, 0, 0, 1, 0
NOTE, 15, 3, 4, 1, 1, 0, 0
NOTE, 15, 7, 8, 0, 0, 0, 1
NOTE, 15, 11, 12, 0, 0, 1, 0
NOTE, 15, 23, 24, 0, 1, 0, 0
NOTE, 16, 0, 1, 2, 0, 0, 1
NOTE, 16, 1, 8, 0, 0, 1, 0
NOTE, 16, 1, 4, 0, 1, 0, 1
NOTE, 16, 3, 8, 3, 0, 2, 0
NOTE, 16, 1, 2, 1, 0, 0, 1
NOTE, 16, 5, 8, 0, 1, 0, 0
NOTE, 16, 3, 4, 1, 0, 3, 2
NOTE, 16, 7, 8, 0, 0, 1, 0
NOTE, 17, 0, 1, 1, 1, 0, 3
NOTE, 17, 1, 8, 0, 0, 1, 0
NOTE, 17, 1, 4, 1, 0, 0, 1
NOTE, 17, 3, 8, 0, 1, 0, 0
NOTE, 17, 1, 2, 1, 0, 1, 0
NOTE, 17, 5, 8, 0, 0, 0, 1
NOTE, 17, 3, 4, 0, 1, 1, 0
NOTE, 17, 7, 8, 1, 0, 0, 0
NOTE, 18, 0, 1, 0, 1, 0, 1
NOTE, 18, 1, 8, 0, 0, 1, 0
NOTE, 18, 1, 4, 1, 1, 0, 0
NOTE, 18, 3, 8, 0, 0, 0, 1
NOTE, 18, 1, 2, 0, 1, 1, 0
NOTE, 18, 5, 8, 1, 0, 0, 0
NOTE, 18, 3, 4, 0, 0, 1, 1
NOTE, 18, 7, 8, 0, 1, 0, 0
NOTE, 19, 0, 1, 1, 0, 1, 1
NOTE, 19, 1, 8, 0, 1, 1, 0
NOTE, 19, 1, 4, 1, 1, 0, 1
NOTE, 19, 3, 8, 1, 0, 1, 1
NOTE, 19, 5, 8, 1, 1, 0, 0
NOTE, 19, 11, 16, 0, 0, 1, 0
NOTE, 19, 3, 4, 1, 1, 0, 1
NOTE, 19, 7, 8, 0, 0, 1, 1
NOTE, 19, 15, 16, 0, 1, 0, 0
NOTE, 20, 0, 1, 1, 0, 1, 1
NOTE, 20, 1, 8, 0, 1, 1, 0
NOTE, 20, 1, 4, 1, 1, 0, 1
NOTE, 20, 3, 8, 1, 0, 1, 1
NOTE, 20, 5, 8, 1, 1, 0, 0
NOTE, 20, 11, 16, 0, 0, 1, 1
NOTE, 20, 3, 4, 1, 1, 0, 0
NOTE, 20, 7, 8, 0, 0, 1, 1
NOTE, 20, 15, 16, 0, 1, 0, 0
NOTE, 21, 0, 1, 1, 0, 1, 1
NOTE, 21, 1, 4, 1, 1, 0, 1
NOTE, 21, 3, 8, 0, 0, 1, 0
NOTE, 21, 7, 16, 0, 1, 0, 0
NOTE, 21, 1, 2, 1, 0, 0, 1
NOTE, 21, 9, 16, 0, 0, 1, 0
NOTE, 21, 5, 8, 0, 1, 0, 1
NOTE, 21, 11, 16, 0, 0, 1, 0
NOTE, 21, 3, 4, 1, 1, 0, 1
NOTE, 21, 7, 8, 1, 1, 1, 0
NOTE, 22, 0, 1, 0, 0, 0, 1
NOTE, 22, 1, 8, 0, 1, 1, 0
NOTE, 22, 1, 4, 1, 1, 0, 1
NOTE, 22, 3, 8, 0, 0, 1, 0
NOTE, 22, 7, 16, 0, 1, 0, 0
NOTE, 22, 1, 2, 1, 0, 0, 1
NOTE, 22, 9, 16, 0, 1, 0, 0
NOTE, 22, 5, 8, 0, 0, 1, 1
NOTE, 22, 11, 16, 0, 1, 0, 0
NOTE, 22, 3, 4, 1, 0, 1, 1
NOTE, 22, 7, 8, 0, 1, 0, 0
NOTE, 23, 0, 1, 1, 0, 1, 0
NOTE, 23, 1, 4, 0, 1, 1, 1
NOTE, 23, 3, 8, 1, 0, 0, 0
NOTE, 23, 7, 16, 0, 1, 0, 0
NOTE, 23, 1, 2, 0, 0, 1, 1
NOTE, 23, 9, 16, 0, 1, 0, 0
NOTE, 23, 5, 8, 1, 0, 0, 1
NOTE, 23, 11, 16, 0, 0, 1, 0
NOTE, 23, 3, 4, 1, 1, 0, 1
NOTE, 23, 7, 8, 1, 0, 1, 1
NOTE, 24, 0, 1, 0, 1, 0, 0
NOTE, 24, 1, 8, 1, 0, 0, 1
NOTE, 24, 1, 4, 1, 1, 1, 0
NOTE, 24, 3, 8, 0, 0, 0, 1
NOTE, 24, 7, 16, 0, 0, 1, 0
NOTE, 24, 1, 2, 1, 1, 0, 0
NOTE, 24, 9, 16, 0, 0, 0, 1
NOTE, 24, 5, 8, 1, 0, 1, 0
NOTE, 24, 11, 16, 0, 1, 0, 0
NOTE, 24, 3, 4, 1, 0, 1, 1
NOTE, 24, 7, 8, 0, 1, 0, 0
NOTE, 25, 0, 1, 1, 0, 1, 0
NOTE, 25, 1, 4, 1, 0, 1, 1
NOTE, 25, 3, 8, 0, 1, 0, 0
NOTE, 25, 7, 16, 0, 0, 1, 0
NOTE, 25, 1, 2, 1, 0, 0, 1
NOTE, 25, 9, 16, 0, 0, 1, 0
NOTE, 25, 5, 8, 1, 1, 0, 0
NOTE, 25, 11, 16, 0, 0, 1, 0
NOTE, 25, 3, 4, 1, 1, 0, 1
NOTE, 25, 7, 8, 0, 1, 1, 1
NOTE, 26, 0, 1, 1, 0, 0, 0
NOTE, 26, 1, 8, 0, 1, 1, 0
NOTE, 26, 1, 4, 1, 0, 1, 1
NOTE, 26, 3, 8, 0, 1, 0, 0
NOTE, 26, 7, 16, 0, 0, 1, 0
NOTE, 26, 1, 2, 1, 0, 0, 1
NOTE, 26, 9, 16, 0, 1, 0, 0
NOTE, 26, 5, 8, 0, 0, 1, 1
NOTE, 26, 11, 16, 1, 0, 0, 0
NOTE, 26, 3, 4, 0, 1, 1, 1
NOTE, 26, 7, 8, 1, 1, 0, 0
NOTE, 26, 15, 16, 0, 0, 1, 0
NOTE, 27, 0, 1, 1, 1, 0, 1
NOTE, 27, 1, 8, 0, 0, 1, 1
NOTE, 27, 1, 4, 1, 1, 1, 0
NOTE, 27, 3, 8, 1, 1, 0, 1
NOTE, 27, 5, 8, 0, 1, 1, 0
NOTE, 27, 11, 16, 0, 0, 0, 1
NOTE, 27, 3, 4, 1, 1, 0, 0
NOTE, 27, 13, 16, 0, 0, 1, 1
NOTE, 27, 7, 8, 1, 1, 0, 0
NOTE, 27, 15, 16, 0, 0, 1, 0
NOTE, 28, 0, 1, 1, 1, 0, 1
NOTE, 28, 1, 8, 0, 1, 1, 0
NOTE, 28, 3, 16, 1, 0, 0, 0
NOTE, 28, 1, 4, 0, 0, 1, 1
NOTE, 28, 3, 8, 1, 1, 0, 0
NOTE, 28, 5, 12, 0, 0, 0, 1
NOTE, 28, 11, 24, 0, 0, 1, 0
NOTE, 28, 1, 2, 0, 1, 0, 0
NOTE, 28, 13, 24, 1, 0, 0, 0
NOTE, 28, 7, 12, 0, 0, 0, 1
NOTE, 28, 5, 8, 0, 1, 1, 0
NOTE, 28, 2, 3, 1, 0, 0, 0
NOTE, 28, 17, 24, 0, 0, 0, 1
NOTE, 28, 3, 4, 0, 1, 1, 0
NOTE, 28, 13, 16, 1, 0, 0, 0
NOTE, 28, 7, 8, 0, 0, 1, 1
NOTE, 28, 15, 16, 0, 1, 0, 0
NOTE, 29, 0, 1, 1, 0, 1, 2
NOTE, 29, 1, 8, 0, 1, 0, 0
NOTE, 29, 1, 4, 1, 0, 1, 0
NOTE, 29, 3, 8, 0, 1, 0, 0
NOTE, 29, 7, 16, 0, 0, 1, 0
NOTE, 29, 1, 2, 1, 0, 0, 0
NOTE, 29, 9, 16, 0, 1, 0, 0
NOTE, 29, 5, 8, 0, 0, 1, 0
NOTE, 29, 11, 16, 0, 1, 0, 0
NOTE, 29, 3, 4, 1, 0, 1, 0
NOTE, 29, 7, 8, 0, 1, 0, 0
NOTE, 30, 0, 1, 2, 0, 1, 3
NOTE, 30, 1, 8, 0, 1, 0, 1
NOTE, 30, 1, 4, 0, 0, 1, 1
NOTE, 30, 3, 8, 3, 2, 0, 1
NOTE, 30, 7, 16, 0, 0, 1, 0
NOTE, 30, 1, 2, 0, 0, 0, 1
NOTE, 30, 9, 16, 1, 0, 0, 0
NOTE, 30, 5, 8, 0, 0, 1, 0
NOTE, 30, 11, 16, 1, 0, 0, 0
NOTE, 30, 3, 4, 0, 3, 1, 2
NOTE, 30, 7, 8, 0, 1, 0, 0
NOTE, 31, 0, 1, 2, 0, 1, 3
NOTE, 31, 1, 8, 0, 1, 0, 0
NOTE, 31, 1, 4, 0, 1, 0, 1
NOTE, 31, 3, 8, 3, 0, 2, 0
NOTE, 31, 7, 16, 0, 1, 0, 0
NOTE, 31, 1, 2, 0, 0, 0, 1
NOTE, 31, 9, 16, 0, 1, 0, 0
NOTE, 31, 5, 8, 1, 0, 0, 0
NOTE, 31, 11, 16, 0, 1, 0, 0
NOTE, 31, 3, 4, 1, 0, 3, 2
NOTE, 31, 7, 8, 0, 0, 1, 0
NOTE, 32, 0, 1, 1, 2, 0, 3
NOTE, 32, 1, 8, 0, 0, 1, 1
NOTE, 32, 1, 4, 1, 0, 1, 0
NOTE, 32, 3, 8, 2, 3, 0, 1
NOTE, 32, 7, 16, 0, 0, 1, 0
NOTE, 32, 1, 2, 3, 0, 0, 2
NOTE, 32, 9, 16, 0, 1, 0, 0
NOTE, 32, 5, 8, 2, 0, 1, 3
NOTE, 32, 11, 16, 0, 1, 0, 0
NOTE, 32, 3, 4, 3, 0, 1, 2
NOTE, 32, 7, 8, 0, 1, 0, 0
NOTE, 33, 0, 1, 2, 1, 1, 3
NOTE, 33, 1, 8, 0, 0, 1, 0
NOTE, 33, 1, 4, 0, 2, 0, 1
NOTE, 33, 3, 8, 3, 3, 0, 2
NOTE, 33, 7, 16, 0, 0, 1, 0
NOTE, 33, 1, 2, 1, 1, 0, 3
NOTE, 33, 9, 16, 0, 0, 1, 0
NOTE, 33, 5, 8, 1, 0, 0, 2
NOTE, 33, 11, 16, 0, 1, 0, 0
NOTE, 33, 3, 4, 1, 0, 2, 3
NOTE, 33, 7, 8, 0, 1, 3, 2
NOTE, 34, 0, 1, 2, 0, 1, 3
NOTE, 34, 1, 8, 0, 1, 0, 1
NOTE, 34, 1, 4, 0, 1, 2, 0
NOTE, 34, 3, 8, 3, 1, 3, 2
NOTE, 34, 7, 16, 0, 0, 1, 0
NOTE, 34, 1, 2, 1, 0, 0, 3
NOTE, 34, 9, 16, 0, 0, 1, 0
NOTE, 34, 5, 8, 1, 2, 0, 0
NOTE, 34, 11, 16, 0, 0, 1, 0
NOTE, 34, 3, 4, 1, 3, 0, 2
NOTE, 34, 7, 8, 0, 0, 2, 0
NOTE, 35, 0, 1, 2, 1, 3, 3
NOTE, 35, 1, 8, 0, 0, 0, 1
NOTE, 35, 1, 4, 3, 2, 1, 0
NOTE, 35, 3, 8, 0, 3, 0, 2
NOTE, 35, 7, 16, 0, 0, 1, 0
NOTE, 35, 1, 2, 1, 1, 0, 3
NOTE, 35, 9, 16, 0, 0, 0, 1
NOTE, 35, 5, 8, 0, 1, 2, 0
NOTE, 35, 11, 16, 1, 0, 0, 0
NOTE, 35, 3, 4, 0, 1, 3, 1
NOTE, 35, 7, 8, 0, 0, 0, 2
NOTE, 36, 0, 1, 0, 1, 1, 3
NOTE, 36, 1, 8, 1, 0, 2, 0
NOTE, 36, 1, 4, 1, 1, 3, 1
NOTE, 36, 3, 8, 2, 0, 1, 0
NOTE, 36, 7, 16, 0, 1, 0, 0
NOTE, 36, 1, 2, 3, 0, 1, 1
NOTE, 36, 5, 8, 1, 1, 0, 0
NOTE, 36, 11, 16, 0, 0, 1, 1
NOTE, 36, 3, 4, 1, 1, 0, 0
NOTE, 36, 13, 16, 0, 0, 1, 1
NOTE, 36, 7, 8, 1, 1, 0, 0
NOTE, 36, 15, 16, 0, 0, 1, 0
NOTE, 37, 0, 1, 1, 1, 0, 2
NOTE, 37, 1, 16, 0, 0, 0, 3
NOTE, 37, 1, 8, 1, 0, 2, 0
NOTE, 37, 3, 16, 0, 0, 3, 0
NOTE, 37, 1, 4, 0, 2, 0, 0
NOTE, 37, 5, 16, 0, 3, 0, 0
NOTE, 37, 3, 8, 1, 0, 0, 2
NOTE, 37, 7, 16, 0, 0, 0, 3
NOTE, 37, 1, 2, 1, 1, 2, 0
NOTE, 37, 9, 16, 0, 0, 3, 0
NOTE, 37, 5, 8, 0, 2, 0, 0
NOTE, 37, 11, 16, 0, 3, 0, 0
NOTE, 37, 3, 4, 1, 0, 0, 2
NOTE, 37, 13, 16, 0, 0, 0, 3
NOTE, 37, 7, 8, 1, 0, 2, 0
NOTE, 37, 15, 16, 0, 0, 3, 0
NOTE, 38, 0, 1, 0, 2, 0, 0
NOTE, 38, 1, 16, 0, 3, 0, 0
NOTE, 38, 1, 8, 1, 0, 1, 2
NOTE, 38, 3, 16, 0, 0, 0, 3
NOTE, 38, 1, 4, 0, 1, 2, 0
NOTE, 38, 5, 16, 0, 0, 3, 0
NOTE, 38, 3, 8, 1, 2, 0, 0
NOTE, 38, 7, 16, 0, 3, 0, 0
NOTE, 38, 1, 2, 1, 0, 1, 1
NOTE, 38, 5, 8, 0, 1, 1, 0
NOTE, 38, 3, 4, 0, 0, 0, 2
NOTE, 38, 7, 8, 1, 0, 0, 0
NOTE, 39, 0, 1, 2, 1, 1, 3
NOTE, 39, 1, 16, 3, 0, 0, 0
NOTE, 39, 1, 8, 0, 2, 0, 1
NOTE, 39, 3, 16, 0, 3, 0, 0
NOTE, 39, 1, 4, 0, 0, 2, 0
NOTE, 39, 5, 16, 0, 0, 3, 0
NOTE, 39, 3, 8, 2, 0, 0, 1
NOTE, 39, 7, 16, 3, 0, 0, 0
NOTE, 39, 1, 2, 0, 2, 1, 1
NOTE, 39, 9, 16, 0, 3, 0, 0
NOTE, 39, 5, 8, 0, 0, 2, 0
NOTE, 39, 11, 16, 0, 0, 3, 0
NOTE, 39, 3, 4, 2, 0, 0, 1
NOTE, 39, 13, 16, 3, 0, 0, 0
NOTE, 39, 7, 8, 0, 2, 0, 1
NOTE, 39, 15, 16, 0, 3, 0, 0
NOTE, 40, 0, 1, 0, 0, 2, 0
NOTE, 40, 1, 16, 0, 0, 3, 0
NOTE, 40, 1, 8, 2, 1, 0, 1
NOTE, 40, 3, 16, 3, 0, 0, 0
NOTE, 40, 1, 4, 0, 2, 1, 0
NOTE, 40, 5, 16, 0, 3, 0, 0
NOTE, 40, 3, 8, 0, 0, 2, 1
NOTE, 40, 7, 16, 0, 0, 3, 0
NOTE, 40, 1, 2, 1, 1, 0, 1
NOTE, 40, 5, 8, 0, 1, 1, 0
NOTE, 40, 3, 4, 2, 0, 1, 2
NOTE, 41, 0, 1, 3, 2, 1, 3
NOTE, 41, 1, 16, 0, 3, 0, 0
NOTE, 41, 1, 4, 0, 0, 2, 1
NOTE, 41, 5, 16, 0, 0, 3, 0
NOTE, 41, 3, 8, 2, 0, 0, 0
NOTE, 41, 7, 16, 3, 0, 0, 0
NOTE, 41, 1, 2, 0, 0, 1, 1
NOTE, 41, 5, 8, 0, 2, 0, 0
NOTE, 41, 11, 16, 0, 3, 0, 0
NOTE, 41, 3, 4, 0, 0, 1, 1
NOTE, 41, 7, 8, 2, 0, 0, 0
NOTE, 41, 15, 16, 3, 0, 0, 0
NOTE, 42, 0, 1, 0, 1, 0, 1
NOTE, 42, 1, 8, 1, 0, 1, 0
NOTE, 42, 1, 4, 1, 1, 0, 0
NOTE, 42, 3, 8, 0, 0, 1, 1
NOTE, 42, 5, 12, 0, 1, 0, 0
NOTE, 42, 11, 24, 0, 0, 1, 0
NOTE, 42, 1, 2, 1, 0, 0, 1
NOTE, 42, 5, 8, 0, 1, 1, 0
NOTE, 42, 3, 4, 0, 1, 0, 1
NOTE, 42, 7, 8, 1, 0, 1, 0
NOTE, 43, 0, 1, 2, 2, 0, 2
NOTE, 43, 7, 16, 3, 3, 0, 3
NOTE, 43, 1, 2, 2, 0, 2, 2
NOTE, 43, 15, 16, 3, 0, 3, 3
NOTE, 44, 0, 1, 0, 2, 2, 2
NOTE, 44, 7, 16, 0, 3, 3, 3
NOTE, 44, 1, 2, 1, 1, 0, 0
NOTE, 44, 5, 8, 0, 1, 1, 0
NOTE, 44, 3, 4, 1, 0, 1, 1
NOTE, 44, 7, 8, 0, 1, 1, 0
NOTE, 45, 0, 1, 1, 1, 0, 1
NOTE, 45, 1, 8, 1, 0, 1, 0
NOTE, 45, 1, 4, 1, 0, 0, 1
NOTE, 45, 3, 8, 0, 1, 1, 1
NOTE, 45, 1, 2, 1, 0, 1, 0
NOTE, 45, 5, 8, 0, 1, 1, 0
NOTE, 45, 3, 4, 1, 1, 0, 1
NOTE, 45, 13, 16, 0, 0, 1, 0
NOTE, 45, 7, 8, 1, 1, 0, 0
NOTE, 46, 0, 1, 1, 1, 0, 1
NOTE, 46, 1, 16, 0, 0, 1, 0
NOTE, 46, 1, 8, 1, 0, 0, 1
NOTE, 46, 3, 16, 0, 1, 0, 0
NOTE, 46, 1, 4, 0, 0, 1, 1
NOTE, 46, 5, 16, 0, 1, 0, 0
NOTE, 46, 3, 8, 1, 0, 1, 1
NOTE, 46, 7, 16, 0, 1, 0, 0
NOTE, 46, 1, 2, 1, 0, 0, 1
NOTE, 46, 9, 16, 0, 0, 1, 0
NOTE, 46, 5, 8, 1, 1, 0, 0
NOTE, 46, 11, 16, 0, 0, 1, 0
NOTE, 46, 3, 4, 1, 1, 0, 1
NOTE, 46, 13, 16, 0, 0, 1, 0
NOTE, 46, 7, 8, 1, 0, 0, 1
NOTE, 46, 15, 16, 0, 1, 0, 0
NOTE, 47, 0, 1, 0, 0, 1, 1
NOTE, 47, 1, 16, 1, 1, 0, 0
NOTE, 47, 1, 8, 0, 0, 1, 1
NOTE, 47, 3, 16, 1, 1, 0, 0
NOTE, 47, 1, 4, 0, 0, 1, 1
NOTE, 47, 5, 16, 0, 1, 0, 0
NOTE, 47, 3, 8, 1, 0, 1, 1
NOTE, 47, 5, 8, 1, 1, 1, 0
NOTE, 47, 7, 8, 2, 2, 1, 1
NOTE, 48, 1, 4, 0, 3, 2, 0
NOTE, 48, 1, 2, 0, 0, 3, 2
NOTE, 48, 5, 8, 3, 1, 1, 0
NOTE, 48, 3, 4, 2, 1, 1, 3
NOTE, 49, 0, 1, 3, 1, 1, 2
NOTE, 49, 1, 8, 1, 0, 0, 0
NOTE, 49, 1, 4, 0, 1, 1, 0
NOTE, 49, 3, 8, 1, 0, 0, 0
NOTE, 49, 1, 2, 0, 1, 1, 0
NOTE, 49, 9, 16, 1, 0, 0, 0
NOTE, 49, 5, 8, 0, 0, 1, 0
NOTE, 49, 11, 16, 0, 1, 0, 0
NOTE, 49, 3, 4, 1, 0, 1, 0
NOTE, 49, 7, 8, 0, 1, 0, 0
NOTE, 50, 0, 1, 2, 0, 1, 3
NOTE, 50, 1, 8, 0, 1, 0, 0
NOTE, 50, 1, 4, 0, 0, 1, 1
NOTE, 50, 3, 8, 0, 1, 0, 0
NOTE, 50, 1, 2, 0, 0, 1, 1
NOTE, 50, 9, 16, 0, 1, 0, 0
NOTE, 50, 5, 8, 0, 0, 1, 0
NOTE, 50, 11, 16, 0, 0, 0, 1
NOTE, 50, 3, 4, 0, 1, 1, 0
NOTE, 50, 7, 8, 0, 0, 0, 1
NOTE, 51, 0, 1, 3, 1, 2, 0
NOTE, 51, 1, 8, 0, 0, 0, 1
NOTE, 51, 1, 4, 1, 1, 0, 0
NOTE, 51, 3, 8, 0, 0, 0, 1
NOTE, 51, 1, 2, 1, 1, 0, 0
NOTE, 51, 9, 16, 0, 0, 0, 1
NOTE, 51, 5, 8, 0, 1, 0, 0
NOTE, 51, 11, 16, 1, 0, 0, 0
NOTE, 51, 3, 4, 0, 1, 0, 1
NOTE, 51, 7, 8, 1, 0, 0, 0
NOTE, 52, 0, 1, 0, 2, 3, 1
NOTE, 52, 1, 8, 1, 0, 0, 0
NOTE, 52, 1, 4, 0, 0, 1, 1
NOTE, 52, 3, 8, 1, 0, 0, 0
NOTE, 52, 1, 2, 0, 0, 1, 1
NOTE, 52, 9, 16, 1, 0, 0, 0
NOTE, 52, 5, 8, 0, 0, 0, 1
NOTE, 52, 11, 16, 0, 0, 1, 0
NOTE, 52, 3, 4, 1, 0, 0, 1
NOTE, 52, 7, 8, 0, 0, 1, 0
NOTE, 53, 0, 1, 2, 3, 0, 1
NOTE, 53, 1, 8, 0, 0, 1, 0
NOTE, 53, 1, 4, 0, 1, 0, 1
NOTE, 53, 3, 8, 0, 0, 1, 0
NOTE, 53, 1, 2, 0, 1, 0, 1
NOTE, 53, 9, 16, 0, 0, 1, 0
NOTE, 53, 5, 8, 0, 0, 0, 1
NOTE, 53, 11, 16, 0, 1, 0, 0
NOTE, 53, 3, 4, 0, 0, 1, 1
NOTE, 53, 7, 8, 0, 1, 0, 0
NOTE, 54, 0, 1, 3, 0, 1, 2
NOTE, 54, 1, 8, 1, 0, 0, 0
NOTE, 54, 1, 4, 0, 1, 1, 0
NOTE, 54, 3, 8, 1, 0, 0, 0
NOTE, 54, 7, 16, 0, 0, 1, 0
NOTE, 54, 1, 2, 1, 1, 0, 0
NOTE, 54, 9, 16, 0, 0, 1, 0
NOTE, 54, 5, 8, 1, 0, 0, 0
NOTE, 54, 11, 16, 0, 1, 0, 0
NOTE, 54, 3, 4, 1, 0, 1, 0
NOTE, 54, 7, 8, 0, 1, 0, 0
NOTE, 55, 0, 1, 2, 0, 1, 3
NOTE, 55, 1, 8, 0, 1, 0, 0
NOTE, 55, 1, 4, 0, 0, 1, 1
NOTE, 55, 3, 8, 0, 1, 0, 0
NOTE, 55, 1, 2, 0, 0, 1, 1
NOTE, 55, 9, 16, 0, 1, 0, 0
NOTE, 55, 5, 8, 0, 0, 0, 1
NOTE, 55, 11, 16, 0, 1, 0, 0
NOTE, 55, 3, 4, 0, 0, 1, 1
NOTE, 55, 7, 8, 0, 1, 0, 0
NOTE, 56, 0, 1, 3, 0, 1, 1
NOTE, 56, 1, 8, 0, 0, 1, 1
NOTE, 56, 1, 4, 1, 1, 0, 1
NOTE, 56, 3, 8, 0, 1, 0, 0
NOTE, 56, 1, 2, 1, 0, 1, 1
NOTE, 56, 5, 8, 0, 1, 1, 0
NOTE, 56, 3, 4, 1, 1, 0, 0
NOTE, 56, 13, 16, 0, 0, 1, 1
NOTE, 56, 7, 8, 1, 1, 0, 0
NOTE, 56, 15, 16, 0, 0, 1, 0
NOTE, 57, 0, 1, 1, 1, 0, 2
NOTE, 57, 1, 8, 0, 0, 1, 0
NOTE, 57, 1, 4, 1, 1, 0, 0
NOTE, 57, 3, 8, 0, 0, 1, 0
NOTE, 57, 1, 2, 1, 1, 0, 0
NOTE, 57, 9, 16, 0, 0, 1, 0
NOTE, 57, 5, 8, 1, 0, 0, 0
NOTE, 57, 11, 16, 0, 1, 0, 0
NOTE, 57, 3, 4, 1, 0, 1, 0
NOTE, 57, 7, 8, 0, 1, 0, 0
NOTE, 58, 0, 1, 2, 0, 1, 3
NOTE, 58, 1, 8, 0, 1, 0, 0
NOTE, 58, 1, 4, 0, 0, 1, 1
NOTE, 58, 3, 8, 0, 1, 0, 0
NOTE, 58, 1, 2, 0, 0, 1, 1
NOTE, 58, 9, 16, 0, 1, 0, 0
NOTE, 58, 5, 8, 0, 0, 1, 0
NOTE, 58, 11, 16, 0, 0, 0, 1
NOTE, 58, 3, 4, 0, 1, 1, 0
NOTE, 58, 7, 8, 0, 0, 0, 1
NOTE, 59, 0, 1, 3, 1, 2, 0
NOTE, 59, 1, 8, 0, 0, 0, 1
NOTE, 59, 1, 4, 1, 1, 0, 0
NOTE, 59, 3, 8, 0, 0, 0, 1
NOTE, 59, 1, 2, 1, 1, 0, 0
NOTE, 59, 9, 16, 0, 0, 0, 1
NOTE, 59, 5, 8, 1, 0, 0, 0
NOTE, 59, 11, 16, 0, 0, 0, 1
NOTE, 59, 3, 4, 1, 1, 0, 0
NOTE, 59, 7, 8, 0, 0, 0, 1
NOTE, 60, 0, 1, 1, 2, 3, 0
NOTE, 60, 1, 8, 0, 0, 1, 0
NOTE, 60, 1, 4, 1, 0, 0, 1
NOTE, 60, 3, 8, 0, 3, 2, 0
NOTE, 60, 1, 2, 1, 1, 0, 0
NOTE, 60, 9, 16, 0, 0, 0, 1
NOTE, 60, 5, 8, 0, 1, 0, 0
NOTE, 60, 11, 16, 1, 0, 0, 0
NOTE, 60, 3, 4, 0, 1, 0, 1
NOTE, 60, 7, 8, 1, 0, 0, 0
NOTE, 61, 0, 1, 1, 1, 3, 2
NOTE, 61, 1, 8, 0, 1, 0, 0
NOTE, 61, 1, 4, 1, 0, 1, 0
NOTE, 61, 3, 8, 0, 1, 0, 0
NOTE, 61, 1, 2, 1, 0, 1, 0
NOTE, 61, 9, 16, 0, 1, 0, 0
NOTE, 61, 5, 8, 1, 0, 0, 0
NOTE, 61, 11, 16, 0, 0, 1, 0
NOTE, 61, 3, 4, 1, 1, 0, 0
NOTE, 61, 7, 8, 0, 0, 1, 0
NOTE, 62, 0, 1, 1, 2, 0, 3
NOTE, 62, 1, 8, 0, 0, 1, 0
NOTE, 62, 1, 4, 1, 0, 0, 1
NOTE, 62, 3, 8, 0, 0, 1, 0
NOTE, 62, 1, 2, 1, 3, 0, 1
NOTE, 62, 13, 24, 0, 0, 1, 0
NOTE, 62, 7, 12, 0, 1, 0, 0
NOTE, 62, 5, 8, 1, 0, 0, 0
NOTE, 62, 2, 3, 0, 0, 0, 1
NOTE, 62, 17, 24, 0, 0, 1, 0
NOTE, 62, 3, 4, 1, 2, 0, 0
NOTE, 62, 7, 8, 0, 0, 1, 0
NOTE, 63, 0, 1, 2, 3, 0, 1
NOTE, 63, 1, 8, 0, 0, 1, 0
NOTE, 63, 1, 4, 0, 1, 0, 1
NOTE, 63, 3, 8, 0, 0, 1, 0
NOTE, 63, 1, 2, 0, 1, 0, 1
NOTE, 63, 9, 16, 0, 0, 1, 0
NOTE, 63, 5, 8, 0, 1, 0, 0
NOTE, 63, 11, 16, 0, 0, 0, 1
NOTE, 63, 3, 4, 0, 1, 1, 0
NOTE, 63, 7, 8, 0, 0, 0, 1
NOTE, 63, 15, 16, 0, 0, 1, 0
NOTE, 64, 0, 1, 3, 1, 0, 1
NOTE, 64, 1, 16, 0, 0, 1, 0
NOTE, 64, 1, 8, 1, 1, 0, 0
NOTE, 64, 3, 16, 0, 0, 0, 1
NOTE, 64, 1, 4, 1, 1, 1, 0
NOTE, 64, 5, 16, 0, 0, 0, 1
NOTE, 64, 3, 8, 0, 0, 1, 0
NOTE, 64, 7, 16, 1, 0, 0, 0
NOTE, 64, 1, 2, 0, 1, 1, 1
NOTE, 64, 9, 16, 1, 0, 0, 0
NOTE, 64, 5, 8, 0, 1, 0, 1
NOTE, 64, 11, 16, 0, 0, 1, 0
NOTE, 64, 3, 4, 1, 1, 0, 0
NOTE, 64, 13, 16, 0, 0, 1, 1
NOTE, 64, 7, 8, 1, 1, 0, 0
NOTE, 64, 15, 16, 0, 0, 1, 0
NOTE, 65, 0, 1, 2, 1, 0, 1
NOTE, 65, 1, 8, 0, 0, 1, 0
NOTE, 65, 1, 4, 0, 1, 1, 1
NOTE, 65, 3, 8, 0, 1, 0, 0
NOTE, 65, 1, 2, 0, 0, 1, 1
NOTE, 65, 9, 16, 0, 1, 0, 0
NOTE, 65, 5, 8, 0, 0, 0, 1
NOTE, 65, 11, 16, 0, 1, 0, 0
NOTE, 65, 3, 4, 0, 0, 1, 1
NOTE, 65, 7, 8, 0, 1, 0, 0
NOTE, 66, 0, 1, 3, 0, 1, 2
NOTE, 66, 1, 8, 1, 1, 0, 0
NOTE, 66, 1, 4, 0, 2, 1, 3
NOTE, 66, 3, 8, 1, 0, 0, 0
NOTE, 66, 7, 16, 0, 0, 0, 1
NOTE, 66, 1, 2, 1, 3, 2, 0
NOTE, 66, 9, 16, 0, 0, 0, 1
NOTE, 66, 5, 8, 0, 1, 0, 0
NOTE, 66, 11, 16, 1, 0, 0, 0
NOTE, 66, 3, 4, 0, 1, 3, 2
NOTE, 66, 7, 8, 0, 0, 1, 0
NOTE, 67, 0, 1, 2, 1, 1, 3
NOTE, 67, 1, 8, 0, 0, 0, 1
NOTE, 67, 1, 4, 3, 1, 1, 1
NOTE, 67, 3, 8, 1, 0, 0, 0
NOTE, 67, 1, 2, 0, 1, 0, 1
NOTE, 67, 9, 16, 0, 0, 1, 0
NOTE, 67, 5, 8, 1, 1, 0, 0
NOTE, 67, 11, 16, 0, 0, 1, 0
NOTE, 67, 3, 4, 1, 1, 0, 1
NOTE, 67, 7, 8, 0, 1, 1, 0
NOTE, 68, 0, 1, 1, 0, 1, 2
NOTE, 68, 1, 8, 1, 0, 0, 0
NOTE, 68, 1, 4, 0, 1, 1, 3
NOTE, 68, 3, 8, 2, 0, 1, 1
NOTE, 68, 1, 2, 3, 0, 0, 0
NOTE, 68, 5, 8, 1, 1, 0, 2
NOTE, 68, 3, 4, 0, 1, 1, 0
NOTE, 68, 7, 8, 1, 0, 1, 3
NOTE, 69, 0, 1, 1, 1, 0, 1
NOTE, 69, 1, 8, 1, 1, 0, 1
NOTE, 69, 3, 8, 0, 1, 1, 1
NOTE, 69, 5, 8, 1, 0, 0, 1
NOTE, 69, 3, 4, 1, 0, 1, 0
NOTE, 69, 7, 8, 1, 1, 0, 0
NOTE, 70, 0, 1, 0, 1, 1, 1
NOTE, 70, 1, 8, 0, 1, 1, 1
NOTE, 70, 3, 8, 1, 1, 1, 0
NOTE, 70, 5, 8, 0, 1, 0, 1
NOTE, 70, 3, 4, 1, 0, 1, 1
NOTE, 70, 7, 8, 0, 1, 1, 0
NOTE, 71, 0, 1, 1, 1, 0, 1
NOTE, 71, 1, 4, 1, 0, 1, 1
NOTE, 71, 3, 8, 1, 0, 1, 1
NOTE, 71, 1, 2, 1, 0, 1, 1
NOTE, 71, 5, 8, 1, 0, 1, 1
NOTE, 71, 3, 4, 1, 0, 1, 1
NOTE, 71, 7, 8, 1, 0, 1, 1
NOTE, 72, 0, 1, 2, 2, 2, 2
NOTE, 72, 1, 2, 0, 3, 3, 0
NOTE, 72, 5, 8, 3, 1, 1, 3
NOTE, 72, 3, 4, 1, 1, 0, 1
NOTE, 72, 7, 8, 1, 0, 1, 0
NOTE, 73, 0, 1, 0, 1, 1, 1
NOTE, 73, 1, 8, 1, 0, 0, 0
NOTE, 73, 1, 4, 0, 1, 1, 1
NOTE, 73, 3, 8, 1, 0, 1, 0
NOTE, 73, 7, 16, 0, 1, 0, 0
NOTE, 73, 1, 2, 0, 0, 1, 1
NOTE, 73, 9, 16, 0, 1, 0, 0
NOTE, 73, 5, 8, 1, 0, 0, 1
NOTE, 73, 11, 16, 0, 0, 1, 0
NOTE, 73, 3, 4, 1, 1, 0, 1
NOTE, 73, 7, 8, 0, 0, 1, 0
NOTE, 74, 0, 1, 1, 0, 0, 1
NOTE, 74, 1, 8, 0, 1, 1, 0
NOTE, 74, 1, 4, 1, 0, 1, 1
NOTE, 74, 3, 8, 0, 1, 0, 0
NOTE, 74, 7, 16, 0, 0, 0, 1
NOTE, 74, 1, 2, 1, 0, 1, 0
NOTE, 74, 9, 16, 0, 0, 0, 1
NOTE, 74, 5, 8, 1, 1, 0, 0
NOTE, 74, 11, 16, 0, 0, 1, 0
NOTE, 74, 3, 4, 1, 1, 0, 1
NOTE, 74, 7, 8, 0, 0, 1, 0
NOTE, 75, 0, 1, 0, 1, 1, 1
NOTE, 75, 1, 8, 1, 0, 0, 0
NOTE, 75, 1, 4, 0, 1, 1, 1
NOTE, 75, 3, 8, 1, 0, 1, 0
NOTE, 75, 7, 16, 0, 1, 0, 0
NOTE, 75, 1, 2, 0, 0, 1, 1
NOTE, 75, 9, 16, 0, 1, 0, 0
NOTE, 75, 5, 8, 1, 0, 0, 1
NOTE, 75, 11, 16, 0, 0, 1, 0
NOTE, 75, 3, 4, 1, 1, 0, 1
NOTE, 75, 7, 8, 0, 0, 1, 0
NOTE, 76, 0, 1, 1, 0, 1, 1
NOTE, 76, 1, 8, 0, 1, 0, 1
NOTE, 76, 1, 4, 1, 1, 1, 0
NOTE, 76, 3, 8, 0, 1, 0, 1
NOTE, 76, 7, 16, 1, 0, 0, 0
NOTE, 76, 1, 2, 0, 0, 1, 1
NOTE, 76, 9, 16, 1, 0, 0, 0
NOTE, 76, 5, 8, 0, 1, 1, 0
NOTE, 76, 11, 16, 0, 0, 0, 1
NOTE, 76, 3, 4, 1, 1, 1, 0
NOTE, 76, 7, 8, 1, 0, 0, 1
NOTE, 77, 0, 1, 0, 1, 1, 1
NOTE, 77, 1, 8, 0, 0, 1, 0
NOTE, 77, 1, 4, 1, 1, 0, 1
NOTE, 77, 3, 8, 0, 0, 1, 1
NOTE, 77, 7, 16, 0, 1, 0, 0
NOTE, 77, 1, 2, 1, 0, 0, 1
NOTE, 77, 9, 16, 0, 0, 1, 0
NOTE, 77, 5, 8, 1, 1, 0, 0
NOTE, 77, 11, 16, 0, 0, 1, 0
NOTE, 77, 3, 4, 1, 1, 0, 1
NOTE, 77, 7, 8, 0, 0, 1, 0
NOTE, 78, 0, 1, 1, 1, 0, 1
NOTE, 78, 1, 8, 1, 0, 1, 0
NOTE, 78, 1, 4, 0, 1, 1, 1
NOTE, 78, 3, 8, 1, 0, 0, 1
NOTE, 78, 7, 16, 0, 1, 1, 0
NOTE, 78, 1, 2, 1, 0, 0, 1
NOTE, 78, 9, 16, 0, 0, 1, 0
NOTE, 78, 5, 8, 1, 1, 0, 0
NOTE, 78, 11, 16, 0, 0, 1, 1
NOTE, 78, 3, 4, 1, 1, 0, 0
NOTE, 78, 7, 8, 0, 1, 1, 0
NOTE, 79, 0, 1, 1, 0, 1, 1
NOTE, 79, 1, 8, 0, 1, 1, 0
NOTE, 79, 1, 4, 1, 1, 0, 1
NOTE, 79, 3, 8, 0, 0, 1, 1
NOTE, 79, 7, 16, 0, 1, 0, 0
NOTE, 79, 1, 2, 1, 0, 0, 1
NOTE, 79, 9, 16, 0, 0, 1, 0
NOTE, 79, 5, 8, 1, 1, 0, 0
NOTE, 79, 11, 16, 0, 0, 1, 0
NOTE, 79, 3, 4, 1, 1, 0, 1
NOTE, 79, 7, 8, 0, 1, 1, 1
NOTE, 80, 0, 1, 1, 1, 0, 0
NOTE, 80, 1, 8, 0, 0, 1, 1
NOTE, 80, 1, 4, 1, 1, 0, 1
NOTE, 80, 3, 8, 1, 0, 1, 0
NOTE, 80, 7, 16, 0, 1, 0, 0
NOTE, 80, 1, 2, 1, 0, 0, 1
NOTE, 80, 9, 16, 0, 1, 1, 0
NOTE, 80, 5, 8, 1, 0, 0, 1
NOTE, 80, 11, 16, 0, 0, 1, 0
NOTE, 80, 3, 4, 1, 1, 0, 1
NOTE, 80, 7, 8, 0, 1, 1, 0
NOTE, 81, 0, 1, 1, 0, 1, 1
NOTE, 81, 1, 8, 0, 1, 0, 1
NOTE, 81, 1, 4, 1, 0, 0, 1
NOTE, 81, 3, 8, 1, 1, 1, 0
NOTE, 81, 1, 2, 0, 1, 0, 1
NOTE, 81, 5, 8, 0, 1, 1, 0
NOTE, 81, 3, 4, 1, 0, 1, 1
NOTE, 81, 7, 8, 0, 1, 1, 0
NOTE, 82, 0, 1, 1, 0, 1, 0
NOTE, 82, 1, 8, 1, 1, 0, 1
NOTE, 82, 1, 4, 0, 1, 1, 0
NOTE, 82, 3, 8, 0, 1, 0, 1
NOTE, 82, 1, 2, 0, 0, 1, 1
NOTE, 82, 9, 16, 1, 1, 0, 0
NOTE, 82, 5, 8, 0, 0, 1, 1
NOTE, 82, 11, 16, 0, 1, 0, 0
NOTE, 82, 3, 4, 1, 0, 0, 1
NOTE, 82, 13, 16, 0, 1, 1, 0
NOTE, 82, 7, 8, 1, 0, 0, 1
NOTE, 82, 15, 16, 0, 0, 1, 0
NOTE, 83, 0, 1, 1, 1, 0, 1
NOTE, 83, 1, 8, 0, 1, 1, 0
NOTE, 83, 1, 4, 0, 1, 0, 1
NOTE, 83, 3, 8, 1, 0, 1, 1
NOTE, 83, 1, 2, 0, 1, 1, 0
NOTE, 83, 5, 8, 1, 0, 1, 0
NOTE, 83, 3, 4, 1, 1, 0, 1
NOTE, 83, 7, 8, 0, 0, 1, 1
NOTE, 84, 0, 1, 0, 1, 0, 1
NOTE, 84, 1, 8, 1, 1, 1, 0
NOTE, 84, 1, 4, 1, 0, 0, 1
NOTE, 84, 3, 8, 1, 0, 1, 0
NOTE, 84, 1, 2, 0, 0, 1, 1
NOTE, 84, 9, 16, 1, 1, 0, 0
NOTE, 84, 5, 8, 0, 0, 1, 1
NOTE, 84, 11, 16, 0, 1, 0, 0
NOTE, 84, 3, 4, 1, 0, 0, 1
NOTE, 84, 13, 16, 0, 1, 1, 0
NOTE, 84, 7, 8, 1, 0, 0, 1
NOTE, 84, 15, 16, 0, 0, 1, 0
NOTE, 85, 0, 1, 1, 1, 0, 1
NOTE, 85, 1, 8, 0, 1, 1, 0
NOTE, 85, 1, 4, 0, 0, 1, 1
NOTE, 85, 3, 8, 1, 1, 0, 1
NOTE, 85, 1, 2, 1, 0, 1, 0
NOTE, 85, 5, 8, 1, 1, 0, 0
NOTE, 85, 3, 4, 0, 1, 1, 1
NOTE, 85, 7, 8, 1, 0, 0, 1
NOTE, 86, 0, 1, 0, 1, 0, 1
NOTE, 86, 1, 8, 1, 1, 1, 0
NOTE, 86, 1, 4, 0, 0, 1, 1
NOTE, 86, 3, 8, 1, 0, 1, 0
NOTE, 86, 1, 2, 1, 1, 0, 1
NOTE, 86, 5, 8, 0, 1, 1, 0
NOTE, 86, 3, 4, 1, 0, 0, 1
NOTE, 86, 7, 8, 0, 1, 0, 1
NOTE, 87, 0, 1, 1, 1, 1, 1
NOTE, 87, 1, 4, 1, 0, 1, 1
NOTE, 87, 3, 8, 1, 0, 1, 1
NOTE, 87, 1, 2, 1, 0, 1, 1
NOTE, 87, 5, 8, 1, 0, 1, 1
NOTE, 87, 3, 4, 1, 0, 1, 1
NOTE, 87, 7, 8, 2, 2, 2, 2
NOTE, 88, 3, 4, 0, 0, 0, 3
NOTE, 88, 13, 16, 0, 0, 3, 0
NOTE, 88, 7, 8, 0, 3, 0, 0
NOTE, 88, 15, 16, 3, 0, 0, 0