BPM, 168.00
OFFSET, 2.624
KeyMode: 4
SPEED, 1.0
NOTE, 3, 1, 16, 0, 0, 0, 2
NOTE, 4, 0, 1, 2, 1, 0, 3
NOTE, 4, 1, 16, 0, 0, 1, 0
NOTE, 4, 1, 8, 0, 0, 0, 1
NOTE, 4, 3, 16, 0, 1, 0, 0
NOTE, 4, 1, 4, 0, 0, 1, 0
NOTE, 4, 5, 16, 0, 1, 0, 0
NOTE, 4, 3, 8, 0, 0, 0, 1
NOTE, 4, 7, 16, 0, 0, 1, 0
NOTE, 4, 1, 2, 0, 0, 0, 1
NOTE, 4, 9, 16, 0, 1, 0, 0
NOTE, 4, 5, 8, 0, 0, 1, 0
NOTE, 4, 11, 16, 0, 0, 0, 1
NOTE, 4, 3, 4, 0, 1, 0, 0
NOTE, 4, 13, 16, 0, 0, 1, 0
NOTE, 4, 7, 8, 0, 1, 0, 0
NOTE, 4, 15, 16, 0, 0, 0, 1
NOTE, 5, 0, 1, 3, 0, 2, 0
NOTE, 5, 3, 8, 1, 0, 0, 0
NOTE, 5, 1, 2, 0, 2, 3, 1
NOTE, 5, 5, 8, 0, 0, 1, 0
NOTE, 5, 3, 4, 1, 0, 0, 0
NOTE, 5, 7, 8, 0, 0, 2, 0
NOTE, 6, 0, 1, 0, 3, 0, 2
NOTE, 6, 1, 8, 0, 2, 3, 0
NOTE, 6, 3, 8, 0, 3, 1, 0
NOTE, 6, 1, 2, 2, 0, 2, 3
NOTE, 6, 3, 4, 0, 0, 3, 0
NOTE, 7, 0, 1, 3, 2, 0, 2
NOTE, 7, 1, 4, 0, 3, 2, 0
NOTE, 7, 1, 2, 2, 2, 3, 3
NOTE, 7, 3, 4, 0, 3, 0, 2
NOTE, 8, 0, 1, 3, 2, 2, 3
NOTE, 8, 3, 8, 0, 0, 3, 2
NOTE, 8, 1, 2, 2, 3, 0, 0
NOTE, 8, 3, 4, 0, 0, 2, 3
NOTE, 9, 0, 1, 3, 0, 3, 2
SPEED, 9, 1, 2, 0.9
NOTE, 9, 1, 2, 0, 2, 0, 3
SPEED, 9, 25, 48, 0.88
SPEED, 9, 13, 24, 0.86
SPEED, 9, 9, 16, 0.84
SPEED, 9, 7, 12, 0.82
SPEED, 9, 29, 48, 0.8
SPEED, 9, 5, 8, 0.78
SPEED, 9, 31, 48, 0.76
SPEED, 9, 2, 3, 0.74
SPEED, 9, 11, 16, 0.72
SPEED, 9, 17, 24, 0.7
SPEED, 9, 35, 48, 0.68
SPEED, 9, 3, 4, 0.66
SPEED, 9, 37, 48, 0.64
SPEED, 9, 19, 24, 0.62
SPEED, 9, 13, 16, 0.6
SPEED, 9, 5, 6, 0.58
SPEED, 9, 41, 48, 0.56
SPEED, 9, 7, 8, 0.54
SPEED, 9, 43, 48, 0.52
SPEED, 9, 11, 12, 0.5
NOTE, 9, 15, 16, 0, 3, 0, 0
SPEED, 10, 0, 1, 1
NOTE, 10, 0, 1, 1, 1, 0, 1
NOTE, 10, 1, 8, 0, 0, 1, 0
NOTE, 10, 1, 4, 0, 1, 0, 1
NOTE, 10, 3, 8, 1, 0, 0, 0
NOTE, 10, 1, 2, 0, 0, 1, 1
NOTE, 10, 9, 16, 1, 0, 0, 0
NOTE, 10, 5, 8, 0, 1, 0, 0
NOTE, 10, 11, 16, 0, 0, 0, 1
NOTE, 10, 3, 4, 1, 0, 1, 0
NOTE, 10, 13, 16, 0, 0, 0, 1
NOTE, 10, 7, 8, 1, 0, 0, 0
NOTE, 10, 15, 16, 0, 0, 1, 0
NOTE, 11, 0, 1, 0, 1, 0, 1
NOTE, 11, 1, 16, 0, 0, 1, 0
NOTE, 11, 1, 8, 1, 0, 0, 0
NOTE, 11, 3, 16, 0, 1, 0, 0
NOTE, 11, 1, 4, 0, 0, 1, 1
NOTE, 11, 5, 16, 1, 0, 0, 0
NOTE, 11, 3, 8, 0, 0, 1, 0
NOTE, 11, 7, 16, 0, 1, 0, 0
NOTE, 11, 1, 2, 1, 0, 0, 1
NOTE, 11, 5, 8, 0, 1, 0, 0
NOTE, 11, 3, 4, 0, 0, 1, 1
NOTE, 11, 7, 8, 1, 0, 0, 0
NOTE, 11, 15, 16, 0, 0, 0, 1
NOTE, 12, 0, 1, 0, 1, 1, 0
NOTE, 12, 1, 8, 1, 0, 0, 0
NOTE, 12, 1, 4, 0, 1, 0, 1
NOTE, 12, 5, 16, 0, 0, 1, 0
NOTE, 12, 3, 8, 1, 0, 0, 0
NOTE, 12, 7, 16, 0, 0, 0, 1
NOTE, 12, 1, 2, 0, 1, 1, 0
NOTE, 12, 9, 16, 0, 0, 0, 1
NOTE, 12, 5, 8, 1, 0, 0, 0
NOTE, 12, 11, 16, 0, 0, 1, 0
NOTE, 12, 3, 4, 0, 1, 0, 1
NOTE, 12, 13, 16, 0, 0, 1, 0
NOTE, 12, 7, 8, 0, 1, 0, 0
NOTE, 13, 0, 1, 1, 0, 0, 1
NOTE, 13, 1, 8, 0, 0, 1, 0
NOTE, 13, 1, 4, 0, 1, 0, 1
NOTE, 13, 5, 16, 1, 0, 0, 0
NOTE, 13, 3, 8, 0, 0, 0, 1
NOTE, 13, 7, 16, 0, 1, 0, 0
NOTE, 13, 1, 2, 1, 0, 2, 2
NOTE, 13, 9, 16, 0, 0, 3, 3
NOTE, 13, 5, 8, 1, 0, 2, 2
NOTE, 13, 11, 16, 0, 0, 3, 3
NOTE, 13, 3, 4, 1, 0, 2, 2
NOTE, 13, 15, 16, 0, 0, 3, 3
NOTE, 14, 0, 1, 2, 0, 1, 1
NOTE, 14, 1, 8, 0, 1, 0, 0
NOTE, 14, 1, 4, 0, 1, 0, 1
NOTE, 14, 3, 8, 0, 0, 1, 0
NOTE, 14, 1, 2, 0, 0, 1, 1
NOTE, 14, 5, 8, 0, 1, 0, 0
NOTE, 14, 3, 4, 3, 0, 1, 2
NOTE, 14, 7, 8, 0, 2, 0, 3
NOTE, 15, 0, 1, 1, 0, 0, 1
NOTE, 15, 1, 8, 0, 3, 2, 0
NOTE, 15, 1, 4, 1, 0, 3, 2
NOTE, 15, 3, 8, 0, 1, 0, 3
NOTE, 15, 7, 16, 1, 0, 0, 0
NOTE, 15, 1, 2, 0, 0, 1, 1
NOTE, 15, 9, 16, 0, 1, 0, 0
NOTE, 15, 5, 8, 2, 0, 0, 0
NOTE, 15, 3, 4, 3, 2, 1, 0
NOTE, 15, 7, 8, 0, 3, 0, 2
NOTE, 16, 0, 1, 1, 0, 1, 3
NOTE, 16, 1, 8, 0, 1, 0, 0
NOTE, 16, 3, 16, 0, 0, 0, 1
NOTE, 16, 1, 4, 0, 1, 1, 0
NOTE, 16, 5, 16, 1, 0, 0, 0
NOTE, 16, 3, 8, 0, 0, 0, 1
NOTE, 16, 7, 16, 0, 1, 0, 0
NOTE, 16, 1, 2, 0, 0, 1, 1
NOTE, 16, 9, 16, 0, 1, 0, 0
NOTE, 16, 5, 8, 1, 0, 1, 0
NOTE, 16, 11, 16, 0, 0, 0, 1
NOTE, 16, 3, 4, 1, 1, 0, 0
NOTE, 16, 13, 16, 0, 0, 0, 1
NOTE, 16, 7, 8, 0, 1, 1, 0
NOTE, 16, 15, 16, 1, 0, 0, 0
NOTE, 17, 0, 1, 0, 2, 1, 1
NOTE, 17, 3, 16, 0, 3, 0, 0
NOTE, 17, 1, 4, 1, 1, 2, 0
NOTE, 17, 7, 16, 0, 0, 3, 0
NOTE, 17, 1, 2, 0, 1, 1, 2
NOTE, 17, 11, 16, 0, 0, 0, 3
SPEED, 17, 3, 4, 0.95
SPEED, 17, 7, 8, 0.9
SPEED, 18, 0, 1, 0.85
NOTE, 18, 0, 1, 0, 2, 0, 1
NOTE, 18, 1, 4, 0, 3, 0, 1
NOTE, 18, 3, 8, 0, 0, 2, 0
NOTE, 18, 1, 2, 1, 2, 3, 0
NOTE, 18, 5, 8, 0, 3, 0, 2
NOTE, 18, 3, 4, 2, 1, 0, 3
NOTE, 18, 7, 8, 0, 0, 2, 0
NOTE, 19, 0, 1, 3, 2, 3, 1
NOTE, 19, 1, 4, 0, 3, 1, 2
NOTE, 19, 3, 8, 2, 0, 0, 3
NOTE, 19, 1, 2, 3, 1, 2, 0
SPEED, 19, 3, 4, 0.9
NOTE, 19, 3, 4, 0, 1, 0, 0
SPEED, 19, 7, 8, 0.95
NOTE, 19, 15, 16, 0, 0, 3, 0
SPEED, 20, 0, 1, 1
NOTE, 20, 0, 1, 2, 0, 1, 1
NOTE, 20, 3, 8, 3, 1, 0, 2
NOTE, 20, 1, 2, 1, 2, 1, 3
NOTE, 20, 5, 8, 0, 3, 2, 0
NOTE, 20, 3, 4, 2, 0, 3, 1
NOTE, 20, 7, 8, 3, 1, 2, 1
NOTE, 21, 0, 1, 1, 2, 3, 0
NOTE, 21, 1, 8, 1, 3, 1, 2
NOTE, 21, 1, 4, 2, 1, 0, 3
NOTE, 21, 3, 8, 3, 0, 2, 0
NOTE, 21, 1, 2, 1, 2, 3, 1
NOTE, 21, 5, 8, 0, 0, 0, 1
SPEED, 21, 3, 4, 0.95
NOTE, 21, 3, 4, 1, 3, 1, 0
SPEED, 21, 7, 8, 0.9
NOTE, 21, 7, 8, 0, 0, 1, 1
NOTE, 21, 15, 16, 1, 1, 0, 0
SPEED, 22, 0, 1, 0.85
NOTE, 22, 0, 1, 0, 0, 1, 2
NOTE, 22, 1, 4, 1, 0, 0, 3
NOTE, 22, 3, 8, 0, 2, 0, 0
NOTE, 22, 1, 2, 0, 3, 2, 1
NOTE, 22, 5, 8, 2, 0, 3, 0
NOTE, 22, 3, 4, 3, 1, 0, 2
NOTE, 22, 7, 8, 0, 2, 0, 0
NOTE, 23, 0, 1, 2, 3, 1, 3
NOTE, 23, 1, 4, 3, 0, 2, 1
NOTE, 23, 3, 8, 0, 2, 3, 0
NOTE, 23, 1, 2, 1, 3, 0, 2
SPEED, 23, 3, 4, 0.9
NOTE, 23, 3, 4, 0, 1, 0, 3
SPEED, 23, 7, 8, 0.95
SPEED, 24, 0, 1, 1
NOTE, 24, 0, 1, 1, 0, 2, 1
NOTE, 24, 1, 4, 0, 1, 3, 0
NOTE, 24, 3, 8, 1, 2, 0, 0
NOTE, 24, 1, 2, 1, 3, 1, 2
NOTE, 24, 5, 8, 0, 1, 0, 0
NOTE, 24, 3, 4, 2, 0, 1, 3
NOTE, 24, 7, 8, 3, 1, 2, 1
NOTE, 25, 0, 1, 1, 0, 0, 0
NOTE, 25, 1, 8, 2, 1, 3, 1
NOTE, 25, 1, 4, 3, 0, 1, 2
NOTE, 25, 3, 8, 0, 1, 0, 0
NOTE, 25, 1, 2, 1, 0, 0, 3
NOTE, 25, 9, 16, 0, 0, 1, 1
NOTE, 25, 5, 8, 1, 0, 0, 0
NOTE, 25, 11, 16, 0, 1, 1, 0
NOTE, 25, 3, 4, 0, 0, 0, 1
NOTE, 25, 13, 16, 1, 1, 0, 0
NOTE, 25, 7, 8, 0, 0, 1, 0
NOTE, 25, 15, 16, 0, 1, 0, 1
NOTE, 26, 0, 1, 1, 0, 2, 0
NOTE, 26, 1, 8, 0, 0, 3, 1
NOTE, 26, 1, 4, 2, 1, 1, 0
NOTE, 26, 3, 8, 3, 0, 0, 1
NOTE, 26, 1, 2, 0, 1, 2, 0
NOTE, 26, 5, 8, 1, 0, 3, 0
NOTE, 26, 3, 4, 0, 2, 1, 1
NOTE, 26, 7, 8, 1, 3, 2, 0
NOTE, 27, 0, 1, 2, 0, 3, 1
NOTE, 27, 1, 8, 3, 2, 1, 0
NOTE, 27, 1, 4, 1, 0, 0, 1
NOTE, 27, 3, 8, 0, 3, 1, 2
NOTE, 27, 1, 2, 0, 1, 2, 3
NOTE, 27, 5, 8, 1, 0, 0, 0
NOTE, 27, 3, 4, 0, 1, 3, 1
NOTE, 27, 7, 8, 0, 0, 1, 0
NOTE, 28, 0, 1, 1, 2, 0, 1
NOTE, 28, 1, 16, 0, 3, 0, 0
NOTE, 28, 1, 8, 0, 2, 0, 1
NOTE, 28, 3, 16, 0, 3, 0, 0
NOTE, 28, 1, 4, 1, 0, 1, 0
NOTE, 28, 3, 8, 0, 1, 2, 0
NOTE, 28, 1, 2, 0, 2, 3, 1
NOTE, 28, 5, 8, 1, 3, 2, 0
NOTE, 28, 3, 4, 2, 1, 3, 1
NOTE, 28, 7, 8, 3, 0, 1, 2
NOTE, 29, 0, 1, 0, 1, 0, 3
NOTE, 29, 1, 8, 0, 2, 1, 0
NOTE, 29, 1, 4, 1, 3, 2, 1
NOTE, 29, 3, 8, 2, 1, 3, 0
NOTE, 29, 1, 2, 3, 0, 1, 2
NOTE, 29, 5, 8, 1, 1, 0, 3
NOTE, 29, 3, 4, 1, 0, 0, 1
NOTE, 29, 7, 8, 0, 1, 0, 1
NOTE, 30, 0, 1, 2, 1, 1, 0
NOTE, 30, 1, 8, 3, 0, 1, 2
NOTE, 30, 1, 4, 1, 1, 2, 3
NOTE, 30, 3, 8, 2, 0, 3, 1
NOTE, 30, 1, 2, 3, 1, 2, 0
NOTE, 30, 5, 8, 1, 0, 3, 2
NOTE, 30, 3, 4, 0, 2, 1, 3
NOTE, 30, 7, 8, 2, 3, 0, 1
NOTE, 31, 0, 1, 3, 2, 1, 0
NOTE, 31, 1, 8, 1, 0, 2, 0
NOTE, 31, 1, 4, 2, 3, 0, 1
NOTE, 31, 3, 8, 0, 2, 3, 1
NOTE, 31, 1, 2, 3, 3, 1, 2
NOTE, 31, 5, 8, 1, 0, 0, 0
NOTE, 31, 3, 4, 0, 1, 1, 3
NOTE, 33, 3, 4, 1, 0, 0, 1
NOTE, 33, 13, 16, 0, 1, 1, 0
NOTE, 33, 7, 8, 1, 0, 0, 1
NOTE, 33, 15, 16, 0, 1, 0, 0
NOTE, 34, 0, 1, 1, 0, 1, 1
NOTE, 34, 1, 8, 0, 2, 0, 1
NOTE, 34, 3, 16, 0, 3, 0, 0
NOTE, 34, 1, 4, 1, 0, 1, 2
NOTE, 34, 5, 16, 0, 0, 0, 3
NOTE, 34, 3, 8, 0, 1, 0, 0
NOTE, 34, 1, 2, 0, 2, 1, 0
NOTE, 34, 9, 16, 0, 3, 0, 0
NOTE, 34, 5, 8, 1, 0, 0, 2
NOTE, 34, 11, 16, 0, 0, 0, 3
NOTE, 34, 3, 4, 0, 0, 1, 1
NOTE, 34, 7, 8, 0, 2, 1, 0
NOTE, 34, 15, 16, 0, 3, 0, 0
NOTE, 35, 0, 1, 0, 0, 1, 2
NOTE, 35, 1, 16, 0, 0, 0, 3
NOTE, 35, 1, 8, 1, 0, 0, 0
NOTE, 35, 1, 4, 0, 2, 1, 1
NOTE, 35, 5, 16, 0, 3, 0, 0
NOTE, 35, 3, 8, 0, 0, 1, 2
NOTE, 35, 7, 16, 0, 0, 0, 3
NOTE, 35, 1, 2, 1, 0, 0, 0
NOTE, 35, 5, 8, 0, 2, 1, 0
NOTE, 35, 11, 16, 0, 3, 0, 0
NOTE, 35, 3, 4, 1, 0, 1, 2
NOTE, 35, 13, 16, 0, 0, 0, 3
NOTE, 35, 7, 8, 0, 1, 0, 0
NOTE, 36, 0, 1, 1, 2, 1, 1
NOTE, 36, 1, 16, 0, 3, 0, 0
NOTE, 36, 1, 8, 0, 0, 1, 2
NOTE, 36, 3, 16, 0, 0, 0, 3
NOTE, 36, 1, 4, 1, 0, 0, 1
NOTE, 36, 3, 8, 1, 2, 0, 0
NOTE, 36, 7, 16, 0, 3, 0, 0
NOTE, 36, 1, 2, 0, 0, 1, 2
NOTE, 36, 9, 16, 0, 0, 0, 3
NOTE, 36, 5, 8, 1, 0, 0, 0
NOTE, 36, 3, 4, 0, 2, 1, 1
NOTE, 36, 13, 16, 0, 3, 0, 0
NOTE, 36, 7, 8, 0, 1, 0, 2
NOTE, 36, 15, 16, 0, 0, 0, 3
SPEED, 37, 0, 1, 0.8
NOTE, 37, 0, 1, 1, 1, 0, 1
SPEED, 37, 3, 16, 1.6
SPEED, 37, 1, 4, 0.8
NOTE, 37, 1, 4, 1, 0, 1, 1
SPEED, 37, 7, 16, 1.6
SPEED, 37, 1, 2, 0.75
NOTE, 37, 1, 2, 1, 1, 1, 0
SPEED, 37, 9, 16, 1.25
SPEED, 37, 5, 8, 0.75
NOTE, 37, 5, 8, 1, 0, 1, 1
SPEED, 37, 11, 16, 1.25
SPEED, 37, 3, 4, 0.75
NOTE, 37, 3, 4, 1, 1, 0, 1
SPEED, 37, 13, 16, 1.25
SPEED, 37, 7, 8, 0.75
NOTE, 37, 7, 8, 0, 1, 1, 1
SPEED, 37, 15, 16, 1.25
SPEED, 38, 0, 1, 1
NOTE, 38, 0, 1, 1, 0, 1, 1
NOTE, 38, 1, 8, 0, 1, 2, 0
NOTE, 38, 3, 16, 0, 0, 3, 0
NOTE, 38, 1, 4, 2, 0, 1, 1
NOTE, 38, 5, 16, 3, 0, 0, 0
NOTE, 38, 3, 8, 0, 1, 0, 0
NOTE, 38, 1, 2, 0, 0, 2, 1
NOTE, 38, 9, 16, 0, 0, 3, 0
NOTE, 38, 5, 8, 2, 1, 0, 0
NOTE, 38, 11, 16, 3, 0, 0, 0
NOTE, 38, 3, 4, 1, 0, 0, 1
NOTE, 38, 7, 8, 0, 1, 2, 0
NOTE, 38, 15, 16, 0, 0, 3, 0
NOTE, 39, 0, 1, 2, 0, 0, 1
NOTE, 39, 1, 16, 3, 0, 0, 0
NOTE, 39, 1, 8, 0, 1, 0, 0
NOTE, 39, 1, 4, 1, 0, 2, 1
NOTE, 39, 5, 16, 0, 0, 3, 0
NOTE, 39, 3, 8, 2, 1, 0, 0
NOTE, 39, 7, 16, 3, 0, 0, 0
NOTE, 39, 1, 2, 0, 0, 0, 1
NOTE, 39, 5, 8, 0, 1, 2, 0
NOTE, 39, 11, 16, 0, 0, 3, 0
NOTE, 39, 3, 4, 2, 0, 1, 1
NOTE, 39, 13, 16, 3, 0, 0, 0
NOTE, 39, 7, 8, 0, 1, 0, 0
NOTE, 40, 0, 1, 0, 2, 0, 1
NOTE, 40, 1, 16, 0, 3, 0, 0
NOTE, 40, 1, 8, 1, 1, 2, 0
NOTE, 40, 3, 16, 0, 0, 3, 0
NOTE, 40, 1, 4, 0, 2, 0, 1
NOTE, 40, 5, 16, 0, 3, 0, 0
NOTE, 40, 3, 8, 1, 1, 2, 0
NOTE, 40, 7, 16, 0, 0, 3, 0
NOTE, 40, 1, 2, 0, 2, 0, 1
NOTE, 40, 9, 16, 0, 3, 0, 0
NOTE, 40, 5, 8, 1, 1, 2, 0
NOTE, 40, 11, 16, 0, 0, 3, 0
NOTE, 40, 3, 4, 0, 2, 0, 1
NOTE, 40, 13, 16, 0, 3, 0, 0
NOTE, 40, 7, 8, 1, 1, 2, 0
NOTE, 40, 15, 16, 0, 0, 3, 0
NOTE, 41, 0, 1, 2, 0, 1, 1
NOTE, 41, 1, 16, 3, 0, 0, 0
NOTE, 41, 1, 8, 0, 1, 0, 2
NOTE, 41, 3, 16, 0, 0, 0, 3
NOTE, 41, 1, 4, 2, 0, 1, 1
NOTE, 41, 5, 16, 3, 0, 0, 0
NOTE, 41, 3, 8, 0, 1, 0, 2
NOTE, 41, 7, 16, 0, 0, 0, 3
NOTE, 41, 1, 2, 2, 0, 1, 1
NOTE, 41, 9, 16, 3, 0, 0, 0
NOTE, 41, 5, 8, 0, 1, 1, 2
NOTE, 41, 11, 16, 0, 0, 0, 3
NOTE, 41, 3, 4, 2, 1, 0, 1
NOTE, 41, 13, 16, 3, 0, 0, 0
NOTE, 41, 7, 8, 1, 0, 1, 2
NOTE, 41, 15, 16, 0, 0, 0, 3
NOTE, 42, 0, 1, 0, 1, 1, 1
NOTE, 42, 1, 8, 1, 0, 0, 0
NOTE, 42, 1, 4, 0, 1, 1, 0
NOTE, 42, 3, 8, 0, 0, 0, 1
NOTE, 42, 7, 16, 0, 1, 0, 0
NOTE, 42, 1, 2, 1, 0, 1, 0
NOTE, 42, 5, 8, 0, 1, 0, 0
NOTE, 42, 3, 4, 0, 0, 1, 1
NOTE, 42, 7, 8, 1, 0, 0, 0
NOTE, 43, 0, 1, 0, 1, 2, 1
NOTE, 43, 1, 8, 1, 2, 3, 0
NOTE, 43, 1, 4, 0, 3, 1, 2
NOTE, 43, 3, 8, 2, 1, 0, 3
NOTE, 43, 1, 2, 0, 0, 1, 1
NOTE, 43, 5, 8, 3, 1, 0, 0
SPEED, 43, 3, 4, 1.2
NOTE, 43, 3, 4, 1, 0, 0, 1
SPEED, 43, 13, 16, 1.15
SPEED, 43, 7, 8, 1.1
SPEED, 43, 15, 16, 1.05
SPEED, 44, 0, 1, 1
NOTE, 44, 0, 1, 1, 1, 0, 2
NOTE, 44, 1, 8, 0, 1, 1, 0
NOTE, 44, 1, 4, 1, 0, 1, 0
NOTE, 44, 5, 16, 0, 0, 0, 3
NOTE, 44, 3, 8, 2, 1, 0, 1
NOTE, 44, 1, 2, 0, 0, 1, 1
NOTE, 44, 5, 8, 0, 1, 1, 0
NOTE, 44, 11, 16, 3, 0, 0, 0
NOTE, 44, 3, 4, 1, 1, 0, 2
NOTE, 44, 7, 8, 1, 0, 1, 0
NOTE, 45, 0, 1, 0, 1, 1, 0
NOTE, 45, 1, 16, 0, 0, 0, 3
NOTE, 45, 1, 8, 1, 2, 0, 1
NOTE, 45, 1, 4, 0, 0, 1, 1
NOTE, 45, 3, 8, 1, 0, 1, 0
NOTE, 45, 7, 16, 0, 3, 0, 0
NOTE, 45, 1, 2, 1, 0, 2, 1
NOTE, 45, 5, 8, 0, 1, 0, 1
NOTE, 45, 3, 4, 1, 1, 0, 0
NOTE, 45, 13, 16, 0, 0, 3, 0
NOTE, 45, 7, 8, 1, 0, 1, 2
NOTE, 46, 0, 1, 0, 1, 1, 0
NOTE, 46, 1, 8, 1, 0, 1, 0
NOTE, 46, 3, 16, 0, 0, 0, 3
NOTE, 46, 1, 4, 1, 2, 0, 1
NOTE, 46, 3, 8, 0, 0, 1, 1
NOTE, 46, 1, 2, 1, 0, 1, 0
NOTE, 46, 9, 16, 0, 3, 0, 0
NOTE, 46, 5, 8, 2, 1, 0, 1
NOTE, 46, 3, 4, 0, 0, 1, 1
NOTE, 46, 7, 8, 0, 1, 1, 0
NOTE, 46, 15, 16, 3, 0, 0, 0
NOTE, 47, 0, 1, 1, 2, 0, 1
NOTE, 47, 1, 8, 0, 0, 1, 1
NOTE, 47, 3, 16, 0, 3, 0, 0
NOTE, 47, 1, 4, 1, 0, 1, 2
NOTE, 47, 3, 8, 1, 1, 0, 0
NOTE, 47, 1, 2, 0, 1, 1, 0
NOTE, 47, 5, 8, 1, 0, 1, 0
NOTE, 47, 3, 4, 1, 1, 0, 0
NOTE, 47, 7, 8, 0, 1, 1, 0
NOTE, 48, 0, 1, 2, 0, 1, 3
NOTE, 48, 1, 8, 0, 0, 0, 1
NOTE, 48, 3, 16, 0, 0, 1, 0
NOTE, 48, 1, 4, 0, 1, 0, 0
NOTE, 48, 3, 8, 0, 0, 0, 1
NOTE, 48, 1, 2, 0, 1, 0, 0
NOTE, 48, 5, 8, 0, 0, 1, 0
NOTE, 48, 3, 4, 0, 1, 0, 1
NOTE, 48, 7, 8, 3, 0, 1, 1
NOTE, 48, 15, 16, 0, 1, 0, 0
NOTE, 49, 0, 1, 1, 0, 1, 1
NOTE, 49, 1, 8, 0, 1, 0, 0
NOTE, 49, 1, 4, 1, 0, 1, 1
NOTE, 49, 3, 8, 0, 0, 0, 1
NOTE, 49, 1, 2, 0, 1, 1, 0
NOTE, 49, 5, 8, 1, 0, 0, 0
NOTE, 49, 3, 4, 0, 1, 1, 1
NOTE, 49, 7, 8, 0, 0, 1, 0
NOTE, 50, 0, 1, 1, 0, 0, 1
NOTE, 50, 1, 8, 0, 1, 0, 0
NOTE, 50, 1, 4, 1, 0, 1, 1
NOTE, 50, 3, 8, 1, 0, 0, 0
NOTE, 50, 1, 2, 0, 2, 0, 1
NOTE, 50, 9, 16, 0, 3, 0, 0
NOTE, 50, 5, 8, 1, 0, 2, 0
NOTE, 50, 11, 16, 0, 2, 3, 0
NOTE, 50, 3, 4, 0, 3, 1, 2
NOTE, 50, 13, 16, 0, 0, 0, 3
NOTE, 50, 7, 8, 2, 1, 0, 0
NOTE, 50, 15, 16, 3, 0, 0, 0
SPEED, 51, 0, 1, 1.25
NOTE, 51, 0, 1, 1, 0, 2, 1
NOTE, 51, 1, 16, 0, 0, 3, 0
SPEED, 51, 1, 8, 0.8
SPEED, 51, 3, 16, 0.9
SPEED, 51, 1, 4, 1
NOTE, 51, 1, 4, 0, 2, 0, 0
NOTE, 51, 1, 2, 0, 3, 2, 0
NOTE, 51, 5, 8, 1, 0, 0, 1
NOTE, 51, 3, 4, 1, 0, 3, 1
NOTE, 51, 7, 8, 0, 1, 0, 0
NOTE, 51, 15, 16, 0, 0, 1, 0
SPEED, 52, 0, 1, 0.8
NOTE, 52, 0, 1, 1, 1, 0, 0
SPEED, 52, 1, 8, 1.6
SPEED, 52, 3, 16, 0.8
NOTE, 52, 3, 16, 0, 0, 1, 1
SPEED, 52, 5, 16, 1.6
SPEED, 52, 3, 8, 0.8
NOTE, 52, 3, 8, 0, 1, 1, 0
SPEED, 52, 7, 16, 1.6
SPEED, 52, 1, 2, 1
NOTE, 52, 1, 2, 1, 1, 0, 0
SPEED, 52, 5, 8, 0.75
NOTE, 52, 5, 8, 1, 0, 1, 1
SPEED, 52, 11, 16, 1.25
SPEED, 52, 3, 4, 0.6
NOTE, 52, 3, 4, 1, 1, 0, 1
SPEED, 52, 13, 16, 0.7
SPEED, 52, 7, 8, 0.8
SPEED, 52, 15, 16, 0.9
SPEED, 53, 0, 1, 1
NOTE, 53, 0, 1, 1, 0, 1, 0
NOTE, 53, 1, 8, 0, 1, 0, 0
NOTE, 53, 1, 4, 1, 0, 1, 1
NOTE, 53, 3, 8, 0, 0, 1, 0
NOTE, 53, 1, 2, 1, 1, 0, 0
NOTE, 53, 5, 8, 0, 0, 1, 0
NOTE, 53, 3, 4, 1, 1, 0, 1
NOTE, 53, 7, 8, 1, 0, 0, 0
NOTE, 54, 0, 1, 0, 1, 1, 0
NOTE, 54, 1, 8, 0, 0, 0, 1
NOTE, 54, 1, 4, 1, 1, 0, 1
NOTE, 54, 3, 8, 1, 0, 0, 0
NOTE, 54, 1, 2, 0, 2, 1, 0
NOTE, 54, 9, 16, 0, 3, 0, 0
NOTE, 54, 5, 8, 0, 1, 0, 2
NOTE, 54, 11, 16, 2, 0, 0, 3
NOTE, 54, 3, 4, 3, 0, 2, 1
NOTE, 54, 13, 16, 0, 0, 3, 0
NOTE, 54, 7, 8, 1, 2, 0, 0
NOTE, 54, 15, 16, 0, 3, 0, 0
SPEED, 55, 0, 1, 1.25
NOTE, 55, 0, 1, 0, 0, 1, 2
NOTE, 55, 1, 16, 0, 0, 0, 3
SPEED, 55, 1, 8, 0.8
SPEED, 55, 3, 16, 0.9
SPEED, 55, 1, 4, 1
NOTE, 55, 1, 4, 2, 0, 0, 0
NOTE, 55, 1, 2, 3, 0, 0, 2
NOTE, 55, 5, 8, 1, 0, 1, 0
NOTE, 55, 3, 4, 1, 0, 1, 3
NOTE, 55, 7, 8, 0, 1, 0, 0
SPEED, 56, 0, 1, 0.8
NOTE, 56, 0, 1, 0, 0, 1, 1
SPEED, 56, 1, 8, 1.6
SPEED, 56, 3, 16, 0.8
NOTE, 56, 3, 16, 1, 0, 0, 1
SPEED, 56, 5, 16, 1.6
SPEED, 56, 3, 8, 0.8
NOTE, 56, 3, 8, 0, 0, 1, 1
SPEED, 56, 7, 16, 1.6
SPEED, 56, 1, 2, 1
NOTE, 56, 1, 2, 1, 1, 0, 0
SPEED, 56, 5, 8, 0.75
NOTE, 56, 5, 8, 1, 0, 1, 1
SPEED, 56, 11, 16, 1.25
SPEED, 56, 3, 4, 0.6
NOTE, 56, 3, 4, 1, 1, 1, 0
SPEED, 56, 13, 16, 0.7
SPEED, 56, 7, 8, 0.8
SPEED, 56, 15, 16, 0.9
SPEED, 57, 0, 1, 1
NOTE, 57, 0, 1, 1, 0, 1, 2
NOTE, 57, 1, 8, 0, 1, 0, 0
NOTE, 57, 1, 4, 0, 1, 1, 0
NOTE, 57, 3, 8, 1, 0, 0, 0
NOTE, 57, 1, 2, 0, 0, 1, 0
NOTE, 57, 5, 8, 1, 0, 0, 0
SPEED, 57, 3, 4, 1.2
NOTE, 57, 3, 4, 2, 2, 0, 0
SPEED, 57, 13, 16, 1.15
SPEED, 57, 7, 8, 1.1
SPEED, 57, 15, 16, 1.05
NOTE, 57, 15, 16, 3, 3, 0, 3
SPEED, 58, 0, 1, 1
NOTE, 58, 0, 1, 2, 1, 0, 1
NOTE, 58, 1, 8, 0, 0, 1, 0
NOTE, 58, 1, 4, 0, 0, 1, 1
NOTE, 58, 3, 8, 0, 1, 0, 0
NOTE, 58, 1, 2, 0, 0, 0, 1
NOTE, 58, 5, 8, 0, 1, 0, 0
SPEED, 58, 3, 4, 1.2
NOTE, 58, 3, 4, 0, 0, 2, 2
SPEED, 58, 13, 16, 1.15
SPEED, 58, 7, 8, 1.1
SPEED, 58, 15, 16, 1.05
NOTE, 58, 15, 16, 3, 0, 3, 3
SPEED, 59, 0, 1, 1
NOTE, 59, 0, 1, 1, 0, 2, 1
NOTE, 59, 1, 8, 0, 0, 0, 1
NOTE, 59, 1, 4, 1, 1, 0, 0
NOTE, 59, 3, 8, 0, 0, 0, 1
NOTE, 59, 1, 2, 1, 2, 3, 1
NOTE, 59, 5, 8, 0, 0, 1, 0
NOTE, 59, 3, 4, 1, 0, 0, 1
NOTE, 59, 7, 8, 0, 0, 1, 0
SPEED, 60, 0, 1, 1.05
NOTE, 60, 0, 1, 1, 3, 0, 1
NOTE, 60, 1, 16, 0, 0, 1, 0
NOTE, 60, 1, 8, 1, 1, 0, 0
NOTE, 60, 3, 16, 0, 0, 0, 1
SPEED, 60, 1, 4, 1.1
NOTE, 60, 1, 4, 1, 0, 1, 0
NOTE, 60, 5, 16, 0, 1, 0, 0
NOTE, 60, 3, 8, 0, 0, 1, 1
NOTE, 60, 7, 16, 0, 1, 0, 0
SPEED, 60, 1, 2, 1.15
NOTE, 60, 1, 2, 1, 0, 0, 1
NOTE, 60, 9, 16, 0, 0, 1, 0
NOTE, 60, 5, 8, 1, 1, 0, 0
NOTE, 60, 11, 16, 0, 0, 1, 0
SPEED, 60, 3, 4, 1.2
NOTE, 60, 3, 4, 0, 1, 0, 1
NOTE, 60, 13, 16, 1, 0, 0, 0
SPEED, 60, 7, 8, 1
NOTE, 60, 7, 8, 0, 0, 1, 1
SPEED, 60, 11, 12, 0.95
SPEED, 60, 23, 24, 0.9
SPEED, 61, 0, 1, 0.85
NOTE, 61, 0, 1, 1, 0, 0, 0
NOTE, 61, 1, 8, 0, 0, 1, 0
NOTE, 61, 1, 4, 0, 1, 0, 2
NOTE, 61, 1, 2, 2, 0, 1, 3
NOTE, 61, 3, 4, 3, 1, 2, 0
NOTE, 61, 7, 8, 0, 0, 0, 1
NOTE, 62, 0, 1, 1, 2, 3, 0
NOTE, 62, 1, 4, 0, 3, 1, 2
NOTE, 62, 1, 2, 2, 1, 0, 3
NOTE, 62, 3, 4, 3, 0, 0, 0
NOTE, 63, 0, 1, 0, 2, 2, 0
NOTE, 63, 1, 4, 2, 0, 0, 2
NOTE, 63, 3, 8, 3, 3, 3, 3
