BPM, 86.00
OFFSET, -0.459
KeyMode: 4
SPEED, 1.00
SPEED, 19, 1, 32, 1.01
SPEED, 19, 1, 16, 1.02
SPEED, 19, 3, 32, 1.03
SPEED, 19, 1, 8, 1.04
SPEED, 19, 5, 32, 1.05
SPEED, 19, 3, 16, 1.06
SPEED, 19, 7, 32, 1.07
SPEED, 19, 1, 4, 1.08
SPEED, 19, 9, 32, 1.09
SPEED, 19, 5, 16, 1.10
SPEED, 19, 11, 32, 1.11
SPEED, 19, 3, 8, 1.12
SPEED, 19, 13, 32, 1.13
SPEED, 19, 7, 16, 1.14
SPEED, 19, 15, 32, 1.15
SPEED, 19, 1, 2, 1.16
SPEED, 19, 17, 32, 1.17
SPEED, 19, 9, 16, 1.18
SPEED, 19, 19, 32, 1.19
SPEED, 19, 5, 8, 1.20
SPEED, 19, 21, 32, 1.21
SPEED, 19, 11, 16, 1.22
SPEED, 19, 23, 32, 1.23
SPEED, 19, 3, 4, 1.24
SPEED, 19, 25, 32, 1.25
SPEED, 19, 13, 16, 1.26
SPEED, 19, 27, 32, 1.27
SPEED, 19, 7, 8, 1.28
SPEED, 19, 29, 32, 1.29
SPEED, 19, 15, 16, 1.30
SPEED, 19, 31, 32, 1.50
SPEED, 20, 5, 16, 0.50
SPEED, 20, 13, 32, 1.00
SPEED, 21, 0, 1, 1.00
SPEED, 31, 0, 1, 1.00
NOTE, 1, 0, 1, 0, 1, 2, 0
NOTE, 1, 1, 4, 1, 0, 0, 1
NOTE, 2, 0, 1, 1, 2, 3, 0
NOTE, 2, 1, 4, 0, 0, 0, 1
NOTE, 2, 3, 8, 0, 0, 1, 0
NOTE, 2, 5, 8, 0, 0, 1, 0
NOTE, 2, 3, 4, 2, 3, 0, 1
NOTE, 2, 7, 8, 0, 1, 0, 0
NOTE, 3, 0, 1, 3, 0, 1, 2
NOTE, 3, 1, 4, 1, 0, 0, 0
NOTE, 3, 5, 8, 0, 1, 0, 0
NOTE, 3, 3, 4, 1, 0, 2, 3
NOTE, 4, 0, 1, 0, 1, 3, 2
NOTE, 4, 1, 4, 1, 0, 0, 0
NOTE, 4, 1, 2, 2, 0, 1, 3
NOTE, 5, 0, 1, 3, 2, 1, 0
NOTE, 5, 1, 4, 0, 0, 0, 1
NOTE, 5, 1, 2, 1, 3, 2, 0
NOTE, 5, 7, 8, 0, 1, 0, 0
NOTE, 6, 0, 1, 1, 0, 3, 2
NOTE, 6, 1, 4, 1, 0, 0, 0
NOTE, 6, 1, 2, 0, 2, 1, 3
NOTE, 6, 7, 8, 1, 0, 0, 0
NOTE, 6, 15, 16, 0, 0, 1, 0
NOTE, 7, 0, 1, 1, 3, 0, 2
NOTE, 7, 1, 8, 0, 1, 0, 0
NOTE, 7, 1, 4, 0, 0, 1, 0
NOTE, 7, 3, 8, 2, 1, 0, 3
NOTE, 7, 3, 4, 3, 0, 2, 1
NOTE, 8, 0, 1, 1, 0, 3, 2
NOTE, 8, 1, 4, 0, 1, 0, 0
NOTE, 8, 3, 8, 2, 0, 1, 3
NOTE, 8, 3, 4, 3, 2, 1, 0
NOTE, 9, 0, 1, 1, 3, 0, 2
NOTE, 9, 1, 4, 0, 1, 0, 0
NOTE, 9, 3, 8, 2, 0, 1, 3
NOTE, 9, 5, 8, 0, 1, 0, 0
NOTE, 9, 3, 4, 3, 0, 1, 2
NOTE, 10, 0, 1, 1, 2, 0, 3
NOTE, 10, 1, 4, 0, 3, 2, 0
NOTE, 10, 3, 8, 1, 0, 3, 2
NOTE, 10, 1, 2, 0, 0, 2, 3
NOTE, 10, 5, 8, 0, 2, 3, 0
NOTE, 10, 3, 4, 2, 3, 0, 0
NOTE, 10, 23, 24, 3, 1, 0, 0
NOTE, 10, 47, 48, 0, 0, 1, 0
NOTE, 11, 0, 1, 1, 0, 0, 1
NOTE, 11, 1, 8, 0, 1, 0, 0
NOTE, 11, 3, 16, 0, 0, 1, 0
NOTE, 11, 1, 4, 1, 0, 0, 1
NOTE, 11, 5, 16, 0, 1, 0, 0
NOTE, 11, 3, 8, 0, 0, 1, 0
NOTE, 11, 7, 16, 0, 0, 0, 1
NOTE, 11, 15, 32, 0, 0, 1, 0
NOTE, 11, 1, 2, 1, 1, 0, 0
NOTE, 11, 5, 8, 0, 0, 1, 0
NOTE, 11, 3, 4, 1, 0, 0, 1
NOTE, 11, 7, 8, 0, 1, 0, 0
NOTE, 11, 31, 32, 0, 0, 1, 0
NOTE, 11, 63, 64, 0, 1, 0, 0
NOTE, 12, 0, 1, 1, 0, 0, 1
NOTE, 12, 1, 8, 0, 1, 0, 0
NOTE, 12, 3, 16, 0, 0, 1, 0
NOTE, 12, 1, 4, 1, 0, 0, 1
NOTE, 12, 7, 16, 0, 1, 0, 0
NOTE, 12, 15, 32, 1, 0, 0, 0
NOTE, 12, 1, 2, 0, 0, 1, 1
NOTE, 12, 5, 8, 0, 1, 0, 0
NOTE, 12, 3, 4, 1, 0, 1, 0
NOTE, 12, 7, 8, 0, 0, 0, 1
NOTE, 12, 15, 16, 0, 0, 1, 0
NOTE, 12, 23, 24, 0, 1, 0, 0
NOTE, 12, 47, 48, 1, 0, 0, 0
NOTE, 13, 0, 1, 0, 0, 1, 1
NOTE, 13, 1, 8, 1, 0, 0, 0
NOTE, 13, 3, 16, 0, 1, 0, 0
NOTE, 13, 1, 4, 1, 0, 1, 0
NOTE, 13, 3, 8, 0, 0, 0, 1
NOTE, 13, 7, 16, 0, 1, 0, 0
NOTE, 13, 11, 24, 0, 0, 1, 0
NOTE, 13, 23, 48, 0, 0, 0, 1
NOTE, 13, 1, 2, 1, 1, 0, 0
NOTE, 13, 5, 8, 0, 0, 1, 0
NOTE, 13, 11, 16, 0, 1, 0, 0
NOTE, 13, 3, 4, 1, 0, 0, 1
NOTE, 13, 13, 16, 0, 1, 0, 0
NOTE, 13, 7, 8, 0, 0, 1, 1
NOTE, 14, 0, 1, 1, 1, 1, 0
NOTE, 14, 1, 8, 1, 0, 0, 1
NOTE, 14, 1, 4, 0, 0, 1, 0
NOTE, 14, 1, 3, 0, 1, 0, 0
NOTE, 14, 3, 8, 1, 0, 0, 1
NOTE, 14, 1, 2, 0, 0, 1, 1
NOTE, 14, 5, 8, 1, 1, 0, 0
NOTE, 14, 3, 4, 0, 0, 1, 0
NOTE, 14, 25, 32, 1, 0, 0, 1
NOTE, 14, 13, 16, 0, 1, 0, 0
NOTE, 14, 7, 8, 1, 0, 0, 1
NOTE, 14, 15, 16, 0, 0, 1, 0
NOTE, 15, 0, 1, 1, 1, 0, 1
NOTE, 15, 1, 4, 1, 0, 0, 1
NOTE, 15, 5, 16, 0, 1, 0, 0
NOTE, 15, 3, 8, 0, 0, 1, 0
NOTE, 15, 7, 16, 0, 0, 0, 1
NOTE, 15, 1, 2, 1, 1, 1, 0
NOTE, 15, 11, 16, 0, 0, 1, 1
NOTE, 15, 13, 16, 1, 0, 0, 0
NOTE, 15, 7, 8, 0, 1, 0, 0
NOTE, 15, 15, 16, 0, 0, 0, 1
NOTE, 15, 23, 24, 0, 0, 1, 0
NOTE, 15, 47, 48, 0, 1, 0, 0
NOTE, 16, 0, 1, 1, 0, 0, 1
NOTE, 16, 1, 8, 0, 0, 1, 0
NOTE, 16, 1, 4, 0, 1, 0, 1
NOTE, 16, 7, 16, 0, 0, 1, 0
NOTE, 16, 1, 2, 1, 1, 0, 1
NOTE, 16, 9, 16, 0, 0, 1, 0
NOTE, 16, 5, 8, 0, 1, 0, 1
NOTE, 16, 11, 16, 1, 0, 0, 0
NOTE, 16, 3, 4, 0, 1, 1, 0
NOTE, 16, 13, 16, 0, 0, 0, 1
NOTE, 16, 7, 8, 1, 0, 1, 0
NOTE, 16, 15, 16, 0, 1, 0, 0
NOTE, 17, 0, 1, 1, 0, 1, 1
NOTE, 17, 1, 8, 0, 1, 0, 0
NOTE, 17, 3, 16, 0, 0, 1, 0
NOTE, 17, 1, 4, 1, 0, 0, 1
NOTE, 17, 5, 16, 0, 1, 0, 0
NOTE, 17, 3, 8, 1, 0, 1, 1
NOTE, 17, 7, 16, 1, 1, 0, 1
NOTE, 17, 9, 16, 0, 1, 0, 0
NOTE, 17, 5, 8, 0, 0, 1, 1
NOTE, 17, 11, 16, 1, 0, 0, 0
NOTE, 17, 3, 4, 0, 1, 0, 1
NOTE, 17, 13, 16, 1, 0, 1, 0
NOTE, 17, 7, 8, 0, 1, 0, 1
NOTE, 17, 15, 16, 0, 0, 1, 0
NOTE, 18, 0, 1, 1, 1, 0, 1
NOTE, 18, 1, 8, 0, 0, 1, 0
NOTE, 18, 1, 4, 0, 1, 0, 1
NOTE, 18, 5, 16, 1, 0, 1, 0
NOTE, 18, 3, 8, 0, 1, 0, 0
NOTE, 18, 7, 16, 1, 0, 1, 1
NOTE, 18, 9, 16, 0, 1, 0, 0
NOTE, 18, 5, 8, 1, 0, 0, 1
NOTE, 18, 11, 16, 0, 1, 0, 0
NOTE, 18, 3, 4, 1, 0, 1, 0
NOTE, 18, 13, 16, 0, 0, 0, 1
NOTE, 18, 7, 8, 1, 1, 0, 0
NOTE, 18, 15, 16, 0, 0, 1, 0
NOTE, 19, 0, 1, 2, 1, 0, 1
NOTE, 19, 1, 32, 0, 0, 4, 0
NOTE, 19, 1, 16, 0, 0, 4, 0
NOTE, 19, 3, 32, 0, 0, 4, 0
NOTE, 19, 1, 8, 0, 0, 4, 0
NOTE, 19, 5, 32, 0, 0, 4, 0
NOTE, 19, 3, 16, 0, 0, 4, 0
NOTE, 19, 7, 32, 0, 0, 4, 0
NOTE, 19, 1, 4, 0, 4, 1, 0
NOTE, 19, 9, 32, 0, 0, 4, 0
NOTE, 19, 5, 16, 0, 4, 4, 0
NOTE, 19, 11, 32, 0, 0, 4, 0
NOTE, 19, 3, 8, 0, 1, 4, 1
NOTE, 19, 13, 32, 0, 0, 4, 0
NOTE, 19, 7, 16, 0, 0, 4, 0
NOTE, 19, 15, 32, 0, 0, 4, 0
NOTE, 19, 1, 2, 0, 0, 4, 0
NOTE, 19, 17, 32, 0, 0, 4, 0
NOTE, 19, 9, 16, 0, 0, 4, 0
NOTE, 19, 19, 32, 0, 0, 4, 0
NOTE, 19, 5, 8, 0, 0, 4, 1
NOTE, 19, 21, 32, 0, 0, 4, 0
NOTE, 19, 11, 16, 0, 0, 4, 0
NOTE, 19, 23, 32, 0, 0, 4, 0
NOTE, 19, 3, 4, 0, 1, 4, 0
NOTE, 19, 25, 32, 0, 0, 4, 0
NOTE, 19, 13, 16, 0, 0, 4, 0
NOTE, 19, 27, 32, 0, 0, 4, 0
NOTE, 19, 7, 8, 0, 0, 4, 1
NOTE, 19, 29, 32, 0, 0, 4, 0
NOTE, 19, 15, 16, 0, 0, 0, 4
NOTE, 19, 31, 32, 0, 0, 0, 4
NOTE, 20, 0, 1, 3, 1, 1, 1
NOTE, 20, 1, 8, 0, 1, 1, 1
NOTE, 20, 3, 8, 1, 0, 1, 2
NOTE, 20, 9, 16, 0, 0, 1, 0
NOTE, 20, 5, 8, 1, 1, 0, 0
NOTE, 20, 3, 4, 0, 1, 1, 0
NOTE, 20, 13, 16, 1, 0, 1, 0
NOTE, 20, 7, 8, 1, 1, 0, 0
NOTE, 21, 0, 1, 2, 1, 1, 3
NOTE, 21, 1, 8, 0, 0, 0, 1
NOTE, 21, 1, 4, 0, 1, 1, 1
NOTE, 21, 3, 8, 0, 0, 1, 0
NOTE, 21, 7, 16, 0, 1, 0, 0
NOTE, 21, 1, 2, 0, 0, 0, 1
NOTE, 21, 5, 8, 0, 0, 1, 1
NOTE, 21, 3, 4, 0, 1, 1, 1
NOTE, 21, 7, 8, 0, 0, 1, 1
NOTE, 22, 0, 1, 3, 1, 2, 0
NOTE, 22, 1, 8, 0, 0, 0, 1
NOTE, 22, 1, 4, 1, 1, 0, 1
NOTE, 22, 3, 8, 1, 0, 0, 0
NOTE, 22, 7, 16, 0, 1, 0, 0
NOTE, 22, 1, 2, 2, 0, 3, 1
NOTE, 22, 5, 8, 0, 2, 0, 1
NOTE, 22, 3, 4, 3, 3, 1, 2
NOTE, 22, 7, 8, 1, 0, 2, 0
NOTE, 23, 0, 1, 2, 1, 3, 3
NOTE, 23, 1, 8, 0, 0, 0, 1
NOTE, 23, 1, 4, 0, 1, 1, 1
NOTE, 23, 3, 8, 0, 0, 1, 0
NOTE, 23, 7, 16, 0, 1, 0, 0
NOTE, 23, 1, 2, 0, 0, 0, 1
NOTE, 23, 5, 8, 0, 0, 1, 1
NOTE, 23, 3, 4, 3, 2, 1, 1
NOTE, 23, 7, 8, 1, 3, 2, 0
NOTE, 24, 0, 1, 1, 1, 3, 2
NOTE, 24, 1, 8, 2, 0, 1, 0
NOTE, 24, 1, 4, 3, 1, 1, 3
NOTE, 24, 3, 8, 0, 1, 2, 0
NOTE, 24, 5, 8, 1, 0, 0, 1
NOTE, 24, 3, 4, 1, 1, 3, 0
NOTE, 24, 13, 16, 0, 0, 1, 1
NOTE, 24, 7, 8, 1, 1, 0, 0
NOTE, 25, 0, 1, 1, 0, 1, 1
NOTE, 25, 1, 8, 0, 0, 1, 0
NOTE, 25, 1, 4, 1, 1, 0, 1
NOTE, 25, 3, 8, 0, 0, 1, 0
NOTE, 25, 7, 16, 1, 0, 0, 0
NOTE, 25, 1, 2, 0, 1, 0, 1
NOTE, 25, 5, 8, 1, 0, 1, 0
NOTE, 25, 3, 4, 1, 1, 0, 1
NOTE, 25, 7, 8, 0, 0, 1, 0
NOTE, 25, 15, 16, 0, 1, 0, 0
NOTE, 26, 0, 1, 0, 0, 1, 1
NOTE, 26, 1, 8, 1, 0, 0, 0
NOTE, 26, 1, 4, 1, 1, 0, 1
NOTE, 26, 3, 8, 0, 0, 1, 1
NOTE, 26, 7, 16, 1, 0, 0, 0
NOTE, 26, 1, 2, 0, 1, 1, 0
NOTE, 26, 5, 8, 1, 0, 0, 1
NOTE, 26, 3, 4, 0, 1, 1, 1
NOTE, 26, 7, 8, 1, 1, 0, 0
NOTE, 26, 15, 16, 0, 0, 0, 1
NOTE, 27, 0, 1, 1, 2, 1, 0
NOTE, 27, 1, 8, 0, 0, 0, 1
NOTE, 27, 1, 4, 1, 0, 1, 1
NOTE, 27, 3, 8, 0, 0, 1, 0
NOTE, 27, 7, 16, 1, 0, 0, 0
NOTE, 27, 1, 2, 0, 3, 2, 1
NOTE, 27, 5, 8, 1, 1, 0, 0
NOTE, 27, 3, 4, 1, 1, 0, 1
NOTE, 27, 7, 8, 0, 1, 0, 0
NOTE, 28, 0, 1, 1, 0, 3, 2
NOTE, 28, 1, 8, 0, 0, 1, 0
NOTE, 28, 1, 4, 1, 1, 1, 0
NOTE, 28, 3, 8, 1, 0, 0, 0
NOTE, 28, 7, 16, 0, 1, 0, 0
NOTE, 28, 1, 2, 1, 0, 1, 0
NOTE, 28, 9, 16, 0, 1, 0, 0
NOTE, 28, 5, 8, 1, 0, 1, 0
NOTE, 28, 3, 4, 2, 1, 1, 3
NOTE, 28, 7, 8, 0, 0, 0, 1
NOTE, 28, 15, 16, 0, 0, 1, 0
NOTE, 29, 0, 1, 3, 2, 0, 1
NOTE, 29, 1, 8, 0, 0, 1, 0
NOTE, 29, 1, 4, 1, 0, 1, 1
NOTE, 29, 3, 8, 1, 0, 0, 0
NOTE, 29, 1, 2, 0, 0, 1, 1
NOTE, 29, 5, 8, 1, 0, 0, 1
NOTE, 29, 3, 4, 1, 0, 1, 2
NOTE, 29, 7, 8, 0, 0, 1, 0
NOTE, 30, 0, 1, 2, 3, 2, 3
NOTE, 30, 1, 8, 3, 0, 3, 0
NOTE, 30, 1, 4, 1, 2, 1, 1
NOTE, 30, 3, 8, 0, 0, 2, 0
NOTE, 30, 7, 16, 2, 0, 3, 0
NOTE, 30, 1, 2, 0, 0, 0, 2
NOTE, 30, 3, 4, 3, 0, 2, 3
NOTE, 31, 0, 1, 2, 3, 3, 2
NOTE, 31, 3, 4, 3, 0, 0, 3
NOTE, 31, 57, 64, 0, 0, 1, 0
NOTE, 31, 59, 64, 0, 1, 0, 0
NOTE, 31, 61, 64, 0, 0, 0, 1
NOTE, 31, 63, 64, 0, 0, 1, 0
NOTE, 32, 1, 64, 1, 0, 0, 0
NOTE, 32, 3, 64, 0, 1, 0, 0
NOTE, 32, 5, 64, 0, 0, 1, 1
