BPM, 180.00
OFFSET, -0.651
KeyMode: 4
SPEED, 1.0
NOTE, 1, 0, 1, 0, 0, 0, 1
NOTE, 1, 1, 4, 0, 0, 0, 1
NOTE, 1, 1, 2, 1, 1, 0, 1
NOTE, 1, 5, 8, 1, 0, 0, 0
NOTE, 1, 11, 16, 0, 0, 1, 0
NOTE, 1, 3, 4, 1, 1, 0, 1
NOTE, 2, 0, 1, 0, 1, 1, 0
NOTE, 2, 1, 8, 0, 0, 0, 1
NOTE, 2, 3, 16, 0, 1, 0, 0
NOTE, 2, 1, 4, 1, 0, 1, 1
NOTE, 2, 3, 8, 0, 0, 1, 0
NOTE, 2, 1, 2, 1, 0, 1, 0
NOTE, 2, 5, 8, 1, 0, 0, 0
NOTE, 2, 11, 16, 0, 0, 1, 0
NOTE, 2, 3, 4, 1, 1, 0, 1
NOTE, 2, 7, 8, 0, 1, 0, 0
NOTE, 3, 0, 1, 0, 1, 0, 1
NOTE, 3, 1, 8, 0, 0, 0, 1
NOTE, 3, 3, 16, 0, 0, 1, 0
NOTE, 3, 1, 4, 1, 1, 0, 1
NOTE, 3, 3, 8, 1, 0, 0, 0
NOTE, 3, 1, 2, 0, 1, 1, 0
NOTE, 3, 5, 8, 0, 1, 0, 0
NOTE, 3, 11, 16, 0, 0, 1, 0
NOTE, 3, 3, 4, 1, 1, 0, 1
NOTE, 3, 7, 8, 0, 0, 1, 0
NOTE, 4, 0, 1, 0, 1, 1, 0
NOTE, 4, 1, 8, 1, 0, 0, 0
NOTE, 4, 3, 16, 0, 0, 1, 0
NOTE, 4, 1, 4, 1, 1, 0, 1
NOTE, 4, 3, 8, 0, 1, 0, 0
NOTE, 4, 1, 2, 0, 1, 0, 1
NOTE, 4, 5, 8, 0, 0, 0, 1
NOTE, 4, 11, 16, 0, 1, 0, 0
NOTE, 4, 3, 4, 1, 0, 1, 1
NOTE, 4, 7, 8, 0, 0, 1, 0
NOTE, 5, 0, 1, 1, 0, 1, 0
NOTE, 5, 1, 8, 1, 0, 0, 0
NOTE, 5, 3, 16, 0, 1, 0, 0
NOTE, 5, 1, 4, 1, 0, 1, 1
NOTE, 5, 3, 8, 0, 0, 0, 1
NOTE, 5, 1, 2, 0, 1, 1, 0
NOTE, 5, 5, 8, 0, 0, 1, 0
NOTE, 5, 11, 16, 0, 1, 0, 0
NOTE, 5, 3, 4, 1, 0, 1, 1
NOTE, 5, 7, 8, 1, 0, 0, 0
NOTE, 6, 0, 1, 1, 1, 0, 1
NOTE, 6, 1, 8, 0, 0, 1, 0
NOTE, 6, 3, 16, 0, 1, 0, 0
NOTE, 6, 1, 4, 1, 0, 1, 1
NOTE, 6, 3, 8, 0, 1, 0, 0
NOTE, 6, 1, 2, 0, 1, 1, 0
NOTE, 6, 5, 8, 0, 0, 1, 0
NOTE, 6, 11, 16, 1, 0, 0, 0
NOTE, 6, 3, 4, 0, 1, 1, 1
NOTE, 6, 7, 8, 0, 0, 0, 1
NOTE, 7, 0, 1, 0, 1, 0, 1
NOTE, 7, 1, 8, 0, 1, 0, 0
NOTE, 7, 3, 16, 0, 0, 1, 0
NOTE, 7, 1, 4, 1, 1, 0, 1
NOTE, 7, 3, 8, 0, 1, 0, 0
NOTE, 7, 1, 2, 1, 0, 1, 1
NOTE, 7, 5, 8, 0, 0, 1, 0
NOTE, 7, 11, 16, 0, 1, 0, 0
NOTE, 7, 3, 4, 1, 0, 1, 1
NOTE, 7, 7, 8, 0, 1, 0, 0
NOTE, 8, 0, 1, 0, 2, 2, 2
NOTE, 8, 1, 8, 0, 3, 3, 3
NOTE, 8, 1, 4, 2, 2, 2, 0
NOTE, 8, 3, 8, 3, 3, 3, 0
NOTE, 8, 1, 2, 2, 2, 0, 2
NOTE, 8, 9, 16, 3, 3, 0, 3
NOTE, 8, 5, 8, 2, 2, 2, 0
NOTE, 8, 11, 16, 3, 3, 3, 0
NOTE, 8, 3, 4, 2, 2, 0, 2
NOTE, 8, 7, 8, 3, 3, 0, 3
NOTE, 9, 0, 1, 2, 0, 2, 2
NOTE, 9, 1, 8, 3, 1, 3, 3
NOTE, 9, 1, 4, 0, 0, 1, 0
NOTE, 9, 3, 8, 0, 1, 0, 0
NOTE, 9, 1, 2, 0, 0, 0, 1
NOTE, 9, 5, 8, 1, 1, 1, 0
NOTE, 9, 3, 4, 1, 1, 1, 0
NOTE, 9, 7, 8, 1, 1, 1, 0
NOTE, 10, 0, 1, 2, 0, 1, 1
NOTE, 10, 1, 8, 3, 2, 0, 0
NOTE, 10, 1, 4, 1, 3, 2, 1
NOTE, 10, 3, 8, 0, 0, 3, 2
NOTE, 10, 1, 2, 0, 2, 1, 3
NOTE, 10, 5, 8, 1, 3, 0, 0
NOTE, 10, 2, 3, 0, 0, 1, 0
NOTE, 10, 17, 24, 0, 1, 0, 0
NOTE, 10, 3, 4, 1, 0, 1, 2
NOTE, 10, 7, 8, 0, 2, 0, 3
NOTE, 11, 0, 1, 0, 3, 2, 1
NOTE, 11, 1, 8, 2, 0, 3, 0
NOTE, 11, 1, 4, 3, 1, 1, 2
NOTE, 11, 3, 8, 0, 2, 0, 3
NOTE, 11, 1, 2, 1, 3, 2, 0
NOTE, 11, 5, 8, 0, 0, 3, 1
NOTE, 11, 3, 4, 2, 1, 0, 1
NOTE, 11, 7, 8, 3, 0, 2, 0
NOTE, 12, 0, 1, 0, 2, 3, 1
NOTE, 12, 1, 8, 1, 3, 0, 0
NOTE, 12, 1, 4, 2, 1, 0, 1
NOTE, 12, 3, 8, 3, 0, 2, 0
NOTE, 12, 1, 2, 0, 2, 3, 1
NOTE, 12, 5, 8, 0, 3, 1, 0
NOTE, 12, 2, 3, 1, 0, 0, 0
NOTE, 12, 17, 24, 0, 1, 0, 0
NOTE, 12, 3, 4, 2, 0, 1, 1
NOTE, 12, 7, 8, 3, 2, 0, 0
NOTE, 13, 0, 1, 1, 3, 0, 2
NOTE, 13, 1, 8, 0, 0, 2, 3
NOTE, 13, 1, 4, 1, 2, 3, 1
NOTE, 13, 3, 8, 2, 3, 0, 0
NOTE, 13, 1, 2, 3, 0, 1, 2
NOTE, 13, 5, 8, 0, 1, 0, 3
NOTE, 13, 11, 16, 0, 1, 0, 0
NOTE, 13, 3, 4, 1, 0, 2, 1
NOTE, 13, 7, 8, 0, 1, 3, 0
NOTE, 14, 0, 1, 1, 1, 0, 2
NOTE, 14, 1, 8, 0, 0, 2, 3
NOTE, 14, 1, 4, 1, 2, 3, 1
NOTE, 14, 3, 8, 2, 3, 0, 0
NOTE, 14, 1, 2, 3, 1, 2, 0
NOTE, 14, 5, 8, 0, 0, 3, 1
NOTE, 14, 2, 3, 0, 1, 0, 0
NOTE, 14, 17, 24, 0, 0, 1, 0
NOTE, 14, 3, 4, 2, 1, 0, 1
NOTE, 14, 7, 8, 3, 0, 2, 0
NOTE, 15, 0, 1, 1, 2, 3, 0
NOTE, 15, 1, 8, 0, 3, 0, 2
NOTE, 15, 1, 4, 2, 1, 1, 3
NOTE, 15, 3, 8, 3, 0, 2, 0
NOTE, 15, 1, 2, 0, 2, 3, 1
NOTE, 15, 5, 8, 1, 3, 0, 0
NOTE, 15, 3, 4, 1, 0, 1, 2
NOTE, 15, 7, 8, 0, 2, 0, 3
NOTE, 16, 0, 1, 1, 3, 2, 0
NOTE, 16, 1, 8, 0, 1, 3, 0
NOTE, 16, 3, 16, 0, 1, 0, 0
NOTE, 16, 1, 4, 1, 0, 2, 1
NOTE, 16, 3, 8, 0, 0, 3, 2
NOTE, 16, 1, 2, 2, 1, 0, 3
NOTE, 16, 5, 8, 3, 0, 1, 0
NOTE, 16, 11, 16, 0, 0, 1, 0
NOTE, 16, 3, 4, 1, 2, 0, 1
NOTE, 16, 7, 8, 2, 3, 0, 0
NOTE, 17, 0, 1, 3, 1, 0, 2
NOTE, 17, 1, 8, 0, 0, 1, 0
NOTE, 17, 1, 4, 1, 1, 1, 0
NOTE, 17, 3, 8, 0, 1, 0, 0
NOTE, 17, 1, 2, 1, 0, 1, 3
NOTE, 17, 5, 8, 0, 2, 0, 2
NOTE, 17, 11, 16, 0, 3, 0, 3
NOTE, 17, 3, 4, 1, 2, 0, 2
NOTE, 17, 13, 16, 0, 3, 0, 3
NOTE, 17, 7, 8, 0, 2, 0, 1
NOTE, 17, 15, 16, 0, 3, 0, 0
NOTE, 18, 0, 1, 1, 0, 2, 1
NOTE, 18, 1, 8, 0, 1, 3, 0
NOTE, 18, 1, 4, 0, 2, 1, 1
NOTE, 18, 3, 8, 1, 3, 0, 0
NOTE, 18, 1, 2, 2, 0, 0, 1
NOTE, 18, 5, 8, 3, 0, 2, 0
NOTE, 18, 3, 4, 1, 1, 3, 1
NOTE, 18, 7, 8, 0, 0, 0, 2
NOTE, 19, 0, 1, 1, 0, 1, 0
NOTE, 19, 1, 16, 0, 0, 0, 3
NOTE, 19, 1, 8, 0, 2, 0, 0
NOTE, 19, 1, 4, 1, 3, 1, 2
NOTE, 19, 3, 8, 0, 1, 0, 3
NOTE, 19, 1, 2, 0, 1, 2, 0
NOTE, 19, 5, 8, 0, 0, 3, 2
NOTE, 19, 3, 4, 1, 1, 1, 3
NOTE, 19, 7, 8, 0, 0, 2, 0
NOTE, 20, 0, 1, 2, 1, 3, 0
NOTE, 20, 1, 8, 3, 0, 0, 2
NOTE, 20, 1, 4, 1, 2, 1, 3
NOTE, 20, 3, 8, 0, 3, 0, 1
NOTE, 20, 1, 2, 1, 0, 0, 2
NOTE, 20, 5, 8, 0, 2, 0, 3
NOTE, 20, 11, 16, 0, 3, 0, 0
NOTE, 20, 3, 4, 1, 1, 1, 0
NOTE, 20, 7, 8, 0, 0, 2, 0
NOTE, 21, 0, 1, 1, 0, 0, 1
NOTE, 21, 1, 16, 0, 0, 3, 0
NOTE, 21, 1, 8, 0, 1, 0, 0
NOTE, 21, 3, 16, 0, 0, 1, 0
NOTE, 21, 1, 4, 1, 2, 0, 1
NOTE, 21, 3, 8, 0, 3, 0, 1
NOTE, 21, 1, 2, 1, 0, 0, 1
NOTE, 21, 5, 8, 2, 0, 0, 0
NOTE, 21, 3, 4, 0, 2, 0, 1
NOTE, 21, 7, 8, 0, 0, 1, 0
NOTE, 21, 15, 16, 3, 3, 0, 0
NOTE, 22, 0, 1, 1, 0, 2, 1
NOTE, 22, 1, 8, 0, 1, 3, 0
NOTE, 22, 1, 4, 1, 1, 0, 2
NOTE, 22, 3, 8, 0, 0, 1, 3
NOTE, 22, 1, 2, 0, 2, 1, 0
NOTE, 22, 5, 8, 0, 3, 0, 2
NOTE, 22, 3, 4, 1, 1, 1, 3
NOTE, 22, 7, 8, 2, 0, 0, 0
NOTE, 22, 15, 16, 3, 0, 0, 0
NOTE, 23, 0, 1, 1, 0, 2, 0
NOTE, 23, 1, 16, 0, 0, 3, 0
NOTE, 23, 1, 8, 0, 0, 2, 0
NOTE, 23, 3, 16, 0, 0, 3, 0
NOTE, 23, 1, 4, 1, 1, 2, 0
NOTE, 23, 3, 8, 0, 1, 3, 0
NOTE, 23, 1, 2, 2, 0, 0, 1
NOTE, 23, 5, 8, 3, 2, 0, 0
NOTE, 23, 3, 4, 1, 3, 1, 1
NOTE, 23, 7, 8, 0, 0, 2, 0
NOTE, 24, 0, 1, 1, 2, 3, 0
NOTE, 24, 1, 8, 0, 3, 0, 1
NOTE, 24, 1, 4, 1, 0, 1, 2
NOTE, 24, 3, 8, 0, 1, 0, 3
NOTE, 24, 1, 2, 0, 2, 1, 0
NOTE, 24, 5, 8, 0, 3, 0, 2
NOTE, 24, 11, 16, 0, 0, 0, 3
NOTE, 24, 3, 4, 1, 1, 0, 1
NOTE, 24, 7, 8, 2, 0, 1, 1
NOTE, 25, 1, 8, 3, 1, 0, 1
NOTE, 25, 3, 16, 0, 0, 1, 0
NOTE, 25, 1, 4, 1, 2, 0, 1
NOTE, 25, 3, 8, 0, 3, 1, 0
NOTE, 25, 7, 16, 0, 1, 0, 0
NOTE, 25, 1, 2, 1, 0, 0, 2
NOTE, 25, 5, 8, 0, 1, 0, 0
NOTE, 25, 11, 16, 0, 0, 1, 3
NOTE, 25, 3, 4, 1, 0, 0, 1
NOTE, 25, 7, 8, 1, 0, 0, 1
NOTE, 26, 0, 1, 1, 2, 0, 1
NOTE, 26, 1, 8, 0, 0, 2, 0
NOTE, 26, 3, 16, 0, 3, 3, 0
NOTE, 26, 1, 4, 1, 1, 2, 0
NOTE, 26, 3, 8, 0, 0, 3, 1
NOTE, 26, 1, 2, 2, 0, 1, 1
NOTE, 26, 9, 16, 0, 2, 0, 0
NOTE, 26, 5, 8, 0, 0, 2, 0
NOTE, 26, 11, 16, 3, 3, 3, 0
NOTE, 26, 3, 4, 0, 2, 2, 2
NOTE, 26, 13, 16, 0, 0, 0, 3
NOTE, 26, 7, 8, 1, 0, 3, 0
NOTE, 26, 15, 16, 0, 3, 0, 0
NOTE, 27, 0, 1, 2, 0, 0, 1
NOTE, 27, 1, 8, 3, 0, 1, 2
NOTE, 27, 1, 4, 0, 1, 1, 0
NOTE, 27, 3, 8, 1, 1, 0, 3
NOTE, 27, 1, 2, 2, 0, 0, 2
NOTE, 27, 9, 16, 3, 0, 0, 3
NOTE, 27, 5, 8, 2, 0, 1, 0
NOTE, 27, 11, 16, 3, 0, 1, 0
NOTE, 27, 3, 4, 0, 2, 0, 2
NOTE, 27, 7, 8, 1, 3, 1, 0
NOTE, 27, 15, 16, 0, 0, 0, 3
NOTE, 28, 0, 1, 0, 1, 2, 0
NOTE, 28, 1, 8, 0, 0, 0, 2
NOTE, 28, 3, 16, 0, 0, 3, 3
NOTE, 28, 1, 4, 1, 0, 1, 2
NOTE, 28, 3, 8, 0, 1, 0, 0
NOTE, 28, 7, 16, 0, 0, 0, 3
NOTE, 28, 1, 2, 1, 2, 0, 0
NOTE, 28, 9, 16, 0, 3, 2, 0
NOTE, 28, 5, 8, 0, 2, 0, 0
NOTE, 28, 11, 16, 2, 0, 3, 0
NOTE, 28, 3, 4, 0, 0, 1, 1
NOTE, 28, 13, 16, 3, 0, 0, 0
NOTE, 28, 7, 8, 0, 3, 2, 0
NOTE, 28, 15, 16, 0, 0, 3, 2
NOTE, 29, 0, 1, 1, 1, 0, 3
NOTE, 29, 1, 8, 1, 0, 1, 0
NOTE, 29, 1, 4, 1, 1, 1, 0
NOTE, 29, 3, 8, 0, 1, 1, 0
NOTE, 29, 1, 2, 0, 0, 1, 1
NOTE, 29, 9, 16, 0, 1, 0, 0
NOTE, 29, 5, 8, 1, 0, 0, 1
NOTE, 29, 11, 16, 0, 1, 0, 0
NOTE, 29, 3, 4, 0, 0, 1, 1
NOTE, 29, 13, 16, 0, 1, 0, 0
NOTE, 29, 7, 8, 1, 0, 0, 1
NOTE, 29, 15, 16, 0, 1, 0, 0
NOTE, 30, 0, 1, 1, 0, 2, 1
NOTE, 30, 1, 8, 0, 2, 0, 0
NOTE, 30, 3, 16, 0, 3, 3, 0
NOTE, 30, 1, 4, 1, 2, 1, 0
NOTE, 30, 3, 8, 0, 0, 0, 1
NOTE, 30, 7, 16, 0, 3, 0, 0
NOTE, 30, 1, 2, 1, 0, 0, 2
NOTE, 30, 5, 8, 0, 0, 2, 0
NOTE, 30, 11, 16, 0, 0, 0, 3
NOTE, 30, 3, 4, 1, 1, 0, 1
NOTE, 30, 13, 16, 0, 0, 3, 0
NOTE, 30, 7, 8, 0, 0, 1, 0
NOTE, 31, 0, 1, 2, 0, 0, 1
NOTE, 31, 1, 8, 0, 1, 0, 0
NOTE, 31, 3, 16, 3, 0, 0, 0
NOTE, 31, 1, 4, 2, 1, 1, 0
NOTE, 31, 3, 8, 0, 0, 1, 0
NOTE, 31, 7, 16, 3, 0, 0, 0
NOTE, 31, 1, 2, 2, 0, 0, 2
NOTE, 31, 9, 16, 3, 0, 0, 3
NOTE, 31, 5, 8, 0, 0, 2, 2
NOTE, 31, 11, 16, 0, 1, 3, 3
NOTE, 31, 3, 4, 2, 0, 1, 2
NOTE, 31, 13, 16, 3, 0, 0, 3
NOTE, 31, 7, 8, 2, 2, 0, 0
NOTE, 31, 15, 16, 3, 3, 0, 0
NOTE, 32, 0, 1, 0, 2, 1, 0
NOTE, 32, 1, 8, 0, 0, 0, 2
NOTE, 32, 3, 16, 0, 3, 0, 3
NOTE, 32, 1, 4, 0, 1, 1, 2
NOTE, 32, 3, 8, 1, 0, 0, 3
NOTE, 32, 1, 2, 2, 0, 0, 1
NOTE, 32, 5, 8, 0, 0, 1, 0
NOTE, 32, 11, 16, 3, 2, 0, 0
NOTE, 32, 3, 4, 1, 0, 2, 1
NOTE, 32, 7, 8, 0, 3, 3, 2
NOTE, 32, 15, 16, 0, 0, 0, 3
NOTE, 33, 0, 1, 2, 1, 0, 0
NOTE, 33, 1, 16, 3, 0, 0, 0
NOTE, 33, 1, 8, 1, 0, 0, 1
NOTE, 33, 3, 16, 0, 1, 1, 0
NOTE, 33, 1, 4, 1, 0, 0, 2
NOTE, 33, 5, 16, 0, 0, 0, 3
NOTE, 33, 3, 8, 0, 0, 1, 1
NOTE, 33, 7, 16, 0, 1, 0, 0
NOTE, 33, 1, 2, 2, 0, 1, 1
NOTE, 33, 5, 8, 0, 1, 0, 0
NOTE, 33, 11, 16, 0, 0, 0, 1
NOTE, 33, 3, 4, 3, 1, 1, 0
NOTE, 33, 7, 8, 1, 0, 0, 1
NOTE, 33, 15, 16, 0, 0, 1, 0
NOTE, 34, 0, 1, 1, 1, 0, 2
NOTE, 34, 1, 8, 0, 0, 1, 0
NOTE, 34, 1, 4, 0, 1, 0, 3
NOTE, 34, 3, 8, 2, 0, 0, 1
NOTE, 34, 7, 16, 3, 0, 0, 0
NOTE, 34, 1, 2, 2, 0, 1, 0
NOTE, 34, 5, 8, 3, 1, 0, 0
NOTE, 34, 3, 4, 1, 0, 2, 1
NOTE, 34, 7, 8, 0, 1, 3, 0
NOTE, 35, 0, 1, 0, 2, 1, 0
NOTE, 35, 1, 8, 1, 0, 0, 0
NOTE, 35, 1, 4, 0, 3, 0, 1
NOTE, 35, 3, 8, 1, 0, 2, 0
NOTE, 35, 7, 16, 0, 0, 3, 0
NOTE, 35, 1, 2, 0, 0, 2, 1
NOTE, 35, 5, 8, 0, 1, 3, 0
NOTE, 35, 3, 4, 2, 0, 1, 1
NOTE, 35, 7, 8, 3, 0, 0, 2
NOTE, 36, 0, 1, 1, 2, 0, 3
NOTE, 36, 1, 8, 0, 0, 1, 0
NOTE, 36, 1, 4, 0, 3, 0, 1
NOTE, 36, 3, 8, 1, 0, 2, 0
NOTE, 36, 1, 2, 1, 1, 3, 0
NOTE, 36, 5, 8, 0, 0, 1, 0
NOTE, 36, 2, 3, 0, 0, 0, 2
NOTE, 36, 3, 4, 1, 1, 1, 3
NOTE, 36, 5, 6, 0, 0, 0, 2
NOTE, 36, 7, 8, 0, 1, 0, 0
NOTE, 36, 11, 12, 0, 0, 0, 3
NOTE, 37, 0, 1, 0, 2, 1, 0
NOTE, 37, 1, 8, 1, 0, 0, 0
NOTE, 37, 1, 4, 0, 3, 0, 1
NOTE, 37, 3, 8, 2, 0, 1, 0
NOTE, 37, 7, 16, 3, 2, 0, 0
NOTE, 37, 1, 2, 2, 3, 1, 0
NOTE, 37, 5, 8, 3, 0, 0, 1
NOTE, 37, 3, 4, 1, 2, 1, 0
NOTE, 37, 7, 8, 0, 3, 0, 1
NOTE, 38, 0, 1, 1, 0, 1, 2
NOTE, 38, 1, 8, 0, 2, 0, 3
NOTE, 38, 1, 4, 1, 3, 2, 1
NOTE, 38, 3, 8, 2, 0, 3, 0
NOTE, 38, 1, 2, 3, 0, 1, 2
NOTE, 38, 5, 8, 1, 1, 0, 0
NOTE, 38, 3, 4, 1, 1, 1, 3
NOTE, 38, 7, 8, 0, 0, 0, 1
NOTE, 39, 0, 1, 2, 1, 0, 1
NOTE, 39, 1, 8, 3, 0, 2, 0
NOTE, 39, 1, 4, 1, 2, 3, 1
NOTE, 39, 3, 8, 0, 3, 0, 2
NOTE, 39, 1, 2, 2, 1, 0, 3
NOTE, 39, 5, 8, 3, 0, 1, 1
NOTE, 39, 3, 4, 1, 0, 2, 1
NOTE, 39, 7, 8, 0, 1, 3, 0
NOTE, 40, 0, 1, 1, 0, 1, 2
NOTE, 40, 1, 8, 0, 1, 0, 0
NOTE, 40, 1, 4, 1, 1, 1, 0
NOTE, 40, 3, 8, 0, 0, 1, 0
NOTE, 40, 1, 2, 1, 1, 0, 3
NOTE, 40, 5, 8, 0, 0, 1, 0
NOTE, 40, 11, 16, 0, 1, 0, 0
NOTE, 40, 3, 4, 1, 0, 1, 1
NOTE, 40, 7, 8, 0, 0, 0, 1
NOTE, 41, 0, 1, 0, 1, 1, 0
NOTE, 41, 1, 8, 1, 0, 0, 0
NOTE, 41, 1, 4, 1, 0, 1, 1
NOTE, 41, 3, 8, 0, 0, 0, 1
NOTE, 41, 1, 2, 1, 1, 0, 0
NOTE, 41, 5, 8, 0, 0, 1, 0
NOTE, 41, 11, 16, 0, 1, 0, 0
NOTE, 41, 3, 4, 1, 0, 1, 1
NOTE, 41, 7, 8, 1, 0, 0, 0
NOTE, 42, 0, 1, 0, 1, 1, 1
NOTE, 42, 1, 8, 1, 0, 0, 0
NOTE, 42, 3, 16, 0, 1, 0, 0
NOTE, 42, 1, 4, 1, 0, 1, 1
NOTE, 42, 3, 8, 0, 1, 1, 0
NOTE, 42, 1, 2, 1, 1, 0, 0
NOTE, 42, 5, 8, 0, 0, 1, 1
NOTE, 42, 11, 16, 0, 0, 1, 1
NOTE, 42, 3, 4, 1, 1, 0, 0
NOTE, 42, 7, 8, 1, 0, 1, 1
NOTE, 43, 0, 1, 0, 1, 1, 0
NOTE, 43, 1, 8, 1, 1, 0, 1
NOTE, 43, 1, 4, 0, 0, 1, 1
NOTE, 43, 3, 8, 1, 1, 1, 0
NOTE, 43, 1, 2, 1, 1, 0, 0
NOTE, 43, 5, 8, 1, 0, 1, 1
NOTE, 43, 3, 4, 1, 0, 1, 1
NOTE, 43, 7, 8, 2, 0, 1, 1
NOTE, 43, 15, 16, 3, 0, 0, 0
NOTE, 44, 0, 1, 1, 2, 0, 1
NOTE, 44, 1, 8, 0, 3, 1, 0
NOTE, 44, 3, 16, 0, 1, 0, 0
NOTE, 44, 1, 4, 1, 0, 1, 2
NOTE, 44, 5, 16, 0, 0, 0, 3
NOTE, 44, 3, 8, 0, 2, 0, 0
NOTE, 44, 7, 16, 0, 3, 0, 0
NOTE, 44, 1, 2, 0, 1, 2, 0
NOTE, 44, 5, 8, 0, 0, 3, 1
NOTE, 44, 11, 16, 0, 0, 1, 0
NOTE, 44, 3, 4, 2, 1, 0, 1
NOTE, 44, 13, 16, 3, 0, 0, 0
NOTE, 44, 7, 8, 0, 0, 2, 0
NOTE, 44, 15, 16, 0, 0, 3, 0
NOTE, 45, 0, 1, 0, 2, 1, 0
NOTE, 45, 1, 8, 1, 3, 0, 0
NOTE, 45, 3, 16, 0, 1, 0, 0
NOTE, 45, 1, 4, 1, 0, 1, 2
NOTE, 45, 5, 16, 0, 0, 0, 3
NOTE, 45, 3, 8, 0, 0, 0, 2
NOTE, 45, 1, 2, 1, 1, 0, 3
NOTE, 45, 5, 8, 0, 2, 0, 0
NOTE, 45, 3, 4, 1, 3, 2, 1
NOTE, 45, 13, 16, 0, 0, 3, 0
NOTE, 45, 7, 8, 0, 0, 2, 0
NOTE, 46, 0, 1, 1, 1, 3, 0
NOTE, 46, 1, 8, 0, 2, 0, 0
NOTE, 46, 1, 4, 1, 3, 1, 1
NOTE, 46, 3, 8, 0, 2, 0, 0
NOTE, 46, 7, 16, 0, 3, 0, 0
NOTE, 46, 1, 2, 0, 2, 0, 1
NOTE, 46, 5, 8, 0, 3, 1, 0
NOTE, 46, 2, 3, 1, 0, 0, 0
NOTE, 46, 17, 24, 0, 0, 0, 1
NOTE, 46, 3, 4, 2, 1, 1, 0
NOTE, 46, 7, 8, 3, 0, 0, 2
NOTE, 47, 0, 1, 2, 2, 0, 3
NOTE, 47, 1, 16, 3, 3, 0, 0
NOTE, 47, 1, 8, 2, 0, 0, 0
NOTE, 47, 3, 16, 3, 0, 0, 0
NOTE, 47, 1, 4, 2, 0, 1, 2
NOTE, 47, 3, 8, 3, 0, 1, 0
NOTE, 47, 1, 2, 2, 2, 0, 3
NOTE, 47, 9, 16, 3, 3, 0, 0
NOTE, 47, 5, 8, 0, 2, 0, 0
NOTE, 47, 11, 16, 0, 3, 0, 0
NOTE, 47, 3, 4, 0, 2, 1, 2
NOTE, 47, 7, 8, 2, 0, 0, 3
NOTE, 47, 15, 16, 3, 3, 0, 0
NOTE, 48, 0, 1, 1, 0, 2, 1
NOTE, 48, 1, 8, 0, 1, 3, 0
NOTE, 48, 3, 16, 0, 0, 1, 0
NOTE, 48, 1, 4, 2, 1, 0, 1
NOTE, 48, 5, 16, 3, 0, 0, 0
NOTE, 48, 3, 8, 0, 0, 2, 0
NOTE, 48, 7, 16, 0, 0, 3, 0
NOTE, 48, 1, 2, 0, 2, 1, 0
NOTE, 48, 5, 8, 1, 3, 0, 0
NOTE, 48, 11, 16, 0, 1, 0, 0
NOTE, 48, 3, 4, 1, 0, 1, 2
NOTE, 48, 13, 16, 0, 0, 0, 3
NOTE, 48, 7, 8, 0, 2, 0, 0
NOTE, 48, 15, 16, 0, 3, 0, 0
NOTE, 49, 0, 1, 0, 1, 2, 0
NOTE, 49, 1, 8, 0, 0, 3, 1
NOTE, 49, 3, 16, 0, 0, 1, 0
NOTE, 49, 1, 4, 1, 1, 0, 2
NOTE, 49, 3, 8, 2, 0, 0, 3
NOTE, 49, 1, 2, 3, 0, 2, 2
NOTE, 49, 9, 16, 0, 2, 3, 0
NOTE, 49, 5, 8, 0, 0, 2, 3
NOTE, 49, 11, 16, 0, 3, 0, 0
NOTE, 49, 3, 4, 1, 1, 3, 1
NOTE, 49, 7, 8, 0, 2, 2, 0
NOTE, 50, 0, 1, 1, 3, 3, 1
NOTE, 50, 1, 8, 0, 0, 0, 2
NOTE, 50, 1, 4, 2, 2, 1, 3
NOTE, 50, 3, 8, 3, 3, 0, 2
NOTE, 50, 1, 2, 0, 1, 2, 3
NOTE, 50, 5, 8, 2, 0, 0, 0
NOTE, 50, 11, 16, 3, 0, 3, 0
NOTE, 50, 3, 4, 1, 0, 2, 1
NOTE, 50, 7, 8, 0, 2, 3, 0
NOTE, 51, 0, 1, 1, 3, 1, 0
NOTE, 51, 1, 8, 0, 0, 0, 2
NOTE, 51, 3, 16, 1, 0, 0, 3
NOTE, 51, 1, 4, 0, 1, 1, 2
NOTE, 51, 3, 8, 1, 0, 0, 3
NOTE, 51, 1, 2, 1, 2, 1, 0
NOTE, 51, 5, 8, 0, 3, 0, 1
NOTE, 51, 11, 16, 0, 0, 1, 0
NOTE, 51, 3, 4, 2, 1, 0, 1
NOTE, 51, 7, 8, 3, 0, 1, 0
NOTE, 52, 0, 1, 1, 0, 2, 2
NOTE, 52, 1, 8, 0, 2, 0, 3
NOTE, 52, 3, 16, 0, 3, 3, 0
NOTE, 52, 1, 4, 2, 2, 0, 1
NOTE, 52, 3, 8, 3, 0, 2, 0
NOTE, 52, 7, 16, 0, 3, 3, 0
NOTE, 52, 1, 2, 2, 0, 1, 2
NOTE, 52, 5, 8, 0, 2, 0, 3
NOTE, 52, 11, 16, 3, 3, 0, 0
NOTE, 52, 3, 4, 2, 1, 0, 2
NOTE, 52, 7, 8, 0, 0, 2, 0
NOTE, 52, 15, 16, 3, 0, 3, 3
NOTE, 53, 0, 1, 2, 0, 2, 1
NOTE, 53, 1, 8, 3, 1, 3, 0
NOTE, 53, 1, 4, 2, 2, 0, 2
NOTE, 53, 3, 8, 3, 3, 1, 3
NOTE, 53, 1, 2, 2, 2, 2, 0
NOTE, 53, 5, 8, 3, 3, 0, 1
NOTE, 53, 3, 4, 1, 0, 0, 1
NOTE, 53, 7, 8, 0, 1, 3, 0
NOTE, 54, 0, 1, 1, 2, 2, 0
NOTE, 54, 1, 16, 0, 0, 3, 0
NOTE, 54, 1, 8, 0, 0, 0, 2
NOTE, 54, 3, 16, 0, 3, 0, 3
NOTE, 54, 1, 4, 0, 2, 2, 1
NOTE, 54, 5, 16, 0, 3, 0, 0
NOTE, 54, 3, 8, 2, 0, 0, 0
NOTE, 54, 7, 16, 3, 0, 3, 0
NOTE, 54, 1, 2, 2, 1, 0, 1
NOTE, 54, 5, 8, 0, 0, 2, 0
NOTE, 54, 11, 16, 3, 0, 0, 0
NOTE, 54, 3, 4, 2, 1, 0, 1
NOTE, 54, 13, 16, 0, 0, 3, 0
NOTE, 54, 7, 8, 0, 0, 2, 0
NOTE, 54, 15, 16, 3, 0, 3, 0
NOTE, 55, 0, 1, 1, 0, 1, 2
NOTE, 55, 1, 8, 0, 1, 0, 3
NOTE, 55, 1, 4, 2, 2, 0, 2
NOTE, 55, 3, 8, 3, 3, 1, 3
NOTE, 55, 1, 2, 2, 2, 2, 0
NOTE, 55, 5, 8, 3, 3, 0, 1
NOTE, 55, 3, 4, 1, 0, 0, 1
NOTE, 55, 7, 8, 0, 1, 3, 0
NOTE, 56, 0, 1, 2, 2, 0, 1
NOTE, 56, 1, 8, 3, 0, 2, 0
NOTE, 56, 3, 16, 0, 3, 3, 0
NOTE, 56, 1, 4, 1, 0, 2, 2
NOTE, 56, 3, 8, 0, 2, 0, 3
NOTE, 56, 7, 16, 0, 3, 3, 0
NOTE, 56, 1, 2, 2, 1, 0, 2
NOTE, 56, 5, 8, 3, 0, 2, 0
NOTE, 56, 11, 16, 0, 0, 3, 3
NOTE, 56, 3, 4, 2, 0, 1, 2
NOTE, 56, 7, 8, 0, 2, 0, 0
NOTE, 56, 15, 16, 3, 3, 0, 3
NOTE, 57, 0, 1, 1, 2, 0, 2
NOTE, 57, 1, 8, 0, 3, 1, 3
NOTE, 57, 1, 4, 2, 0, 2, 2
NOTE, 57, 3, 8, 3, 1, 3, 3
NOTE, 57, 1, 2, 0, 2, 2, 2
NOTE, 57, 5, 8, 1, 0, 3, 3
NOTE, 57, 11, 16, 1, 0, 0, 0
NOTE, 57, 3, 4, 0, 0, 1, 1
NOTE, 57, 7, 8, 1, 3, 0, 1
NOTE, 58, 0, 1, 2, 2, 2, 0
NOTE, 58, 1, 8, 3, 3, 3, 0
NOTE, 58, 1, 4, 2, 0, 2, 2
NOTE, 58, 3, 8, 3, 0, 3, 3
NOTE, 58, 1, 2, 0, 2, 2, 2
NOTE, 58, 9, 16, 0, 3, 3, 3
NOTE, 58, 5, 8, 2, 0, 2, 2
NOTE, 58, 11, 16, 3, 0, 3, 3
NOTE, 58, 3, 4, 0, 2, 2, 2
NOTE, 58, 7, 8, 0, 3, 3, 3
NOTE, 59, 0, 1, 2, 2, 0, 2
NOTE, 59, 1, 8, 3, 3, 1, 3
NOTE, 59, 1, 4, 0, 1, 0, 0
NOTE, 59, 3, 8, 0, 0, 1, 0
NOTE, 59, 1, 2, 1, 0, 0, 0
NOTE, 59, 5, 8, 0, 1, 1, 1
NOTE, 59, 3, 4, 0, 1, 1, 1
NOTE, 59, 7, 8, 0, 1, 1, 1
NOTE, 60, 0, 1, 2, 0, 1, 1
NOTE, 60, 1, 8, 3, 2, 0, 0
NOTE, 60, 1, 4, 1, 3, 2, 1
NOTE, 60, 3, 8, 0, 0, 3, 2
NOTE, 60, 1, 2, 0, 2, 1, 3
NOTE, 60, 5, 8, 1, 3, 0, 0
NOTE, 60, 2, 3, 0, 0, 1, 0
NOTE, 60, 17, 24, 0, 1, 0, 0
NOTE, 60, 3, 4, 1, 0, 1, 2
NOTE, 60, 7, 8, 0, 2, 0, 3
NOTE, 61, 0, 1, 0, 3, 2, 1
NOTE, 61, 1, 8, 2, 0, 3, 0
NOTE, 61, 1, 4, 3, 1, 1, 2
NOTE, 61, 3, 8, 0, 2, 0, 3
NOTE, 61, 1, 2, 1, 3, 2, 0
NOTE, 61, 5, 8, 0, 0, 3, 1
NOTE, 61, 3, 4, 2, 1, 0, 1
NOTE, 61, 7, 8, 3, 0, 2, 0
NOTE, 62, 0, 1, 0, 2, 3, 1
NOTE, 62, 1, 8, 1, 3, 0, 0
NOTE, 62, 1, 4, 2, 1, 0, 1
NOTE, 62, 3, 8, 3, 0, 2, 0
NOTE, 62, 1, 2, 0, 2, 3, 1
NOTE, 62, 5, 8, 0, 3, 1, 0
NOTE, 62, 2, 3, 1, 0, 0, 0
NOTE, 62, 17, 24, 0, 1, 0, 0
NOTE, 62, 3, 4, 2, 0, 1, 1
NOTE, 62, 7, 8, 3, 2, 0, 0
NOTE, 63, 0, 1, 1, 3, 0, 2
NOTE, 63, 1, 8, 0, 0, 2, 3
NOTE, 63, 1, 4, 1, 2, 3, 1
NOTE, 63, 3, 8, 2, 3, 0, 0
NOTE, 63, 1, 2, 3, 0, 1, 2
NOTE, 63, 5, 8, 0, 1, 0, 3
NOTE, 63, 11, 16, 0, 1, 0, 0
NOTE, 63, 3, 4, 1, 0, 2, 1
NOTE, 63, 7, 8, 0, 1, 3, 0
NOTE, 64, 0, 1, 1, 1, 0, 2
NOTE, 64, 1, 8, 0, 0, 2, 3
NOTE, 64, 1, 4, 1, 2, 3, 1
NOTE, 64, 3, 8, 2, 3, 0, 0
NOTE, 64, 1, 2, 3, 1, 2, 0
NOTE, 64, 5, 8, 0, 0, 3, 1
NOTE, 64, 2, 3, 0, 1, 0, 0
NOTE, 64, 17, 24, 0, 0, 1, 0
NOTE, 64, 3, 4, 2, 1, 0, 1
NOTE, 64, 7, 8, 3, 0, 2, 0
NOTE, 65, 0, 1, 1, 2, 3, 0
NOTE, 65, 1, 8, 0, 3, 0, 2
NOTE, 65, 1, 4, 2, 1, 1, 3
NOTE, 65, 3, 8, 3, 0, 2, 0
NOTE, 65, 1, 2, 0, 2, 3, 1
NOTE, 65, 5, 8, 1, 3, 0, 0
NOTE, 65, 3, 4, 1, 0, 1, 2
NOTE, 65, 7, 8, 0, 2, 0, 3
NOTE, 66, 0, 1, 1, 3, 2, 0
NOTE, 66, 1, 8, 0, 1, 3, 0
NOTE, 66, 3, 16, 0, 1, 0, 0
NOTE, 66, 1, 4, 1, 0, 2, 1
NOTE, 66, 3, 8, 0, 0, 3, 2
NOTE, 66, 1, 2, 2, 1, 0, 3
NOTE, 66, 5, 8, 3, 0, 1, 0
NOTE, 66, 11, 16, 0, 0, 1, 0
NOTE, 66, 3, 4, 1, 2, 0, 1
NOTE, 66, 7, 8, 2, 3, 0, 0
NOTE, 67, 0, 1, 3, 1, 0, 2
NOTE, 67, 1, 8, 0, 0, 1, 0
NOTE, 67, 1, 4, 1, 1, 1, 0
NOTE, 67, 3, 8, 0, 1, 0, 0
NOTE, 67, 1, 2, 1, 0, 1, 3
NOTE, 67, 5, 8, 1, 1, 0, 1
NOTE, 67, 3, 4, 1, 1, 0, 1
NOTE, 67, 7, 8, 0, 1, 1, 1
NOTE, 68, 0, 1, 2, 2, 2, 0
NOTE, 68, 1, 16, 0, 0, 3, 0
NOTE, 68, 1, 8, 0, 3, 0, 2
NOTE, 68, 3, 16, 3, 0, 0, 0
NOTE, 68, 1, 4, 2, 2, 0, 3
NOTE, 68, 3, 8, 3, 3, 2, 0
NOTE, 68, 1, 2, 2, 2, 3, 2
NOTE, 68, 9, 16, 3, 0, 0, 0
NOTE, 68, 5, 8, 2, 3, 0, 0
NOTE, 68, 11, 16, 0, 0, 0, 3
NOTE, 68, 3, 4, 3, 1, 1, 1
NOTE, 68, 7, 8, 2, 0, 2, 0
NOTE, 68, 15, 16, 3, 0, 0, 0
NOTE, 69, 0, 1, 2, 2, 3, 2
NOTE, 69, 1, 16, 0, 3, 0, 0
NOTE, 69, 1, 8, 3, 0, 2, 0
NOTE, 69, 3, 16, 0, 0, 0, 3
NOTE, 69, 1, 4, 2, 2, 3, 0
NOTE, 69, 3, 8, 3, 3, 0, 2
NOTE, 69, 1, 2, 2, 2, 2, 3
NOTE, 69, 9, 16, 3, 0, 0, 0
NOTE, 69, 5, 8, 2, 3, 0, 0
NOTE, 69, 11, 16, 0, 0, 3, 0
NOTE, 69, 3, 4, 3, 1, 1, 1
NOTE, 69, 7, 8, 0, 2, 0, 2
NOTE, 69, 15, 16, 0, 3, 0, 0
NOTE, 70, 0, 1, 2, 2, 2, 3
NOTE, 70, 1, 16, 0, 0, 3, 0
NOTE, 70, 1, 8, 0, 3, 0, 2
NOTE, 70, 3, 16, 3, 0, 0, 0
NOTE, 70, 1, 4, 2, 2, 0, 3
NOTE, 70, 3, 8, 3, 3, 2, 0
NOTE, 70, 1, 2, 2, 2, 3, 2
NOTE, 70, 9, 16, 3, 0, 0, 0
NOTE, 70, 5, 8, 2, 3, 0, 0
NOTE, 70, 11, 16, 0, 0, 0, 3
NOTE, 70, 3, 4, 3, 1, 1, 1
NOTE, 70, 7, 8, 2, 0, 2, 0
NOTE, 70, 15, 16, 3, 0, 0, 0
NOTE, 71, 0, 1, 2, 2, 3, 2
NOTE, 71, 1, 16, 0, 3, 0, 0
NOTE, 71, 1, 8, 3, 0, 2, 0
NOTE, 71, 3, 16, 0, 0, 0, 3
NOTE, 71, 1, 4, 2, 2, 3, 0
NOTE, 71, 3, 8, 3, 3, 0, 2
NOTE, 71, 1, 2, 2, 2, 2, 3
NOTE, 71, 9, 16, 3, 0, 0, 0
NOTE, 71, 5, 8, 2, 3, 0, 0
NOTE, 71, 11, 16, 0, 0, 3, 0
NOTE, 71, 3, 4, 3, 2, 0, 2
NOTE, 71, 13, 16, 0, 0, 2, 0
NOTE, 71, 7, 8, 2, 3, 0, 0
NOTE, 71, 15, 16, 0, 2, 3, 3
NOTE, 72, 0, 1, 3, 3, 2, 2
NOTE, 72, 1, 8, 0, 2, 3, 3
NOTE, 72, 1, 4, 2, 3, 0, 2
NOTE, 72, 3, 8, 3, 2, 2, 3
NOTE, 72, 7, 16, 0, 3, 0, 0
NOTE, 72, 1, 2, 2, 2, 3, 2
NOTE, 72, 9, 16, 0, 0, 0, 3
NOTE, 72, 5, 8, 0, 3, 0, 2
NOTE, 72, 11, 16, 3, 0, 0, 0
NOTE, 72, 3, 4, 1, 1, 1, 3
NOTE, 72, 7, 8, 0, 2, 2, 0
NOTE, 72, 15, 16, 0, 3, 0, 0
NOTE, 73, 0, 1, 2, 2, 3, 2
NOTE, 73, 1, 16, 3, 0, 0, 0
NOTE, 73, 1, 8, 2, 3, 0, 0
NOTE, 73, 3, 16, 0, 0, 0, 3
NOTE, 73, 1, 4, 3, 0, 2, 2
NOTE, 73, 3, 8, 0, 2, 3, 3
NOTE, 73, 1, 2, 2, 3, 2, 2
NOTE, 73, 9, 16, 0, 0, 0, 3
NOTE, 73, 5, 8, 0, 0, 3, 2
NOTE, 73, 11, 16, 3, 0, 0, 0
NOTE, 73, 3, 4, 1, 1, 1, 3
NOTE, 73, 7, 8, 0, 2, 2, 0
NOTE, 73, 15, 16, 0, 0, 3, 0
NOTE, 74, 0, 1, 2, 3, 2, 2
NOTE, 74, 1, 16, 3, 0, 0, 0
NOTE, 74, 1, 8, 2, 0, 3, 0
NOTE, 74, 3, 16, 0, 0, 0, 3
NOTE, 74, 1, 4, 3, 2, 0, 2
NOTE, 74, 3, 8, 2, 3, 2, 3
NOTE, 74, 7, 16, 3, 0, 0, 0
NOTE, 74, 1, 2, 2, 2, 3, 2
NOTE, 74, 9, 16, 0, 0, 0, 3
NOTE, 74, 5, 8, 0, 3, 1, 2
NOTE, 74, 11, 16, 3, 0, 0, 0
NOTE, 74, 3, 4, 1, 1, 1, 3
NOTE, 74, 7, 8, 2, 0, 2, 2
NOTE, 75, 1, 16, 3, 0, 3, 3
NOTE, 75, 1, 8, 1, 1, 0, 0
NOTE, 75, 3, 16, 0, 0, 1, 1
NOTE, 75, 1, 4, 1, 1, 0, 0
NOTE, 75, 3, 8, 1, 0, 0, 1
NOTE, 75, 7, 16, 0, 0, 1, 0
NOTE, 75, 1, 2, 0, 1, 0, 1
NOTE, 75, 5, 8, 1, 0, 1, 0
NOTE, 75, 11, 16, 0, 0, 0, 1
NOTE, 75, 3, 4, 1, 1, 1, 0
NOTE, 75, 7, 8, 1, 1, 1, 0
NOTE, 76, 0, 1, 2, 2, 0, 2
NOTE, 76, 1, 16, 3, 0, 0, 0
NOTE, 76, 1, 8, 2, 3, 0, 0
NOTE, 76, 3, 16, 0, 0, 0, 3
NOTE, 76, 1, 4, 0, 2, 2, 2
NOTE, 76, 5, 16, 3, 0, 0, 0
NOTE, 76, 3, 8, 1, 3, 0, 0
NOTE, 76, 7, 16, 0, 0, 3, 0
NOTE, 76, 1, 2, 2, 0, 2, 3
NOTE, 76, 9, 16, 0, 0, 3, 0
NOTE, 76, 5, 8, 0, 0, 0, 2
NOTE, 76, 11, 16, 3, 0, 2, 0
NOTE, 76, 3, 4, 2, 2, 0, 3
NOTE, 76, 13, 16, 3, 0, 0, 2
NOTE, 76, 7, 8, 1, 3, 0, 0
NOTE, 76, 15, 16, 0, 0, 3, 0
NOTE, 77, 0, 1, 2, 2, 0, 3
NOTE, 77, 1, 8, 0, 3, 2, 2
NOTE, 77, 3, 16, 3, 0, 0, 0
NOTE, 77, 1, 4, 2, 2, 3, 0
NOTE, 77, 5, 16, 0, 0, 0, 3
NOTE, 77, 3, 8, 0, 3, 2, 2
NOTE, 77, 7, 16, 3, 0, 0, 0
NOTE, 77, 1, 2, 2, 2, 3, 0
NOTE, 77, 9, 16, 3, 0, 0, 3
NOTE, 77, 5, 8, 0, 3, 2, 2
NOTE, 77, 11, 16, 2, 2, 3, 0
NOTE, 77, 3, 4, 3, 0, 2, 0
NOTE, 77, 13, 16, 0, 3, 0, 3
NOTE, 77, 7, 8, 2, 0, 3, 2
NOTE, 78, 0, 1, 0, 2, 2, 3
NOTE, 78, 1, 16, 0, 0, 3, 0
NOTE, 78, 1, 8, 0, 3, 2, 0
NOTE, 78, 3, 16, 3, 0, 0, 0
NOTE, 78, 1, 4, 2, 2, 3, 2
NOTE, 78, 3, 8, 3, 0, 1, 0
NOTE, 78, 7, 16, 0, 3, 0, 0
NOTE, 78, 1, 2, 2, 0, 1, 3
NOTE, 78, 9, 16, 0, 2, 0, 0
NOTE, 78, 5, 8, 3, 0, 2, 0
NOTE, 78, 11, 16, 2, 0, 0, 0
NOTE, 78, 3, 4, 0, 0, 3, 1
NOTE, 78, 13, 16, 0, 3, 0, 0
NOTE, 78, 7, 8, 3, 0, 2, 0
NOTE, 78, 15, 16, 0, 0, 3, 0
NOTE, 79, 0, 1, 2, 0, 0, 2
NOTE, 79, 1, 16, 0, 2, 0, 0
NOTE, 79, 1, 8, 3, 0, 2, 3
NOTE, 79, 3, 16, 0, 3, 3, 0
NOTE, 79, 1, 4, 2, 0, 0, 2
NOTE, 79, 5, 16, 0, 0, 2, 0
NOTE, 79, 3, 8, 3, 2, 0, 3
NOTE, 79, 7, 16, 0, 3, 3, 0
NOTE, 79, 1, 2, 2, 0, 2, 2
NOTE, 79, 9, 16, 0, 2, 3, 3
NOTE, 79, 5, 8, 3, 0, 2, 2
NOTE, 79, 11, 16, 0, 3, 3, 3
NOTE, 79, 3, 4, 2, 2, 0, 2
NOTE, 79, 13, 16, 3, 3, 2, 0
NOTE, 79, 7, 8, 2, 2, 0, 3
NOTE, 79, 15, 16, 3, 3, 3, 0
NOTE, 80, 0, 1, 0, 2, 2, 2
NOTE, 80, 1, 16, 0, 3, 0, 0
NOTE, 80, 1, 8, 0, 2, 3, 0
NOTE, 80, 3, 16, 0, 0, 0, 3
NOTE, 80, 1, 4, 2, 3, 2, 2
NOTE, 80, 3, 8, 3, 1, 0, 0
NOTE, 80, 7, 16, 0, 0, 3, 0
NOTE, 80, 1, 2, 2, 0, 1, 3
NOTE, 80, 9, 16, 0, 2, 0, 0
NOTE, 80, 5, 8, 3, 0, 0, 1
NOTE, 80, 11, 16, 0, 3, 2, 0
NOTE, 80, 3, 4, 1, 1, 0, 2
NOTE, 80, 7, 8, 1, 0, 3, 0
NOTE, 80, 15, 16, 0, 0, 0, 3
NOTE, 81, 0, 1, 2, 2, 0, 0
NOTE, 81, 1, 8, 0, 3, 0, 2
NOTE, 81, 3, 16, 3, 0, 2, 0
NOTE, 81, 1, 4, 2, 2, 3, 0
NOTE, 81, 5, 16, 0, 0, 0, 3
NOTE, 81, 3, 8, 3, 0, 0, 2
NOTE, 81, 7, 16, 0, 3, 2, 0
NOTE, 81, 1, 2, 2, 2, 3, 0
NOTE, 81, 9, 16, 0, 0, 0, 3
NOTE, 81, 5, 8, 0, 0, 0, 2
NOTE, 81, 11, 16, 0, 3, 2, 3
NOTE, 81, 3, 4, 3, 2, 3, 2
NOTE, 81, 7, 8, 2, 0, 2, 0
NOTE, 81, 15, 16, 3, 3, 3, 3
NOTE, 82, 0, 1, 0, 2, 2, 2
NOTE, 82, 1, 16, 0, 3, 0, 0
NOTE, 82, 1, 8, 0, 2, 3, 0
NOTE, 82, 3, 16, 0, 0, 0, 3
NOTE, 82, 1, 4, 2, 3, 2, 2
NOTE, 82, 3, 8, 3, 1, 0, 0
NOTE, 82, 7, 16, 0, 0, 3, 0
NOTE, 82, 1, 2, 2, 0, 1, 3
NOTE, 82, 9, 16, 0, 2, 0, 0
NOTE, 82, 5, 8, 3, 0, 0, 2
NOTE, 82, 11, 16, 0, 3, 0, 0
NOTE, 82, 3, 4, 1, 1, 2, 0
NOTE, 82, 7, 8, 1, 0, 0, 3
NOTE, 83, 0, 1, 2, 2, 3, 0
NOTE, 83, 1, 8, 3, 3, 2, 2
NOTE, 83, 3, 16, 0, 2, 3, 0
NOTE, 83, 1, 4, 2, 3, 2, 3
NOTE, 83, 3, 8, 3, 2, 3, 2
NOTE, 83, 7, 16, 0, 0, 2, 3
NOTE, 83, 1, 2, 2, 3, 3, 2
NOTE, 83, 5, 8, 3, 0, 1, 0
NOTE, 83, 11, 16, 1, 0, 0, 3
NOTE, 83, 3, 4, 0, 2, 2, 2
NOTE, 83, 13, 16, 0, 3, 0, 0
NOTE, 83, 7, 8, 2, 0, 3, 0
NOTE, 83, 15, 16, 3, 2, 0, 0
NOTE, 84, 0, 1, 2, 3, 1, 3
NOTE, 84, 1, 8, 0, 0, 0, 1
NOTE, 84, 1, 4, 0, 1, 0, 0
NOTE, 84, 3, 8, 0, 0, 1, 1
NOTE, 84, 1, 2, 3, 1, 1, 0
NOTE, 84, 5, 8, 0, 0, 0, 1
NOTE, 84, 3, 4, 1, 1, 1, 0
NOTE, 84, 7, 8, 0, 0, 1, 0
NOTE, 85, 0, 1, 1, 0, 0, 2
NOTE, 85, 1, 8, 0, 1, 0, 0
NOTE, 85, 1, 4, 0, 0, 1, 0
NOTE, 85, 3, 8, 1, 1, 0, 0
NOTE, 85, 1, 2, 1, 0, 1, 3
NOTE, 85, 3, 4, 1, 1, 1, 0
NOTE, 85, 7, 8, 0, 0, 0, 1
NOTE, 86, 0, 1, 0, 2, 1, 0
NOTE, 86, 1, 8, 0, 0, 0, 1
NOTE, 86, 1, 4, 1, 0, 0, 0
NOTE, 86, 3, 8, 0, 0, 1, 1
NOTE, 86, 1, 2, 1, 3, 0, 1
NOTE, 86, 5, 8, 0, 1, 0, 0
NOTE, 86, 2, 3, 0, 0, 1, 0
NOTE, 86, 3, 4, 1, 1, 0, 1
NOTE, 86, 5, 6, 0, 0, 1, 0
NOTE, 86, 7, 8, 1, 0, 0, 0
NOTE, 87, 0, 1, 0, 1, 2, 0
NOTE, 87, 1, 8, 0, 0, 0, 1
NOTE, 87, 1, 4, 1, 0, 0, 0
NOTE, 87, 3, 8, 0, 1, 0, 1
NOTE, 87, 1, 2, 1, 1, 3, 0
NOTE, 87, 5, 8, 0, 0, 1, 0
NOTE, 87, 3, 4, 1, 1, 0, 1
NOTE, 87, 7, 8, 0, 1, 0, 0
NOTE, 88, 0, 1, 1, 0, 1, 1
NOTE, 88, 1, 8, 0, 1, 1, 0
NOTE, 88, 3, 16, 0, 0, 0, 1
NOTE, 88, 1, 4, 1, 1, 0, 0
NOTE, 88, 3, 8, 0, 0, 1, 1
NOTE, 88, 1, 2, 1, 1, 1, 0
NOTE, 88, 5, 8, 0, 1, 1, 1
NOTE, 88, 3, 4, 1, 0, 1, 1
NOTE, 88, 7, 8, 1, 0, 0, 1
NOTE, 89, 0, 1, 1, 1, 1, 0
NOTE, 89, 1, 8, 0, 1, 0, 1
NOTE, 89, 3, 16, 0, 0, 1, 0
NOTE, 89, 1, 4, 1, 0, 0, 1
NOTE, 89, 3, 8, 1, 1, 0, 0
NOTE, 89, 1, 2, 0, 1, 1, 1
NOTE, 89, 5, 8, 1, 1, 1, 0
NOTE, 89, 3, 4, 1, 1, 0, 1
NOTE, 89, 7, 8, 0, 0, 1, 0
NOTE, 90, 0, 1, 0, 1, 1, 2
NOTE, 90, 1, 8, 2, 0, 0, 0
NOTE, 90, 3, 16, 0, 0, 0, 3
NOTE, 90, 1, 4, 3, 1, 2, 0
NOTE, 90, 3, 8, 0, 2, 0, 0
NOTE, 90, 7, 16, 0, 0, 3, 0
NOTE, 90, 1, 2, 1, 3, 0, 2
NOTE, 90, 5, 8, 0, 0, 2, 0
NOTE, 90, 11, 16, 0, 0, 0, 3
NOTE, 90, 3, 4, 2, 0, 3, 1
NOTE, 90, 7, 8, 0, 2, 0, 0
NOTE, 90, 15, 16, 3, 0, 0, 0
NOTE, 91, 0, 1, 0, 3, 1, 2
NOTE, 91, 1, 8, 2, 0, 0, 0
NOTE, 91, 3, 16, 0, 0, 0, 3
NOTE, 91, 1, 4, 3, 0, 2, 1
NOTE, 91, 3, 8, 0, 2, 0, 0
NOTE, 91, 7, 16, 0, 0, 3, 0
NOTE, 91, 1, 2, 2, 3, 1, 0
NOTE, 91, 5, 8, 0, 2, 0, 0
NOTE, 91, 11, 16, 3, 0, 2, 0
NOTE, 91, 3, 4, 1, 3, 3, 2
NOTE, 91, 7, 8, 0, 0, 2, 0
NOTE, 91, 15, 16, 0, 0, 0, 3
NOTE, 92, 0, 1, 1, 2, 3, 0
NOTE, 92, 1, 8, 0, 3, 0, 1
NOTE, 92, 3, 16, 0, 1, 1, 0
NOTE, 92, 1, 4, 1, 0, 0, 1
NOTE, 92, 3, 8, 1, 1, 1, 0
NOTE, 92, 1, 2, 0, 1, 1, 1
NOTE, 92, 5, 8, 1, 0, 0, 1
NOTE, 92, 11, 16, 0, 1, 0, 0
NOTE, 92, 3, 4, 0, 0, 1, 1
NOTE, 92, 7, 8, 1, 0, 1, 0
NOTE, 93, 0, 1, 1, 2, 0, 0
NOTE, 93, 1, 8, 0, 0, 1, 1
NOTE, 93, 1, 4, 1, 3, 0, 1
NOTE, 93, 3, 8, 0, 1, 1, 0
NOTE, 93, 7, 16, 0, 0, 0, 1
NOTE, 93, 1, 2, 1, 0, 1, 0
NOTE, 93, 5, 8, 1, 1, 0, 1
NOTE, 93, 3, 4, 1, 1, 0, 1
NOTE, 93, 7, 8, 1, 1, 0, 1
NOTE, 94, 0, 1, 1, 0, 2, 0
NOTE, 94, 1, 16, 0, 2, 0, 0
NOTE, 94, 1, 8, 0, 0, 3, 2
NOTE, 94, 3, 16, 0, 3, 2, 0
NOTE, 94, 1, 4, 2, 1, 3, 3
NOTE, 94, 3, 8, 0, 2, 0, 1
NOTE, 94, 7, 16, 3, 3, 0, 0
NOTE, 94, 1, 2, 1, 0, 2, 0
NOTE, 94, 9, 16, 0, 2, 0, 0
NOTE, 94, 5, 8, 0, 0, 3, 2
NOTE, 94, 11, 16, 0, 3, 2, 0
NOTE, 94, 3, 4, 2, 1, 3, 3
NOTE, 94, 7, 8, 0, 2, 0, 1
NOTE, 94, 15, 16, 3, 3, 0, 0
NOTE, 95, 0, 1, 1, 0, 2, 0
NOTE, 95, 1, 16, 0, 2, 0, 0
NOTE, 95, 1, 8, 0, 0, 3, 2
NOTE, 95, 3, 16, 0, 3, 2, 0
NOTE, 95, 1, 4, 2, 1, 3, 3
NOTE, 95, 5, 16, 3, 0, 0, 0
NOTE, 95, 3, 8, 2, 0, 1, 0
NOTE, 95, 1, 2, 0, 1, 0, 1
NOTE, 95, 5, 8, 3, 0, 2, 1
NOTE, 95, 3, 4, 1, 2, 3, 0
NOTE, 95, 7, 8, 1, 3, 2, 0
NOTE, 96, 0, 1, 0, 1, 3, 1
NOTE, 96, 1, 8, 2, 0, 1, 0
NOTE, 96, 1, 4, 3, 1, 0, 2
NOTE, 96, 3, 8, 1, 2, 0, 3
NOTE, 96, 1, 2, 2, 3, 0, 1
NOTE, 96, 5, 8, 3, 0, 2, 0
NOTE, 96, 11, 16, 0, 2, 3, 0
NOTE, 96, 3, 4, 1, 3, 0, 2
NOTE, 96, 7, 8, 0, 2, 1, 3
NOTE, 97, 0, 1, 1, 3, 2, 0
NOTE, 97, 1, 8, 2, 0, 3, 1
NOTE, 97, 1, 4, 3, 1, 0, 2
NOTE, 97, 5, 16, 0, 0, 2, 0
NOTE, 97, 3, 8, 2, 0, 0, 0
NOTE, 97, 7, 16, 0, 2, 0, 3
NOTE, 97, 1, 2, 3, 3, 3, 2
NOTE, 97, 5, 8, 0, 0, 2, 3
NOTE, 97, 3, 4, 2, 0, 3, 1
NOTE, 97, 13, 16, 0, 2, 0, 0
NOTE, 97, 7, 8, 0, 0, 0, 2
NOTE, 97, 15, 16, 3, 0, 2, 0
NOTE, 98, 0, 1, 2, 3, 3, 3
NOTE, 98, 1, 16, 0, 0, 2, 0
NOTE, 98, 1, 8, 3, 2, 0, 0
NOTE, 98, 3, 16, 2, 0, 3, 0
NOTE, 98, 1, 4, 3, 3, 1, 2
NOTE, 98, 3, 8, 0, 0, 2, 0
NOTE, 98, 7, 16, 0, 0, 3, 3
NOTE, 98, 1, 2, 1, 2, 0, 0
NOTE, 98, 9, 16, 0, 0, 0, 2
NOTE, 98, 5, 8, 0, 3, 2, 0
NOTE, 98, 11, 16, 0, 2, 0, 3
NOTE, 98, 3, 4, 2, 3, 3, 1
NOTE, 98, 7, 8, 0, 0, 0, 2
NOTE, 98, 15, 16, 3, 0, 0, 3
NOTE, 99, 0, 1, 0, 0, 2, 1
NOTE, 99, 1, 16, 2, 0, 0, 0
NOTE, 99, 1, 8, 0, 2, 3, 0
NOTE, 99, 3, 16, 3, 0, 2, 0
NOTE, 99, 1, 4, 1, 3, 3, 2
NOTE, 99, 3, 8, 0, 2, 0, 0
NOTE, 99, 7, 16, 0, 3, 0, 3
NOTE, 99, 1, 2, 0, 0, 2, 1
NOTE, 99, 5, 8, 0, 2, 3, 0
NOTE, 99, 11, 16, 0, 0, 2, 0
NOTE, 99, 3, 4, 1, 3, 3, 1
NOTE, 99, 7, 8, 2, 0, 0, 0
NOTE, 100, 0, 1, 0, 0, 1, 1
NOTE, 100, 1, 8, 3, 1, 2, 0
NOTE, 100, 1, 4, 1, 2, 3, 0
NOTE, 100, 3, 8, 0, 3, 2, 1
NOTE, 100, 1, 2, 1, 0, 3, 2
NOTE, 100, 5, 8, 2, 1, 0, 3
NOTE, 100, 3, 4, 3, 0, 2, 1
NOTE, 100, 7, 8, 1, 2, 3, 0
NOTE, 101, 0, 1, 0, 0, 1, 1
NOTE, 101, 1, 8, 1, 3, 0, 2
NOTE, 101, 3, 16, 0, 0, 2, 3
NOTE, 101, 1, 4, 2, 1, 3, 0
NOTE, 101, 3, 8, 0, 1, 0, 0
NOTE, 101, 1, 2, 3, 0, 2, 2
NOTE, 101, 5, 8, 0, 2, 0, 3
NOTE, 101, 11, 16, 0, 3, 3, 2
NOTE, 101, 3, 4, 2, 0, 2, 3
NOTE, 101, 13, 16, 3, 0, 0, 0
NOTE, 101, 7, 8, 2, 2, 0, 0
NOTE, 101, 15, 16, 3, 3, 3, 0
NOTE, 102, 0, 1, 2, 0, 2, 2
NOTE, 102, 1, 16, 0, 0, 3, 3
NOTE, 102, 1, 8, 0, 2, 0, 0
NOTE, 102, 3, 16, 3, 3, 0, 0
NOTE, 102, 1, 4, 2, 0, 2, 2
NOTE, 102, 5, 16, 0, 0, 3, 3
NOTE, 102, 3, 8, 0, 2, 0, 0
NOTE, 102, 7, 16, 3, 3, 0, 0
NOTE, 102, 1, 2, 2, 2, 0, 2
NOTE, 102, 9, 16, 3, 3, 0, 0
NOTE, 102, 5, 8, 0, 0, 2, 0
NOTE, 102, 11, 16, 0, 0, 3, 3
NOTE, 102, 3, 4, 2, 2, 0, 2
NOTE, 102, 13, 16, 3, 3, 0, 0
NOTE, 102, 7, 8, 0, 0, 2, 0
NOTE, 102, 15, 16, 0, 0, 3, 3
NOTE, 103, 0, 1, 0, 2, 2, 0
NOTE, 103, 1, 16, 0, 3, 0, 0
NOTE, 103, 1, 8, 2, 0, 0, 0
NOTE, 103, 3, 16, 3, 0, 0, 0
NOTE, 103, 1, 4, 2, 2, 3, 2
NOTE, 103, 5, 16, 0, 0, 0, 3
NOTE, 103, 3, 8, 0, 0, 2, 0
NOTE, 103, 7, 16, 3, 0, 3, 0
NOTE, 103, 1, 2, 2, 3, 2, 2
NOTE, 103, 5, 8, 3, 2, 0, 0
NOTE, 103, 11, 16, 2, 3, 0, 0
NOTE, 103, 3, 4, 3, 2, 3, 0
NOTE, 103, 13, 16, 0, 3, 0, 0
NOTE, 103, 7, 8, 0, 0, 2, 3
NOTE, 103, 15, 16, 0, 0, 3, 0
NOTE, 104, 0, 1, 2, 0, 2, 2
NOTE, 104, 1, 16, 0, 0, 0, 3
NOTE, 104, 1, 8, 0, 2, 0, 0
NOTE, 104, 3, 16, 3, 3, 3, 0
NOTE, 104, 1, 4, 2, 0, 2, 2
NOTE, 104, 5, 16, 0, 0, 0, 3
NOTE, 104, 3, 8, 0, 2, 0, 0
NOTE, 104, 7, 16, 3, 3, 3, 0
NOTE, 104, 1, 2, 2, 2, 0, 2
NOTE, 104, 9, 16, 3, 0, 0, 0
NOTE, 104, 5, 8, 0, 0, 2, 0
NOTE, 104, 11, 16, 0, 3, 3, 3
NOTE, 104, 3, 4, 2, 2, 0, 2
NOTE, 104, 13, 16, 3, 0, 0, 0
NOTE, 104, 7, 8, 0, 0, 2, 0
NOTE, 104, 15, 16, 0, 3, 3, 3
NOTE, 105, 0, 1, 0, 2, 2, 2
NOTE, 105, 1, 16, 0, 3, 0, 0
NOTE, 105, 1, 8, 2, 0, 0, 0
NOTE, 105, 3, 16, 3, 0, 0, 3
NOTE, 105, 1, 4, 2, 2, 3, 2
NOTE, 105, 5, 16, 0, 0, 0, 3
NOTE, 105, 3, 8, 0, 0, 2, 0
NOTE, 105, 7, 16, 3, 0, 3, 0
NOTE, 105, 1, 2, 2, 3, 2, 2
NOTE, 105, 5, 8, 3, 2, 0, 0
NOTE, 105, 11, 16, 0, 3, 0, 0
NOTE, 105, 3, 4, 2, 2, 3, 0
NOTE, 105, 13, 16, 3, 3, 0, 0
NOTE, 105, 7, 8, 0, 0, 2, 3
NOTE, 105, 15, 16, 0, 0, 3, 0
NOTE, 106, 0, 1, 2, 0, 2, 2
NOTE, 106, 1, 16, 0, 0, 3, 0
NOTE, 106, 1, 8, 0, 2, 0, 0
NOTE, 106, 3, 16, 3, 3, 0, 3
NOTE, 106, 1, 4, 2, 0, 2, 2
NOTE, 106, 5, 16, 0, 0, 3, 0
NOTE, 106, 3, 8, 0, 2, 0, 0
NOTE, 106, 7, 16, 3, 3, 0, 3
NOTE, 106, 1, 2, 2, 2, 0, 2
NOTE, 106, 9, 16, 3, 0, 0, 0
NOTE, 106, 5, 8, 0, 0, 2, 0
NOTE, 106, 11, 16, 0, 3, 3, 3
NOTE, 106, 3, 4, 2, 2, 0, 2
NOTE, 106, 13, 16, 3, 0, 0, 0
NOTE, 106, 7, 8, 0, 0, 2, 0
NOTE, 106, 15, 16, 0, 3, 3, 3
NOTE, 107, 0, 1, 0, 2, 2, 2
NOTE, 107, 1, 16, 0, 3, 0, 0
NOTE, 107, 1, 8, 2, 0, 0, 0
NOTE, 107, 3, 16, 3, 0, 0, 3
NOTE, 107, 1, 4, 2, 2, 3, 2
NOTE, 107, 5, 16, 0, 0, 0, 3
NOTE, 107, 3, 8, 0, 0, 2, 0
NOTE, 107, 7, 16, 3, 0, 3, 0
NOTE, 107, 1, 2, 2, 3, 2, 2
NOTE, 107, 5, 8, 3, 2, 0, 0
NOTE, 107, 11, 16, 2, 3, 0, 0
NOTE, 107, 3, 4, 3, 2, 3, 0
NOTE, 107, 13, 16, 0, 3, 0, 0
NOTE, 107, 7, 8, 0, 0, 2, 3
NOTE, 107, 15, 16, 0, 2, 3, 0
NOTE, 108, 0, 1, 2, 3, 2, 2
NOTE, 108, 1, 8, 3, 0, 3, 3
NOTE, 108, 1, 4, 2, 0, 2, 2
NOTE, 108, 3, 8, 3, 0, 3, 3
NOTE, 108, 1, 2, 2, 2, 0, 2
NOTE, 108, 9, 16, 3, 3, 0, 3
NOTE, 108, 5, 8, 0, 2, 2, 2
NOTE, 108, 11, 16, 0, 3, 3, 3
NOTE, 108, 3, 4, 2, 0, 2, 2
NOTE, 108, 7, 8, 3, 0, 3, 3
NOTE, 109, 0, 1, 2, 2, 0, 2
NOTE, 109, 1, 8, 3, 3, 0, 3
NOTE, 109, 5, 8, 1, 0, 1, 1
NOTE, 109, 3, 4, 1, 0, 1, 1
NOTE, 109, 7, 8, 1, 0, 1, 1
NOTE, 110, 0, 1, 1, 2, 0, 0
NOTE, 110, 1, 4, 0, 3, 0, 2
NOTE, 110, 3, 8, 0, 1, 0, 0
NOTE, 110, 1, 2, 1, 0, 2, 3
NOTE, 110, 3, 4, 0, 2, 3, 0
NOTE, 110, 7, 8, 0, 0, 0, 1
NOTE, 111, 0, 1, 2, 3, 0, 0
NOTE, 111, 1, 8, 0, 0, 1, 0
NOTE, 111, 1, 4, 3, 1, 0, 2
NOTE, 111, 3, 8, 0, 2, 0, 3
NOTE, 111, 1, 2, 1, 3, 2, 0
NOTE, 111, 3, 4, 0, 0, 0, 2
NOTE, 112, 0, 1, 2, 0, 3, 3
NOTE, 112, 1, 4, 3, 2, 0, 0
NOTE, 112, 3, 8, 0, 0, 1, 0
NOTE, 112, 1, 2, 1, 3, 0, 2
NOTE, 112, 3, 4, 0, 0, 2, 3
NOTE, 112, 7, 8, 0, 1, 0, 0
NOTE, 113, 0, 1, 2, 0, 3, 0
NOTE, 113, 1, 4, 3, 0, 1, 2
NOTE, 113, 3, 8, 0, 2, 0, 3
NOTE, 113, 1, 2, 1, 3, 2, 0
NOTE, 113, 3, 4, 2, 0, 0, 0
NOTE, 114, 0, 1, 3, 1, 3, 2
NOTE, 114, 1, 4, 0, 2, 0, 3
NOTE, 114, 3, 8, 0, 0, 0, 1
NOTE, 114, 1, 2, 1, 3, 2, 0
NOTE, 114, 5, 8, 0, 0, 0, 2
NOTE, 114, 3, 4, 2, 0, 3, 3
NOTE, 114, 7, 8, 0, 2, 0, 0
NOTE, 115, 0, 1, 3, 3, 2, 0
NOTE, 115, 1, 8, 1, 0, 0, 1
NOTE, 115, 1, 4, 0, 2, 3, 0
NOTE, 115, 3, 8, 0, 3, 0, 2
NOTE, 115, 1, 2, 2, 0, 1, 3
NOTE, 115, 5, 8, 0, 2, 0, 0
NOTE, 115, 3, 4, 3, 3, 0, 2
NOTE, 115, 7, 8, 0, 0, 2, 0
NOTE, 116, 0, 1, 1, 2, 3, 3
NOTE, 116, 1, 4, 0, 3, 0, 2
NOTE, 116, 3, 8, 2, 0, 0, 3
NOTE, 116, 1, 2, 3, 1, 2, 0
NOTE, 116, 3, 4, 0, 2, 3, 0
NOTE, 116, 7, 8, 0, 3, 0, 2
NOTE, 117, 0, 1, 2, 1, 0, 3
NOTE, 117, 1, 8, 0, 0, 1, 1
NOTE, 117, 1, 4, 3, 0, 2, 0
NOTE, 117, 3, 8, 0, 2, 3, 0
NOTE, 117, 1, 2, 2, 3, 2, 2
NOTE, 117, 9, 16, 3, 0, 3, 0
NOTE, 117, 5, 8, 0, 2, 2, 0
NOTE, 117, 11, 16, 0, 3, 3, 0
NOTE, 117, 3, 4, 2, 2, 0, 0
NOTE, 117, 13, 16, 3, 3, 0, 0
NOTE, 117, 7, 8, 2, 0, 2, 3
NOTE, 117, 15, 16, 3, 2, 3, 0
NOTE, 118, 0, 1, 1, 3, 1, 1
NOTE, 118, 1, 8, 0, 1, 0, 1
NOTE, 118, 1, 4, 2, 0, 2, 0
NOTE, 118, 3, 8, 3, 1, 3, 1
NOTE, 118, 1, 2, 0, 0, 1, 1
NOTE, 118, 5, 8, 1, 0, 1, 0
NOTE, 118, 3, 4, 2, 2, 0, 0
NOTE, 118, 7, 8, 3, 3, 1, 1
NOTE, 119, 0, 1, 0, 1, 0, 1
NOTE, 119, 1, 8, 1, 0, 1, 0
NOTE, 119, 3, 16, 0, 0, 1, 0
NOTE, 119, 1, 4, 0, 2, 0, 2
NOTE, 119, 3, 8, 1, 3, 1, 3
NOTE, 119, 7, 16, 1, 0, 0, 0
NOTE, 119, 1, 2, 0, 1, 0, 1
NOTE, 119, 5, 8, 0, 0, 1, 1
NOTE, 119, 11, 16, 0, 0, 1, 0
NOTE, 119, 3, 4, 2, 2, 0, 0
NOTE, 119, 7, 8, 3, 3, 1, 1
NOTE, 120, 0, 1, 0, 1, 0, 1
NOTE, 120, 1, 8, 1, 0, 1, 0
NOTE, 120, 3, 16, 0, 0, 1, 0
NOTE, 120, 1, 4, 0, 2, 0, 2
NOTE, 120, 3, 8, 1, 3, 1, 3
NOTE, 120, 1, 2, 0, 1, 0, 1
NOTE, 120, 5, 8, 1, 0, 1, 0
NOTE, 120, 11, 16, 1, 0, 0, 0
NOTE, 120, 3, 4, 0, 0, 2, 2
NOTE, 120, 7, 8, 1, 1, 3, 3
NOTE, 121, 0, 1, 1, 0, 0, 1
NOTE, 121, 1, 8, 0, 1, 0, 1
NOTE, 121, 3, 16, 0, 1, 0, 0
NOTE, 121, 1, 4, 2, 0, 2, 0
NOTE, 121, 3, 8, 3, 1, 3, 1
NOTE, 121, 1, 2, 0, 1, 1, 0
NOTE, 121, 5, 8, 1, 0, 0, 1
NOTE, 121, 3, 4, 0, 2, 2, 0
NOTE, 121, 7, 8, 1, 3, 3, 1
NOTE, 122, 0, 1, 1, 1, 0, 1
NOTE, 122, 1, 8, 0, 1, 1, 0
NOTE, 122, 1, 4, 2, 0, 2, 0
NOTE, 122, 3, 8, 3, 1, 3, 1
NOTE, 122, 1, 2, 0, 1, 1, 0
NOTE, 122, 5, 8, 1, 0, 1, 0
NOTE, 122, 3, 4, 0, 2, 0, 2
NOTE, 122, 7, 8, 1, 3, 1, 3
NOTE, 123, 0, 1, 1, 1, 0, 0
NOTE, 123, 1, 8, 0, 1, 0, 1
NOTE, 123, 3, 16, 0, 0, 1, 0
NOTE, 123, 1, 4, 2, 0, 0, 2
NOTE, 123, 3, 8, 3, 1, 2, 3
NOTE, 123, 1, 2, 1, 1, 0, 0
NOTE, 123, 9, 16, 0, 0, 3, 0
NOTE, 123, 5, 8, 0, 0, 1, 1
NOTE, 123, 11, 16, 1, 0, 0, 0
NOTE, 123, 3, 4, 0, 0, 1, 2
NOTE, 123, 13, 16, 0, 2, 0, 0
NOTE, 123, 7, 8, 1, 3, 1, 3
NOTE, 124, 0, 1, 1, 1, 0, 0
NOTE, 124, 1, 8, 0, 1, 0, 1
NOTE, 124, 3, 16, 0, 0, 0, 1
NOTE, 124, 1, 4, 2, 0, 2, 0
NOTE, 124, 3, 8, 3, 1, 3, 1
NOTE, 124, 1, 2, 1, 0, 1, 0
NOTE, 124, 5, 8, 1, 0, 0, 1
NOTE, 124, 11, 16, 0, 0, 0, 1
NOTE, 124, 3, 4, 0, 2, 2, 0
NOTE, 124, 7, 8, 1, 3, 3, 1
NOTE, 125, 0, 1, 2, 0, 1, 0
NOTE, 125, 1, 8, 0, 1, 0, 1
NOTE, 125, 1, 4, 0, 0, 1, 1
NOTE, 125, 3, 8, 0, 1, 1, 0
NOTE, 125, 1, 2, 3, 1, 0, 2
NOTE, 125, 5, 8, 1, 0, 1, 0
NOTE, 125, 11, 16, 0, 1, 0, 0
NOTE, 125, 3, 4, 1, 0, 1, 0
NOTE, 125, 7, 8, 0, 1, 1, 3
NOTE, 126, 0, 1, 2, 2, 0, 1
NOTE, 126, 1, 16, 0, 3, 0, 0
NOTE, 126, 1, 8, 0, 0, 2, 0
NOTE, 126, 3, 16, 3, 0, 3, 0
NOTE, 126, 1, 4, 1, 0, 2, 2
NOTE, 126, 5, 16, 0, 0, 3, 0
NOTE, 126, 3, 8, 0, 2, 0, 0
NOTE, 126, 7, 16, 0, 3, 0, 3
NOTE, 126, 1, 2, 2, 2, 0, 1
NOTE, 126, 9, 16, 3, 0, 0, 0
NOTE, 126, 5, 8, 0, 0, 0, 1
NOTE, 126, 11, 16, 0, 3, 0, 0
NOTE, 126, 3, 4, 1, 0, 2, 2
NOTE, 126, 13, 16, 0, 0, 3, 0
NOTE, 126, 7, 8, 0, 2, 0, 0
NOTE, 126, 15, 16, 0, 3, 0, 3
NOTE, 127, 0, 1, 2, 2, 0, 1
NOTE, 127, 1, 16, 0, 3, 0, 0
NOTE, 127, 1, 8, 0, 0, 2, 0
NOTE, 127, 3, 16, 3, 0, 3, 0
NOTE, 127, 1, 4, 1, 0, 2, 2
NOTE, 127, 5, 16, 0, 0, 0, 3
NOTE, 127, 3, 8, 1, 0, 0, 0
NOTE, 127, 7, 16, 0, 0, 3, 0
NOTE, 127, 1, 2, 2, 2, 1, 0
NOTE, 127, 9, 16, 0, 3, 0, 0
NOTE, 127, 5, 8, 0, 0, 0, 1
NOTE, 127, 11, 16, 3, 0, 1, 0
NOTE, 127, 3, 4, 1, 2, 0, 2
NOTE, 127, 13, 16, 0, 3, 0, 0
NOTE, 127, 7, 8, 2, 0, 0, 0
NOTE, 127, 15, 16, 0, 0, 0, 3
NOTE, 128, 0, 1, 0, 1, 2, 1
NOTE, 128, 1, 16, 3, 0, 3, 0
NOTE, 128, 1, 8, 0, 1, 0, 0
NOTE, 128, 1, 4, 2, 0, 1, 2
NOTE, 128, 5, 16, 3, 0, 0, 0
NOTE, 128, 3, 8, 0, 2, 0, 0
NOTE, 128, 7, 16, 0, 0, 0, 3
NOTE, 128, 1, 2, 1, 0, 2, 1
NOTE, 128, 9, 16, 0, 3, 0, 0
NOTE, 128, 5, 8, 0, 2, 0, 0
NOTE, 128, 11, 16, 0, 3, 3, 0
NOTE, 128, 3, 4, 2, 0, 1, 2
NOTE, 128, 13, 16, 0, 0, 0, 3
NOTE, 128, 7, 8, 0, 0, 1, 0
NOTE, 128, 15, 16, 3, 0, 0, 0
NOTE, 129, 0, 1, 1, 2, 0, 2
NOTE, 129, 1, 16, 0, 0, 0, 3
NOTE, 129, 1, 8, 0, 0, 0, 1
NOTE, 129, 3, 16, 0, 3, 0, 0
NOTE, 129, 1, 4, 2, 0, 2, 1
NOTE, 129, 5, 16, 0, 0, 3, 0
NOTE, 129, 3, 8, 0, 0, 1, 0
NOTE, 129, 7, 16, 3, 0, 0, 0
NOTE, 129, 1, 2, 1, 2, 0, 2
NOTE, 129, 9, 16, 0, 3, 0, 0
NOTE, 129, 5, 8, 0, 1, 0, 0
NOTE, 129, 11, 16, 0, 0, 1, 3
NOTE, 129, 3, 4, 2, 1, 0, 2
NOTE, 129, 13, 16, 3, 0, 0, 3
NOTE, 129, 7, 8, 2, 0, 0, 0
NOTE, 129, 15, 16, 3, 0, 0, 0
NOTE, 130, 0, 1, 2, 0, 2, 2
NOTE, 130, 1, 16, 3, 0, 3, 0
NOTE, 130, 1, 8, 0, 2, 0, 0
NOTE, 130, 3, 16, 0, 3, 0, 3
NOTE, 130, 1, 4, 2, 0, 1, 2
NOTE, 130, 5, 16, 0, 0, 0, 3
NOTE, 130, 3, 8, 0, 0, 2, 0
NOTE, 130, 7, 16, 3, 0, 3, 0
NOTE, 130, 1, 2, 0, 2, 2, 0
NOTE, 130, 9, 16, 0, 3, 0, 0
NOTE, 130, 5, 8, 1, 0, 0, 0
NOTE, 130, 11, 16, 0, 0, 3, 0
NOTE, 130, 3, 4, 2, 1, 0, 2
NOTE, 130, 13, 16, 0, 0, 0, 3
NOTE, 130, 7, 8, 0, 0, 2, 0
NOTE, 130, 15, 16, 3, 0, 3, 0
NOTE, 131, 0, 1, 2, 1, 0, 2
NOTE, 131, 1, 16, 3, 0, 0, 0
NOTE, 131, 1, 8, 0, 2, 0, 0
NOTE, 131, 3, 16, 0, 3, 0, 3
NOTE, 131, 1, 4, 0, 2, 2, 1
NOTE, 131, 5, 16, 0, 0, 3, 0
NOTE, 131, 3, 8, 1, 0, 0, 0
NOTE, 131, 7, 16, 0, 3, 0, 0
NOTE, 131, 1, 2, 2, 0, 2, 2
NOTE, 131, 9, 16, 0, 0, 3, 3
NOTE, 131, 5, 8, 0, 1, 0, 1
NOTE, 131, 11, 16, 3, 0, 1, 0
NOTE, 131, 3, 4, 1, 1, 0, 1
NOTE, 131, 7, 8, 1, 0, 1, 0
NOTE, 131, 15, 16, 0, 1, 0, 0
NOTE, 132, 0, 1, 1, 0, 1, 1
NOTE, 132, 1, 8, 0, 2, 0, 0
NOTE, 132, 3, 16, 0, 3, 0, 0
NOTE, 132, 1, 4, 2, 1, 0, 1
NOTE, 132, 3, 8, 0, 0, 0, 1
NOTE, 132, 7, 16, 3, 0, 0, 0
NOTE, 132, 1, 2, 1, 0, 0, 2
NOTE, 132, 5, 8, 0, 1, 1, 0
NOTE, 132, 3, 4, 1, 1, 1, 3
NOTE, 132, 7, 8, 0, 0, 0, 2
NOTE, 133, 0, 1, 1, 1, 1, 3
NOTE, 133, 1, 8, 0, 0, 2, 0
NOTE, 133, 1, 4, 1, 1, 3, 1
NOTE, 133, 3, 8, 2, 0, 0, 0
NOTE, 133, 7, 16, 3, 0, 0, 0
NOTE, 133, 1, 2, 2, 0, 0, 1
NOTE, 133, 5, 8, 3, 1, 1, 0
NOTE, 133, 3, 4, 1, 2, 1, 0
NOTE, 133, 7, 8, 0, 3, 0, 1
NOTE, 134, 0, 1, 1, 1, 0, 2
NOTE, 134, 1, 8, 0, 0, 2, 3
NOTE, 134, 1, 4, 1, 2, 3, 1
NOTE, 134, 3, 8, 0, 3, 2, 0
NOTE, 134, 1, 2, 1, 0, 3, 2
NOTE, 134, 5, 8, 0, 0, 1, 3
NOTE, 134, 11, 16, 0, 1, 0, 0
NOTE, 134, 3, 4, 2, 0, 1, 1
NOTE, 134, 7, 8, 3, 2, 0, 0
NOTE, 135, 0, 1, 0, 3, 2, 1
NOTE, 135, 1, 8, 0, 2, 3, 0
NOTE, 135, 1, 4, 2, 3, 1, 1
NOTE, 135, 3, 8, 3, 2, 0, 0
NOTE, 135, 1, 2, 0, 3, 2, 1
NOTE, 135, 5, 8, 0, 1, 3, 0
NOTE, 135, 11, 16, 0, 0, 1, 0
NOTE, 135, 3, 4, 2, 1, 0, 1
NOTE, 135, 7, 8, 3, 0, 0, 2
NOTE, 136, 0, 1, 1, 2, 0, 3
NOTE, 136, 1, 8, 0, 3, 2, 0
NOTE, 136, 1, 4, 0, 0, 3, 2
NOTE, 136, 3, 8, 1, 2, 0, 3
NOTE, 136, 1, 2, 2, 3, 1, 0
NOTE, 136, 5, 8, 3, 1, 0, 1
NOTE, 136, 11, 16, 0, 0, 1, 0
NOTE, 136, 3, 4, 1, 1, 0, 0
NOTE, 136, 7, 8, 0, 0, 2, 2
NOTE, 136, 15, 16, 0, 0, 3, 0
NOTE, 137, 0, 1, 2, 2, 0, 0
NOTE, 137, 1, 16, 0, 3, 0, 3
NOTE, 137, 1, 8, 0, 0, 2, 2
NOTE, 137, 3, 16, 3, 0, 3, 3
NOTE, 137, 1, 4, 2, 0, 2, 2
NOTE, 137, 5, 16, 3, 0, 0, 0
NOTE, 137, 3, 8, 1, 1, 3, 0
NOTE, 137, 1, 2, 0, 1, 1, 3
NOTE, 137, 5, 8, 1, 1, 0, 1
NOTE, 137, 3, 4, 1, 1, 0, 1
NOTE, 137, 7, 8, 1, 1, 0, 1
NOTE, 138, 0, 1, 1, 0, 2, 2
NOTE, 138, 1, 16, 0, 0, 3, 3
NOTE, 138, 1, 8, 1, 0, 2, 2
NOTE, 138, 3, 16, 0, 0, 3, 3
NOTE, 138, 1, 4, 0, 0, 1, 0
NOTE, 138, 3, 8, 0, 1, 0, 0
NOTE, 138, 1, 2, 2, 2, 0, 1
NOTE, 138, 9, 16, 3, 3, 0, 0
NOTE, 138, 5, 8, 2, 2, 0, 1
NOTE, 138, 11, 16, 3, 3, 0, 0
NOTE, 138, 3, 4, 1, 0, 0, 0
NOTE, 138, 7, 8, 0, 0, 1, 0
NOTE, 139, 0, 1, 0, 1, 2, 2
NOTE, 139, 1, 16, 0, 0, 3, 3
NOTE, 139, 1, 8, 0, 1, 2, 2
NOTE, 139, 3, 16, 0, 0, 3, 3
NOTE, 139, 1, 4, 0, 0, 0, 1
NOTE, 139, 3, 8, 0, 0, 0, 1
NOTE, 139, 1, 2, 2, 2, 1, 0
NOTE, 139, 9, 16, 3, 3, 0, 0
NOTE, 139, 5, 8, 2, 2, 1, 0
NOTE, 139, 11, 16, 3, 3, 0, 0
NOTE, 139, 3, 4, 0, 1, 0, 0
NOTE, 139, 7, 8, 0, 0, 2, 0
NOTE, 139, 15, 16, 0, 2, 3, 0
NOTE, 140, 0, 1, 1, 3, 2, 2
NOTE, 140, 1, 16, 0, 0, 3, 3
NOTE, 140, 1, 8, 0, 2, 0, 0
NOTE, 140, 1, 4, 0, 0, 2, 0
NOTE, 140, 3, 8, 1, 3, 0, 2
NOTE, 140, 1, 2, 2, 1, 3, 3
NOTE, 140, 5, 8, 3, 0, 1, 0
NOTE, 140, 2, 3, 0, 0, 0, 1
NOTE, 140, 17, 24, 0, 1, 0, 0
NOTE, 140, 3, 4, 0, 0, 2, 0
NOTE, 140, 7, 8, 0, 2, 3, 0
NOTE, 141, 0, 1, 2, 3, 1, 2
NOTE, 141, 1, 16, 3, 0, 0, 3
NOTE, 141, 1, 8, 2, 0, 0, 2
NOTE, 141, 3, 16, 3, 0, 0, 3
NOTE, 141, 1, 4, 2, 0, 1, 2
NOTE, 141, 3, 8, 0, 1, 0, 0
NOTE, 141, 7, 16, 3, 0, 1, 3
NOTE, 141, 1, 2, 2, 2, 0, 1
NOTE, 141, 9, 16, 3, 3, 0, 0
NOTE, 141, 5, 8, 2, 2, 0, 0
NOTE, 141, 11, 16, 3, 3, 0, 0
NOTE, 141, 3, 4, 2, 2, 0, 2
NOTE, 141, 7, 8, 3, 3, 2, 0
NOTE, 141, 15, 16, 0, 1, 3, 3
NOTE, 142, 0, 1, 1, 0, 2, 2
NOTE, 142, 1, 8, 0, 1, 3, 3
NOTE, 142, 1, 4, 2, 2, 0, 1
NOTE, 142, 5, 16, 3, 3, 0, 0
NOTE, 142, 3, 8, 0, 0, 2, 1
NOTE, 142, 7, 16, 0, 0, 3, 0
NOTE, 142, 1, 2, 0, 2, 2, 0
NOTE, 142, 5, 8, 0, 3, 3, 1
NOTE, 142, 3, 4, 1, 0, 2, 2
NOTE, 142, 13, 16, 0, 0, 3, 3
NOTE, 142, 7, 8, 1, 2, 0, 0
NOTE, 142, 15, 16, 0, 3, 0, 0
NOTE, 143, 0, 1, 0, 2, 2, 0
NOTE, 143, 1, 8, 0, 3, 3, 1
NOTE, 143, 1, 4, 2, 1, 0, 2
NOTE, 143, 5, 16, 3, 0, 0, 3
NOTE, 143, 3, 8, 0, 1, 2, 0
NOTE, 143, 7, 16, 0, 0, 3, 0
NOTE, 143, 1, 2, 1, 0, 2, 1
NOTE, 143, 9, 16, 0, 1, 0, 0
NOTE, 143, 5, 8, 2, 0, 3, 2
NOTE, 143, 11, 16, 3, 0, 0, 3
NOTE, 143, 3, 4, 0, 1, 1, 0
NOTE, 143, 7, 8, 0, 2, 2, 0
NOTE, 144, 0, 1, 1, 3, 3, 1
NOTE, 144, 1, 8, 2, 2, 0, 0
NOTE, 144, 1, 4, 0, 0, 1, 2
NOTE, 144, 5, 16, 3, 3, 0, 0
NOTE, 144, 3, 8, 2, 2, 0, 0
NOTE, 144, 7, 16, 3, 3, 0, 3
NOTE, 144, 1, 2, 0, 2, 2, 0
NOTE, 144, 9, 16, 0, 0, 3, 0
NOTE, 144, 5, 8, 0, 3, 2, 2
NOTE, 144, 11, 16, 0, 0, 0, 3
NOTE, 144, 3, 4, 2, 1, 3, 2
NOTE, 144, 13, 16, 3, 0, 0, 0
NOTE, 144, 7, 8, 2, 2, 0, 3
NOTE, 145, 0, 1, 3, 3, 1, 1
NOTE, 145, 1, 8, 2, 2, 0, 0
NOTE, 145, 3, 16, 3, 3, 0, 1
NOTE, 145, 1, 4, 0, 2, 2, 0
NOTE, 145, 3, 8, 1, 3, 3, 1
NOTE, 145, 1, 2, 0, 1, 2, 2
NOTE, 145, 5, 8, 1, 0, 3, 3
NOTE, 145, 11, 16, 0, 1, 0, 0
NOTE, 145, 3, 4, 2, 0, 1, 1
NOTE, 145, 7, 8, 3, 0, 1, 1
NOTE, 146, 0, 1, 2, 2, 0, 2
NOTE, 146, 1, 16, 3, 0, 0, 0
NOTE, 146, 1, 8, 2, 0, 2, 0
NOTE, 146, 3, 16, 3, 3, 3, 3
NOTE, 146, 1, 4, 2, 0, 2, 2
NOTE, 146, 5, 16, 0, 0, 0, 3
NOTE, 146, 3, 8, 0, 2, 0, 2
NOTE, 146, 7, 16, 3, 3, 3, 3
NOTE, 146, 1, 2, 2, 2, 2, 0
NOTE, 146, 9, 16, 3, 0, 0, 0
NOTE, 146, 5, 8, 2, 0, 0, 2
NOTE, 146, 11, 16, 3, 3, 3, 3
NOTE, 146, 3, 4, 0, 2, 2, 2
NOTE, 146, 13, 16, 0, 0, 0, 3
NOTE, 146, 7, 8, 2, 0, 0, 2
NOTE, 146, 15, 16, 3, 3, 3, 3
NOTE, 147, 0, 1, 2, 2, 0, 2
NOTE, 147, 1, 8, 0, 0, 1, 0
NOTE, 147, 3, 16, 3, 3, 0, 3
NOTE, 147, 1, 4, 2, 0, 2, 2
NOTE, 147, 5, 16, 3, 0, 0, 0
NOTE, 147, 3, 8, 0, 1, 0, 0
NOTE, 147, 7, 16, 0, 0, 3, 3
NOTE, 147, 1, 2, 2, 2, 0, 2
NOTE, 147, 5, 8, 0, 3, 1, 3
NOTE, 147, 11, 16, 0, 0, 0, 1
NOTE, 147, 3, 4, 0, 1, 1, 0
NOTE, 147, 7, 8, 3, 0, 1, 0
NOTE, 148, 0, 1, 2, 2, 0, 2
NOTE, 148, 1, 16, 0, 3, 0, 0
NOTE, 148, 1, 8, 0, 2, 2, 0
NOTE, 148, 3, 16, 3, 3, 3, 3
NOTE, 148, 1, 4, 2, 2, 0, 2
NOTE, 148, 5, 16, 0, 3, 0, 0
NOTE, 148, 3, 8, 0, 2, 2, 0
NOTE, 148, 7, 16, 3, 3, 3, 3
NOTE, 148, 1, 2, 2, 0, 2, 2
NOTE, 148, 9, 16, 3, 0, 3, 0
NOTE, 148, 5, 8, 2, 0, 2, 0
NOTE, 148, 11, 16, 3, 0, 0, 3
NOTE, 148, 3, 4, 2, 1, 0, 2
NOTE, 148, 13, 16, 3, 0, 3, 0
NOTE, 148, 7, 8, 2, 0, 2, 0
NOTE, 148, 15, 16, 3, 0, 3, 3
NOTE, 149, 0, 1, 0, 2, 2, 2
NOTE, 149, 1, 8, 1, 0, 0, 0
NOTE, 149, 3, 16, 0, 3, 3, 3
NOTE, 149, 1, 4, 2, 0, 2, 2
NOTE, 149, 5, 16, 3, 0, 0, 0
NOTE, 149, 3, 8, 0, 1, 0, 0
NOTE, 149, 7, 16, 0, 0, 3, 3
NOTE, 149, 1, 2, 2, 2, 0, 2
NOTE, 149, 5, 8, 0, 3, 1, 3
NOTE, 149, 3, 4, 0, 1, 1, 1
NOTE, 149, 7, 8, 3, 0, 0, 1
NOTE, 150, 0, 1, 2, 2, 2, 0
NOTE, 150, 1, 16, 0, 3, 0, 0
NOTE, 150, 1, 8, 0, 2, 0, 2
NOTE, 150, 3, 16, 3, 3, 3, 3
NOTE, 150, 1, 4, 2, 2, 2, 0
NOTE, 150, 5, 16, 0, 3, 0, 0
NOTE, 150, 3, 8, 0, 2, 0, 2
NOTE, 150, 7, 16, 3, 3, 3, 3
NOTE, 150, 1, 2, 0, 2, 2, 2
NOTE, 150, 9, 16, 0, 0, 0, 3
NOTE, 150, 5, 8, 2, 0, 0, 2
NOTE, 150, 11, 16, 3, 3, 3, 3
NOTE, 150, 3, 4, 0, 2, 2, 2
NOTE, 150, 13, 16, 0, 0, 0, 3
NOTE, 150, 7, 8, 2, 0, 0, 2
NOTE, 150, 15, 16, 3, 3, 3, 3
NOTE, 151, 0, 1, 2, 2, 2, 0
NOTE, 151, 1, 8, 0, 0, 0, 1
NOTE, 151, 3, 16, 3, 3, 3, 0
NOTE, 151, 1, 4, 2, 0, 2, 2
NOTE, 151, 5, 16, 3, 0, 0, 0
NOTE, 151, 3, 8, 0, 1, 0, 0
NOTE, 151, 7, 16, 0, 0, 3, 3
NOTE, 151, 1, 2, 2, 2, 0, 2
NOTE, 151, 5, 8, 0, 3, 1, 3
NOTE, 151, 3, 4, 0, 1, 1, 1
NOTE, 151, 7, 8, 3, 1, 0, 1
NOTE, 151, 15, 16, 0, 0, 1, 0
NOTE, 152, 0, 1, 2, 2, 0, 2
NOTE, 152, 1, 8, 3, 3, 0, 3
NOTE, 152, 1, 4, 2, 0, 2, 2
NOTE, 152, 3, 8, 3, 0, 3, 3
NOTE, 152, 1, 2, 2, 2, 2, 0
NOTE, 152, 9, 16, 3, 3, 3, 0
NOTE, 152, 5, 8, 2, 2, 2, 0
NOTE, 152, 11, 16, 3, 3, 3, 0
NOTE, 152, 3, 4, 2, 0, 2, 2
NOTE, 152, 7, 8, 3, 1, 3, 3
NOTE, 152, 15, 16, 0, 0, 1, 0
NOTE, 153, 0, 1, 2, 2, 0, 2
NOTE, 153, 1, 8, 3, 3, 1, 3
NOTE, 153, 1, 4, 0, 0, 1, 0
NOTE, 153, 3, 8, 0, 0, 1, 0
NOTE, 153, 1, 2, 2, 0, 0, 0
NOTE, 153, 5, 8, 0, 1, 1, 1
NOTE, 153, 3, 4, 0, 1, 1, 1
NOTE, 153, 7, 8, 3, 1, 1, 1
NOTE, 154, 0, 1, 1, 1, 0, 2
NOTE, 154, 1, 8, 0, 0, 2, 3
NOTE, 154, 1, 4, 1, 2, 3, 1
NOTE, 154, 3, 8, 2, 3, 0, 0
NOTE, 154, 1, 2, 3, 1, 2, 0
NOTE, 154, 5, 8, 0, 0, 3, 1
NOTE, 154, 2, 3, 0, 1, 0, 0
NOTE, 154, 17, 24, 0, 0, 1, 0
NOTE, 154, 3, 4, 2, 1, 0, 1
NOTE, 154, 7, 8, 3, 0, 2, 0
NOTE, 155, 0, 1, 1, 2, 3, 0
NOTE, 155, 1, 8, 0, 3, 0, 2
NOTE, 155, 1, 4, 2, 1, 1, 3
NOTE, 155, 3, 8, 3, 0, 2, 0
NOTE, 155, 1, 2, 0, 2, 3, 1
NOTE, 155, 5, 8, 1, 3, 0, 0
NOTE, 155, 3, 4, 1, 0, 1, 2
NOTE, 155, 7, 8, 0, 2, 0, 3
NOTE, 156, 0, 1, 1, 3, 2, 0
NOTE, 156, 1, 8, 0, 0, 3, 1
NOTE, 156, 1, 4, 1, 0, 1, 2
NOTE, 156, 3, 8, 0, 2, 0, 3
NOTE, 156, 1, 2, 1, 3, 2, 0
NOTE, 156, 5, 8, 0, 1, 3, 0
NOTE, 156, 2, 3, 0, 0, 0, 1
NOTE, 156, 17, 24, 0, 0, 1, 0
NOTE, 156, 3, 4, 1, 2, 0, 1
NOTE, 156, 7, 8, 0, 3, 2, 0
NOTE, 157, 0, 1, 2, 0, 3, 1
NOTE, 157, 1, 8, 3, 2, 0, 0
NOTE, 157, 1, 4, 1, 3, 2, 1
NOTE, 157, 3, 8, 0, 0, 3, 2
NOTE, 157, 1, 2, 2, 1, 0, 3
NOTE, 157, 5, 8, 3, 0, 1, 0
NOTE, 157, 11, 16, 0, 0, 1, 0
NOTE, 157, 3, 4, 1, 2, 0, 1
NOTE, 157, 7, 8, 0, 3, 1, 0
NOTE, 158, 0, 1, 2, 0, 1, 1
NOTE, 158, 1, 8, 3, 2, 0, 0
NOTE, 158, 1, 4, 1, 3, 2, 1
NOTE, 158, 3, 8, 0, 0, 3, 2
NOTE, 158, 1, 2, 0, 2, 1, 3
NOTE, 158, 5, 8, 1, 3, 0, 0
NOTE, 158, 2, 3, 0, 0, 1, 0
NOTE, 158, 17, 24, 0, 1, 0, 0
NOTE, 158, 3, 4, 1, 0, 1, 2
NOTE, 158, 7, 8, 0, 2, 0, 3
NOTE, 159, 0, 1, 0, 3, 2, 1
NOTE, 159, 1, 8, 2, 0, 3, 0
NOTE, 159, 1, 4, 3, 1, 1, 2
NOTE, 159, 3, 8, 0, 2, 0, 3
NOTE, 159, 1, 2, 1, 3, 2, 0
NOTE, 159, 5, 8, 0, 0, 3, 1
NOTE, 159, 3, 4, 1, 2, 0, 1
NOTE, 159, 7, 8, 0, 3, 2, 0
NOTE, 160, 0, 1, 2, 0, 3, 1
NOTE, 160, 1, 8, 3, 0, 1, 0
NOTE, 160, 3, 16, 0, 0, 1, 0
NOTE, 160, 1, 4, 1, 2, 0, 1
NOTE, 160, 3, 8, 0, 3, 0, 2
NOTE, 160, 1, 2, 1, 0, 2, 3
NOTE, 160, 5, 8, 0, 1, 3, 0
NOTE, 160, 11, 16, 0, 1, 0, 0
NOTE, 160, 3, 4, 1, 0, 1, 2
NOTE, 160, 7, 8, 0, 0, 2, 3
NOTE, 161, 0, 1, 2, 0, 3, 1
NOTE, 161, 1, 8, 0, 1, 0, 0
NOTE, 161, 1, 4, 0, 1, 1, 1
NOTE, 161, 3, 8, 0, 0, 1, 0
NOTE, 161, 1, 2, 3, 1, 0, 1
NOTE, 161, 5, 8, 0, 0, 1, 0
NOTE, 161, 3, 4, 1, 1, 0, 0
NOTE, 161, 13, 16, 0, 0, 1, 0
NOTE, 161, 7, 8, 1, 0, 0, 1
NOTE, 161, 15, 16, 0, 1, 0, 0
NOTE, 162, 0, 1, 1, 0, 2, 2
NOTE, 162, 1, 16, 0, 0, 3, 3
NOTE, 162, 1, 8, 0, 2, 0, 2
NOTE, 162, 3, 16, 0, 3, 0, 3
NOTE, 162, 1, 4, 2, 0, 2, 0
NOTE, 162, 5, 16, 3, 0, 3, 0
NOTE, 162, 3, 8, 2, 2, 0, 0
NOTE, 162, 7, 16, 3, 3, 0, 0
NOTE, 162, 1, 2, 0, 0, 2, 2
NOTE, 162, 9, 16, 0, 0, 3, 3
NOTE, 162, 5, 8, 2, 0, 0, 2
NOTE, 162, 11, 16, 3, 0, 0, 3
NOTE, 162, 3, 4, 0, 2, 2, 0
NOTE, 162, 13, 16, 0, 3, 3, 0
NOTE, 162, 7, 8, 0, 2, 0, 2
NOTE, 162, 15, 16, 0, 3, 0, 3
NOTE, 163, 0, 1, 2, 0, 2, 0
NOTE, 163, 1, 16, 3, 0, 3, 0
NOTE, 163, 1, 4, 2, 2, 1, 0
NOTE, 163, 5, 16, 3, 3, 0, 0
NOTE, 163, 1, 2, 0, 1, 2, 2
NOTE, 163, 9, 16, 0, 0, 3, 3
NOTE, 163, 3, 4, 1, 0, 1, 1
