BPM, 110.00
OFFSET, -0.240
KeyMode: 4
SPEED, 1.00
SPEED, 16, 97, 128, -3.00
SPEED, 16, 13, 16, -2.00
SPEED, 16, 7, 8, -1.00
SPEED, 16, 15, 16, 0.00
SPEED, 16, 31, 32, 1.00
SPEED, 17, 1, 96, 1.30
SPEED, 18, 23, 24, 3.00
SPEED, 18, 47, 48, 1.30
SPEED, 20, 23, 24, 3.00
SPEED, 20, 47, 48, 1.30
SPEED, 22, 23, 24, 3.00
SPEED, 22, 47, 48, 1.30
SPEED, 25, 0, 1, 1.00
SPEED, 25, 1, 4, 0.003
SPEED, 31, 15, 16, 1.00
SPEED, 32, 37, 48, 10.00
SPEED, 32, 47, 48, 1.40
SPEED, 49, 0, 1, 1.00
SPEED, 57, 0, 1, 1.00
NOTE, 1, 0, 1, 1, 0, 0, 0
NOTE, 1, 1, 8, 1, 0, 0, 0
NOTE, 1, 1, 4, 1, 0, 0, 0
NOTE, 1, 3, 8, 1, 0, 0, 0
NOTE, 1, 1, 2, 0, 1, 0, 0
NOTE, 1, 5, 8, 0, 1, 0, 0
NOTE, 1, 3, 4, 0, 1, 0, 0
NOTE, 1, 7, 8, 0, 1, 0, 0
NOTE, 2, 0, 1, 0, 0, 1, 0
NOTE, 2, 1, 8, 0, 0, 1, 0
NOTE, 2, 1, 4, 0, 0, 1, 0
NOTE, 2, 3, 8, 0, 0, 1, 0
NOTE, 2, 1, 2, 0, 0, 0, 1
NOTE, 2, 5, 8, 0, 0, 0, 1
NOTE, 2, 3, 4, 0, 0, 0, 1
NOTE, 2, 7, 8, 0, 0, 0, 1
NOTE, 3, 0, 1, 1, 0, 0, 0
NOTE, 3, 1, 8, 1, 0, 0, 0
NOTE, 3, 1, 4, 1, 0, 0, 0
NOTE, 3, 3, 8, 1, 0, 0, 0
NOTE, 3, 1, 2, 0, 1, 0, 0
NOTE, 3, 5, 8, 0, 1, 0, 0
NOTE, 3, 3, 4, 0, 1, 0, 0
NOTE, 3, 7, 8, 0, 1, 0, 0
NOTE, 4, 0, 1, 0, 0, 1, 0
NOTE, 4, 1, 8, 0, 0, 1, 0
NOTE, 4, 1, 4, 0, 0, 1, 0
NOTE, 4, 3, 8, 0, 0, 1, 0
NOTE, 4, 1, 2, 0, 0, 0, 1
NOTE, 4, 5, 8, 0, 0, 0, 1
NOTE, 4, 3, 4, 0, 0, 0, 1
NOTE, 4, 7, 8, 0, 0, 0, 1
NOTE, 5, 0, 1, 1, 0, 0, 0
NOTE, 5, 1, 16, 0, 1, 0, 0
NOTE, 5, 1, 8, 1, 0, 0, 0
NOTE, 5, 3, 16, 0, 0, 1, 0
NOTE, 5, 1, 4, 1, 0, 0, 0
NOTE, 5, 5, 16, 0, 0, 0, 1
NOTE, 5, 3, 8, 1, 0, 0, 0
NOTE, 5, 7, 16, 0, 0, 1, 0
NOTE, 5, 1, 2, 0, 1, 0, 0
NOTE, 5, 9, 16, 1, 0, 0, 0
NOTE, 5, 5, 8, 0, 1, 0, 0
NOTE, 5, 11, 16, 0, 0, 1, 0
NOTE, 5, 3, 4, 0, 1, 0, 0
NOTE, 5, 13, 16, 0, 0, 0, 1
NOTE, 5, 7, 8, 0, 1, 0, 0
NOTE, 5, 15, 16, 1, 0, 0, 0
NOTE, 6, 0, 1, 0, 0, 1, 0
NOTE, 6, 1, 16, 0, 0, 0, 1
NOTE, 6, 1, 8, 0, 0, 1, 0
NOTE, 6, 3, 16, 0, 1, 0, 0
NOTE, 6, 1, 4, 0, 0, 1, 0
NOTE, 6, 5, 16, 1, 0, 0, 0
NOTE, 6, 3, 8, 0, 0, 1, 0
NOTE, 6, 7, 16, 0, 1, 0, 0
NOTE, 6, 1, 2, 0, 0, 0, 1
NOTE, 6, 9, 16, 0, 0, 1, 0
NOTE, 6, 5, 8, 0, 0, 0, 1
NOTE, 6, 11, 16, 1, 0, 0, 0
NOTE, 6, 3, 4, 0, 0, 0, 1
NOTE, 6, 13, 16, 0, 0, 1, 0
NOTE, 6, 7, 8, 0, 0, 0, 1
NOTE, 6, 15, 16, 0, 1, 0, 0
NOTE, 7, 0, 1, 1, 0, 0, 0
NOTE, 7, 1, 16, 0, 0, 1, 0
NOTE, 7, 1, 8, 1, 0, 0, 0
NOTE, 7, 3, 16, 0, 0, 0, 1
NOTE, 7, 1, 4, 1, 0, 0, 0
NOTE, 7, 5, 16, 0, 1, 0, 0
NOTE, 7, 3, 8, 1, 0, 0, 0
NOTE, 7, 7, 16, 0, 0, 1, 0
NOTE, 7, 1, 2, 0, 1, 0, 0
NOTE, 7, 9, 16, 0, 0, 0, 1
NOTE, 7, 5, 8, 0, 1, 0, 0
NOTE, 7, 11, 16, 1, 0, 0, 0
NOTE, 7, 3, 4, 0, 1, 0, 0
NOTE, 7, 13, 16, 0, 0, 1, 0
NOTE, 7, 7, 8, 0, 1, 0, 0
NOTE, 7, 15, 16, 0, 0, 0, 1
NOTE, 8, 0, 1, 0, 0, 1, 0
NOTE, 8, 1, 16, 0, 1, 0, 0
NOTE, 8, 1, 8, 0, 0, 1, 0
NOTE, 8, 3, 16, 1, 0, 0, 0
NOTE, 8, 1, 4, 0, 0, 1, 0
NOTE, 8, 5, 16, 0, 0, 0, 1
NOTE, 8, 3, 8, 0, 0, 1, 0
NOTE, 8, 7, 16, 0, 1, 0, 0
NOTE, 8, 1, 2, 0, 0, 0, 1
NOTE, 8, 9, 16, 0, 0, 1, 0
NOTE, 8, 5, 8, 0, 0, 0, 1
NOTE, 8, 11, 16, 0, 1, 0, 0
NOTE, 8, 3, 4, 0, 0, 0, 1
NOTE, 8, 13, 16, 1, 0, 0, 0
NOTE, 8, 7, 8, 0, 0, 0, 1
NOTE, 8, 15, 16, 0, 0, 1, 0
NOTE, 9, 0, 1, 1, 1, 1, 1
NOTE, 9, 1, 16, 0, 1, 0, 0
NOTE, 9, 1, 8, 1, 0, 1, 0
NOTE, 9, 3, 16, 0, 0, 0, 1
NOTE, 9, 1, 4, 1, 1, 0, 0
NOTE, 9, 5, 16, 0, 0, 0, 1
NOTE, 9, 3, 8, 1, 0, 1, 0
NOTE, 9, 7, 16, 0, 1, 0, 0
NOTE, 9, 1, 2, 1, 0, 0, 1
NOTE, 9, 9, 16, 0, 0, 1, 0
NOTE, 9, 5, 8, 1, 0, 0, 1
NOTE, 9, 11, 16, 0, 0, 1, 0
NOTE, 9, 3, 4, 0, 1, 0, 1
NOTE, 9, 13, 16, 1, 0, 0, 0
NOTE, 9, 7, 8, 0, 0, 1, 1
NOTE, 9, 15, 16, 0, 1, 0, 0
NOTE, 10, 0, 1, 0, 0, 1, 1
NOTE, 10, 1, 16, 0, 1, 0, 0
NOTE, 10, 1, 8, 1, 0, 1, 0
NOTE, 10, 3, 16, 0, 0, 0, 1
NOTE, 10, 1, 4, 0, 1, 1, 0
NOTE, 10, 5, 16, 0, 0, 0, 1
NOTE, 10, 3, 8, 1, 0, 1, 0
NOTE, 10, 7, 16, 0, 0, 0, 1
NOTE, 10, 1, 2, 0, 1, 1, 0
NOTE, 10, 9, 16, 1, 0, 0, 0
NOTE, 10, 5, 8, 0, 1, 0, 1
NOTE, 10, 11, 16, 0, 0, 1, 0
NOTE, 10, 3, 4, 1, 1, 0, 0
NOTE, 10, 13, 16, 0, 0, 0, 1
NOTE, 10, 7, 8, 0, 1, 1, 0
NOTE, 10, 15, 16, 0, 0, 0, 1
NOTE, 11, 0, 1, 1, 1, 0, 0
NOTE, 11, 1, 16, 0, 0, 0, 1
NOTE, 11, 1, 8, 1, 0, 1, 0
NOTE, 11, 3, 16, 0, 1, 0, 0
NOTE, 11, 1, 4, 1, 0, 0, 1
NOTE, 11, 5, 16, 0, 1, 0, 0
NOTE, 11, 3, 8, 1, 0, 1, 0
NOTE, 11, 7, 16, 0, 1, 0, 0
NOTE, 11, 1, 2, 1, 0, 0, 1
NOTE, 11, 9, 16, 0, 0, 1, 0
NOTE, 11, 5, 8, 0, 1, 0, 1
NOTE, 11, 11, 16, 1, 0, 0, 0
NOTE, 11, 3, 4, 0, 0, 1, 1
NOTE, 11, 13, 16, 0, 1, 0, 0
NOTE, 11, 7, 8, 1, 0, 0, 1
NOTE, 11, 15, 16, 0, 1, 0, 0
NOTE, 12, 0, 1, 1, 0, 1, 0
NOTE, 12, 1, 16, 0, 0, 0, 1
NOTE, 12, 1, 8, 0, 1, 1, 0
NOTE, 12, 3, 16, 1, 0, 0, 0
NOTE, 12, 1, 4, 0, 0, 1, 1
NOTE, 12, 5, 16, 0, 1, 0, 0
NOTE, 12, 3, 8, 1, 0, 1, 0
NOTE, 12, 7, 16, 0, 0, 0, 1
NOTE, 12, 1, 2, 1, 1, 0, 0
NOTE, 12, 9, 16, 0, 0, 1, 0
NOTE, 12, 5, 8, 0, 1, 0, 1
NOTE, 12, 11, 16, 0, 0, 1, 0
NOTE, 12, 3, 4, 1, 1, 0, 0
NOTE, 12, 13, 16, 0, 0, 0, 1
NOTE, 12, 7, 8, 0, 1, 1, 0
NOTE, 12, 15, 16, 0, 0, 0, 1
NOTE, 13, 0, 1, 1, 1, 0, 0
NOTE, 13, 1, 16, 0, 0, 1, 0
NOTE, 13, 1, 8, 1, 0, 0, 1
NOTE, 13, 3, 16, 0, 1, 0, 0
NOTE, 13, 1, 4, 1, 0, 1, 0
NOTE, 13, 5, 16, 0, 0, 0, 1
NOTE, 13, 3, 8, 1, 1, 0, 0
NOTE, 13, 7, 16, 0, 0, 1, 0
NOTE, 13, 1, 2, 1, 0, 0, 1
NOTE, 13, 9, 16, 0, 0, 1, 0
NOTE, 13, 5, 8, 0, 1, 0, 1
NOTE, 13, 11, 16, 1, 0, 0, 0
NOTE, 13, 3, 4, 0, 0, 1, 1
NOTE, 13, 13, 16, 1, 0, 0, 0
NOTE, 13, 7, 8, 0, 1, 0, 1
NOTE, 13, 15, 16, 1, 0, 0, 0
NOTE, 14, 0, 1, 0, 1, 1, 0
NOTE, 14, 1, 16, 1, 0, 0, 0
NOTE, 14, 1, 8, 0, 0, 1, 1
NOTE, 14, 3, 16, 0, 1, 0, 0
NOTE, 14, 1, 4, 1, 0, 1, 0
NOTE, 14, 5, 16, 0, 0, 0, 1
NOTE, 14, 3, 8, 0, 1, 1, 0
NOTE, 14, 7, 16, 0, 0, 0, 1
NOTE, 14, 1, 2, 0, 1, 1, 0
NOTE, 14, 9, 16, 1, 0, 0, 0
NOTE, 14, 5, 8, 0, 1, 0, 1
NOTE, 14, 11, 16, 0, 0, 1, 0
NOTE, 14, 3, 4, 1, 1, 0, 0
NOTE, 14, 13, 16, 0, 0, 0, 1
NOTE, 14, 7, 8, 0, 1, 1, 0
NOTE, 14, 15, 16, 0, 0, 0, 1
NOTE, 15, 0, 1, 1, 0, 1, 0
NOTE, 15, 1, 16, 0, 0, 0, 1
NOTE, 15, 1, 8, 1, 1, 0, 0
NOTE, 15, 3, 16, 0, 0, 0, 1
NOTE, 15, 1, 4, 1, 0, 1, 0
NOTE, 15, 5, 16, 0, 1, 0, 0
NOTE, 15, 3, 8, 1, 0, 0, 1
NOTE, 15, 7, 16, 0, 0, 1, 0
NOTE, 15, 1, 2, 0, 1, 0, 1
NOTE, 15, 9, 16, 1, 0, 0, 0
NOTE, 15, 5, 8, 0, 1, 0, 1
NOTE, 15, 11, 16, 0, 0, 1, 0
NOTE, 15, 3, 4, 0, 1, 0, 1
NOTE, 15, 13, 16, 0, 0, 1, 0
NOTE, 15, 7, 8, 1, 1, 0, 0
NOTE, 15, 15, 16, 0, 0, 1, 0
NOTE, 16, 0, 1, 0, 1, 0, 1
NOTE, 16, 1, 16, 1, 0, 0, 0
NOTE, 16, 1, 8, 0, 1, 0, 1
NOTE, 16, 3, 16, 0, 0, 1, 0
NOTE, 16, 1, 4, 0, 1, 0, 1
NOTE, 16, 5, 16, 0, 0, 1, 0
NOTE, 16, 3, 8, 1, 1, 0, 0
NOTE, 16, 7, 16, 0, 0, 1, 0
NOTE, 16, 1, 2, 1, 0, 0, 1
NOTE, 16, 9, 16, 0, 1, 0, 0
NOTE, 16, 5, 8, 1, 0, 0, 1
NOTE, 16, 11, 16, 0, 0, 1, 0
NOTE, 16, 3, 4, 1, 1, 1, 1
NOTE, 17, 0, 1, 12_1, 12_1, 11_1, 11_1
NOTE, 17, 7, 32, 13_1, 13_1, 0, 0
NOTE, 17, 1, 4, 11_1, 11_1, 12_1, 12_1
NOTE, 17, 15, 32, 0, 0, 13_1, 13_1
NOTE, 17, 1, 2, 11_2, 0, 11_2, 0
NOTE, 17, 9, 16, 11_1, 0, 0, 0
NOTE, 17, 5, 8, 11_1, 11_2, 0, 11_1
NOTE, 17, 11, 16, 11_2, 0, 11_1, 11_1
NOTE, 17, 3, 4, 11_4, 0, 0, 0
NOTE, 17, 13, 16, 11_2, 0, 11_1, 11_1
NOTE, 17, 7, 8, 11_1, 11_1, 11_2, 0
NOTE, 17, 15, 16, 11_2, 0, 11_2, 0
NOTE, 18, 0, 1, 12_1, 11_1, 11_1, 12_1
NOTE, 18, 1, 8, 13_1, 12_1, 0, 0
NOTE, 18, 7, 32, 0, 13_1, 0, 13_1
NOTE, 18, 1, 4, 11_1, 12_1, 12_1, 0
NOTE, 18, 3, 8, 11_1, 13_1, 13_1, 11_1
NOTE, 18, 7, 16, 11_2, 0, 11_2, 0
NOTE, 18, 1, 2, 11_1, 11_1, 11_1, 11_1
NOTE, 18, 9, 16, 11_4, 0, 0, 0
NOTE, 18, 5, 8, 11_2, 0, 11_1, 11_1
NOTE, 18, 11, 16, 11_1, 11_1, 11_2, 0
NOTE, 18, 3, 4, 11_1, 11_2, 0, 11_1
NOTE, 18, 13, 16, 11_1, 11_1, 0, 11_1
NOTE, 18, 7, 8, 0, 11_1, 11_1, 11_1
NOTE, 18, 15, 16, 11_1, 0, 11_1, 0
NOTE, 19, 0, 1, 2, 1, 2, 1
NOTE, 19, 7, 32, 3, 0, 3, 0
NOTE, 19, 1, 4, 1, 2, 1, 2
NOTE, 19, 15, 32, 0, 3, 0, 3
NOTE, 19, 1, 2, 1, 1, 1, 1
NOTE, 19, 9, 16, 0, 1, 1, 0
NOTE, 19, 5, 8, 1, 1, 0, 1
NOTE, 19, 11, 16, 1, 0, 1, 1
NOTE, 19, 3, 4, 1, 1, 1, 1
NOTE, 19, 13, 16, 1, 1, 0, 1
NOTE, 19, 7, 8, 0, 1, 1, 1
NOTE, 19, 15, 16, 1, 1, 1, 0
NOTE, 20, 0, 1, 1, 1, 2, 2
NOTE, 20, 1, 8, 1, 2, 3, 0
NOTE, 20, 7, 32, 0, 3, 0, 3
NOTE, 20, 1, 4, 2, 1, 2, 1
NOTE, 20, 3, 8, 0, 2, 3, 1
NOTE, 20, 15, 32, 3, 3, 0, 0
NOTE, 20, 1, 2, 1, 1, 1, 1
NOTE, 20, 9, 16, 0, 1, 0, 1
NOTE, 20, 5, 8, 1, 0, 1, 1
NOTE, 20, 11, 16, 1, 1, 0, 0
NOTE, 20, 3, 4, 1, 2, 2, 1
NOTE, 20, 7, 8, 1, 3, 0, 2
NOTE, 20, 15, 16, 0, 0, 3, 3
NOTE, 21, 0, 1, 12_1, 12_1, 11_1, 11_1
NOTE, 21, 7, 32, 13_1, 13_1, 0, 0
NOTE, 21, 1, 4, 11_1, 11_1, 12_1, 12_1
NOTE, 21, 15, 32, 0, 0, 13_1, 13_1
NOTE, 21, 1, 2, 11_1, 11_1, 11_1, 11_1
NOTE, 21, 9, 16, 11_1, 11_3, 0, 0
NOTE, 21, 5, 8, 11_1, 11_2, 0, 11_1
NOTE, 21, 11, 16, 11_2, 0, 11_1, 11_1
NOTE, 21, 3, 4, 11_1, 11_1, 11_1, 11_1
NOTE, 21, 13, 16, 11_2, 0, 11_1, 11_1
NOTE, 21, 7, 8, 11_1, 11_1, 11_2, 0
NOTE, 21, 15, 16, 11_2, 0, 0, 11_1
NOTE, 22, 0, 1, 12_1, 11_1, 11_1, 12_1
NOTE, 22, 1, 8, 13_1, 12_1, 0, 0
NOTE, 22, 7, 32, 0, 13_1, 0, 13_1
NOTE, 22, 1, 4, 12_1, 11_1, 11_1, 12_1
NOTE, 22, 3, 8, 13_1, 11_1, 11_1, 13_1
NOTE, 22, 7, 16, 11_2, 0, 11_2, 0
NOTE, 22, 1, 2, 11_1, 11_1, 11_1, 11_1
NOTE, 22, 9, 16, 11_2, 0, 11_1, 11_1
NOTE, 22, 5, 8, 11_1, 11_2, 0, 11_1
NOTE, 22, 11, 16, 11_1, 11_1, 11_2, 0
NOTE, 22, 3, 4, 11_1, 11_2, 0, 11_1
NOTE, 22, 13, 16, 11_1, 11_1, 11_2, 0
NOTE, 22, 7, 8, 11_2, 0, 11_1, 11_1
NOTE, 22, 15, 16, 11_3, 0, 0, 11_1
NOTE, 23, 0, 1, 2, 1, 2, 1
NOTE, 23, 7, 32, 3, 0, 3, 0
NOTE, 23, 1, 4, 1, 2, 1, 2
NOTE, 23, 15, 32, 0, 3, 0, 3
NOTE, 23, 1, 2, 1, 1, 1, 1
NOTE, 23, 9, 16, 0, 1, 1, 0
NOTE, 23, 5, 8, 1, 1, 0, 1
NOTE, 23, 11, 16, 1, 0, 1, 1
NOTE, 23, 3, 4, 1, 1, 1, 1
NOTE, 23, 13, 16, 1, 1, 0, 0
NOTE, 23, 7, 8, 0, 1, 1, 1
NOTE, 23, 15, 16, 0, 0, 1, 1
NOTE, 24, 0, 1, 1, 1, 1, 0
NOTE, 24, 1, 16, 1, 0, 0, 1
NOTE, 24, 1, 8, 0, 1, 1, 1
NOTE, 24, 3, 16, 1, 0, 1, 0
NOTE, 24, 1, 4, 1, 1, 0, 1
NOTE, 24, 5, 16, 0, 0, 1, 1
NOTE, 24, 3, 8, 1, 1, 1, 0
NOTE, 24, 7, 16, 0, 1, 0, 1
NOTE, 24, 1, 2, 1, 0, 1, 1
NOTE, 24, 9, 16, 1, 1, 0, 0
NOTE, 24, 5, 8, 1, 0, 1, 1
NOTE, 24, 11, 16, 0, 0, 1, 1
NOTE, 24, 3, 4, 1, 1, 0, 1
NOTE, 24, 13, 16, 0, 1, 1, 0
NOTE, 24, 7, 8, 1, 1, 1, 1
NOTE, 24, 15, 16, 1, 0, 0, 0
NOTE, 25, 0, 1, 12_1, 11_2, 0, 12_1
NOTE, 31, 15, 16, 13_1, 0, 0, 13_1
NOTE, 32, 0, 1, 0, 11_1, 0, 11_1
NOTE, 32, 1, 8, 11_4, 0, 0, 0
NOTE, 32, 1, 4, 11_3, 0, 0, 11_1
NOTE, 32, 3, 8, 11_4, 0, 0, 0
NOTE, 32, 7, 16, 11_1, 0, 11_1, 0
NOTE, 32, 1, 2, 0, 11_2, 0, 11_1
NOTE, 32, 9, 16, 0, 0, 11_1, 0
NOTE, 32, 5, 8, 11_4, 0, 0, 0
NOTE, 32, 11, 16, 11_4, 0, 0, 0
NOTE, 32, 3, 4, 11_4, 0, 0, 0
NOTE, 33, 0, 1, 12_1, 12_3, 0, 0
NOTE, 33, 7, 32, 13_1, 13_3, 0, 0
NOTE, 33, 1, 4, 12_3, 0, 0, 12_1
NOTE, 33, 15, 32, 13_3, 0, 0, 13_1
NOTE, 33, 1, 2, 11_4, 0, 0, 0
NOTE, 33, 9, 16, 0, 11_1, 0, 11_1
NOTE, 33, 5, 8, 11_4, 0, 0, 0
NOTE, 33, 11, 16, 11_1, 11_1, 0, 11_1
NOTE, 33, 3, 4, 11_4, 0, 0, 0
NOTE, 33, 7, 8, 12_3, 0, 0, 12_1
NOTE, 33, 31, 32, 13_3, 0, 0, 13_1
NOTE, 34, 0, 1, 12_1, 12_1, 11_1, 11_1
NOTE, 34, 7, 32, 13_1, 13_1, 0, 0
NOTE, 34, 1, 4, 11_1, 12_1, 12_1, 11_1
NOTE, 34, 11, 32, 0, 13_1, 13_1, 0
NOTE, 34, 3, 8, 12_1, 0, 0, 12_1
NOTE, 34, 15, 32, 13_1, 0, 0, 13_1
NOTE, 34, 1, 2, 11_4, 0, 0, 0
NOTE, 34, 9, 16, 11_1, 11_1, 0, 0
NOTE, 34, 5, 8, 0, 0, 11_1, 11_1
NOTE, 34, 11, 16, 11_2, 0, 11_2, 0
NOTE, 34, 3, 4, 11_4, 0, 0, 0
NOTE, 34, 13, 16, 11_1, 0, 0, 11_1
NOTE, 34, 7, 8, 0, 11_1, 11_1, 0
NOTE, 34, 15, 16, 11_1, 11_1, 0, 0
NOTE, 35, 0, 1, 11_4, 0, 0, 0
NOTE, 35, 1, 8, 12_1, 12_1, 0, 0
NOTE, 35, 7, 32, 13_1, 13_1, 0, 0
NOTE, 35, 1, 4, 11_1, 12_1, 11_1, 12_1
NOTE, 35, 15, 32, 0, 13_1, 0, 13_1
NOTE, 35, 1, 2, 11_4, 0, 0, 0
NOTE, 35, 9, 16, 11_3, 0, 0, 11_1
NOTE, 35, 5, 8, 0, 11_2, 0, 11_1
NOTE, 35, 11, 16, 11_3, 0, 0, 11_1
NOTE, 35, 3, 4, 11_2, 12_1, 11_2, 12_1
NOTE, 35, 13, 16, 0, 13_1, 12_1, 13_1
NOTE, 35, 7, 8, 12_1, 12_1, 13_1, 0
NOTE, 35, 31, 32, 13_1, 13_1, 0, 0
NOTE, 36, 0, 1, 11_1, 11_1, 12_1, 12_1
NOTE, 36, 7, 32, 0, 0, 13_1, 13_1
NOTE, 36, 1, 4, 12_1, 11_1, 12_1, 11_1
NOTE, 36, 3, 8, 0, 12_1, 13_1, 0
NOTE, 36, 15, 32, 13_1, 13_1, 0, 0
NOTE, 36, 1, 2, 11_4, 0, 0, 0
NOTE, 36, 9, 16, 0, 11_1, 11_2, 0
NOTE, 36, 5, 8, 11_2, 0, 11_1, 0
NOTE, 36, 11, 16, 0, 11_1, 11_1, 0
NOTE, 36, 3, 4, 11_1, 12_1, 12_1, 11_1
NOTE, 36, 7, 8, 0, 0, 13_1, 12_1
NOTE, 36, 31, 32, 0, 13_1, 0, 13_1
NOTE, 37, 0, 1, 11_1, 12_1, 12_1, 11_1
NOTE, 37, 7, 32, 0, 13_1, 13_1, 0
NOTE, 37, 1, 4, 12_1, 11_1, 11_1, 12_1
NOTE, 37, 3, 8, 0, 0, 12_1, 13_1
NOTE, 37, 15, 32, 13_1, 0, 13_1, 0
NOTE, 37, 1, 2, 11_1, 11_1, 11_1, 11_1
NOTE, 37, 9, 16, 11_2, 0, 11_1, 11_1
NOTE, 37, 5, 8, 11_1, 11_1, 0, 0
NOTE, 37, 11, 16, 11_1, 11_1, 11_1, 0
NOTE, 37, 3, 4, 11_4, 0, 0, 0
NOTE, 37, 7, 8, 12_1, 0, 12_1, 0
NOTE, 37, 31, 32, 13_1, 0, 13_1, 0
NOTE, 38, 0, 1, 11_1, 12_1, 11_1, 12_1
NOTE, 38, 7, 32, 0, 13_1, 0, 13_1
NOTE, 38, 1, 4, 11_1, 11_3, 12_1, 12_1
NOTE, 38, 3, 8, 0, 12_1, 13_1, 0
NOTE, 38, 15, 32, 0, 13_1, 0, 13_1
NOTE, 38, 1, 2, 11_4, 0, 0, 0
NOTE, 38, 9, 16, 11_2, 0, 0, 0
NOTE, 38, 5, 8, 0, 0, 11_2, 0
NOTE, 38, 11, 16, 0, 11_1, 0, 11_1
NOTE, 38, 3, 4, 11_4, 0, 0, 0
NOTE, 38, 13, 16, 11_1, 0, 0, 11_1
NOTE, 38, 7, 8, 0, 11_2, 0, 0
NOTE, 38, 15, 16, 11_3, 0, 0, 0
NOTE, 39, 0, 1, 11_4, 12_1, 0, 0
NOTE, 39, 1, 8, 11_4, 13_1, 12_1, 12_1
NOTE, 39, 7, 32, 0, 0, 13_1, 13_1
NOTE, 39, 1, 4, 11_4, 12_1, 12_1, 0
NOTE, 39, 15, 32, 0, 13_1, 13_1, 0
NOTE, 39, 1, 2, 11_4, 0, 0, 0
NOTE, 39, 9, 16, 0, 11_3, 0, 0
NOTE, 39, 5, 8, 11_1, 0, 11_2, 0
NOTE, 39, 11, 16, 11_2, 0, 0, 11_1
NOTE, 39, 3, 4, 11_1, 11_3, 12_1, 12_1
NOTE, 39, 7, 8, 11_4, 12_1, 0, 13_1
NOTE, 39, 31, 32, 0, 13_1, 13_1, 0
NOTE, 40, 0, 1, 11_4, 0, 0, 0
NOTE, 40, 1, 16, 11_2, 0, 11_2, 0
NOTE, 40, 1, 8, 11_4, 0, 0, 0
NOTE, 40, 3, 16, 11_3, 0, 0, 11_1
NOTE, 40, 1, 4, 11_4, 0, 0, 0
NOTE, 40, 5, 16, 11_1, 11_3, 0, 0
NOTE, 40, 3, 8, 11_2, 0, 11_2, 0
NOTE, 40, 7, 16, 11_3, 0, 0, 11_1
NOTE, 40, 1, 2, 11_4, 0, 0, 0
NOTE, 40, 9, 16, 11_1, 11_3, 0, 0
NOTE, 40, 5, 8, 11_2, 0, 11_2, 0
NOTE, 40, 11, 16, 11_2, 0, 11_2, 0
NOTE, 40, 3, 4, 11_4, 0, 0, 0
NOTE, 40, 13, 16, 11_1, 11_3, 0, 0
NOTE, 40, 7, 8, 11_1, 11_2, 0, 0
NOTE, 40, 15, 16, 11_1, 11_1, 0, 0
NOTE, 41, 0, 1, 11_4, 12_1, 12_1, 12_1
NOTE, 41, 7, 32, 0, 13_1, 13_1, 13_1
NOTE, 41, 1, 4, 1, 2, 1, 2
NOTE, 41, 15, 32, 0, 3, 0, 3
NOTE, 41, 1, 2, 1, 1, 1, 1
NOTE, 41, 9, 16, 1, 1, 1, 0
NOTE, 41, 5, 8, 0, 1, 1, 1
NOTE, 41, 11, 16, 1, 1, 0, 1
NOTE, 41, 3, 4, 1, 1, 1, 1
NOTE, 41, 7, 8, 2, 0, 2, 0
NOTE, 41, 31, 32, 3, 0, 3, 0
NOTE, 42, 0, 1, 1, 1, 2, 2
NOTE, 42, 7, 32, 0, 0, 3, 3
NOTE, 42, 1, 4, 1, 2, 2, 1
NOTE, 42, 11, 32, 0, 3, 3, 0
NOTE, 42, 3, 8, 2, 0, 0, 2
NOTE, 42, 15, 32, 3, 0, 0, 3
NOTE, 42, 1, 2, 1, 1, 1, 1
NOTE, 42, 9, 16, 0, 0, 1, 1
NOTE, 42, 5, 8, 1, 1, 0, 0
NOTE, 42, 11, 16, 0, 1, 1, 0
NOTE, 42, 3, 4, 1, 1, 1, 1
NOTE, 42, 13, 16, 1, 0, 0, 1
NOTE, 42, 7, 8, 0, 1, 1, 0
NOTE, 42, 15, 16, 1, 0, 1, 0
NOTE, 43, 0, 1, 2, 1, 1, 1
NOTE, 43, 1, 8, 3, 0, 2, 2
NOTE, 43, 7, 32, 0, 0, 3, 3
NOTE, 43, 1, 4, 1, 1, 1, 1
NOTE, 43, 3, 8, 0, 2, 0, 2
NOTE, 43, 15, 32, 0, 3, 0, 3
NOTE, 43, 1, 2, 1, 1, 1, 1
NOTE, 43, 5, 8, 2, 0, 0, 2
NOTE, 43, 23, 32, 3, 0, 0, 3
NOTE, 43, 3, 4, 1, 2, 2, 1
NOTE, 43, 31, 32, 0, 3, 3, 0
NOTE, 44, 0, 1, 2, 2, 1, 1
NOTE, 44, 7, 32, 3, 3, 0, 0
NOTE, 44, 1, 4, 1, 2, 1, 2
NOTE, 44, 3, 8, 0, 3, 2, 0
NOTE, 44, 15, 32, 0, 0, 3, 3
NOTE, 44, 1, 2, 1, 1, 1, 1
NOTE, 44, 9, 16, 1, 0, 1, 0
NOTE, 44, 5, 8, 0, 1, 0, 1
NOTE, 44, 11, 16, 0, 1, 1, 0
NOTE, 44, 3, 4, 1, 2, 2, 1
NOTE, 44, 7, 8, 2, 3, 0, 0
NOTE, 44, 31, 32, 3, 0, 3, 0
NOTE, 45, 0, 1, 1, 2, 2, 1
NOTE, 45, 7, 32, 0, 3, 3, 0
NOTE, 45, 1, 4, 2, 1, 1, 2
NOTE, 45, 3, 8, 3, 2, 0, 0
NOTE, 45, 15, 32, 0, 3, 0, 3
NOTE, 45, 1, 2, 1, 1, 1, 1
NOTE, 45, 9, 16, 1, 1, 1, 0
NOTE, 45, 5, 8, 1, 0, 1, 1
NOTE, 45, 11, 16, 0, 1, 1, 1
NOTE, 45, 3, 4, 1, 1, 1, 1
NOTE, 45, 7, 8, 0, 2, 0, 2
NOTE, 45, 31, 32, 0, 3, 0, 3
NOTE, 46, 0, 1, 2, 1, 2, 1
NOTE, 46, 7, 32, 3, 0, 3, 0
NOTE, 46, 1, 4, 2, 2, 1, 1
NOTE, 46, 3, 8, 0, 3, 2, 0
NOTE, 46, 15, 32, 3, 0, 3, 0
NOTE, 46, 1, 2, 1, 1, 1, 1
NOTE, 46, 9, 16, 0, 0, 1, 1
NOTE, 46, 5, 8, 1, 1, 0, 0
NOTE, 46, 11, 16, 1, 0, 1, 0
NOTE, 46, 3, 4, 1, 1, 1, 1
NOTE, 46, 13, 16, 1, 0, 0, 1
NOTE, 46, 7, 8, 0, 1, 1, 0
NOTE, 46, 15, 16, 0, 1, 0, 1
NOTE, 47, 0, 1, 2, 1, 2, 2
NOTE, 47, 1, 8, 0, 2, 0, 0
NOTE, 47, 7, 32, 3, 3, 3, 3
NOTE, 47, 1, 4, 1, 1, 1, 1
NOTE, 47, 3, 8, 2, 0, 0, 2
NOTE, 47, 15, 32, 3, 0, 0, 3
NOTE, 47, 1, 2, 1, 1, 1, 1
NOTE, 47, 9, 16, 0, 1, 1, 0
NOTE, 47, 5, 8, 1, 1, 0, 1
NOTE, 47, 11, 16, 0, 0, 1, 1
NOTE, 47, 3, 4, 1, 1, 1, 1
NOTE, 47, 13, 16, 1, 1, 0, 0
NOTE, 47, 7, 8, 0, 1, 1, 1
NOTE, 47, 15, 16, 0, 0, 1, 1
NOTE, 48, 0, 1, 0, 0, 0, 1
NOTE, 48, 1, 16, 1, 1, 0, 0
NOTE, 48, 1, 8, 0, 0, 1, 1
NOTE, 48, 3, 16, 1, 0, 1, 0
NOTE, 48, 1, 4, 0, 1, 0, 0
NOTE, 48, 5, 16, 1, 0, 0, 1
NOTE, 48, 3, 8, 0, 1, 1, 0
NOTE, 48, 7, 16, 1, 1, 0, 0
NOTE, 48, 1, 2, 0, 0, 0, 1
NOTE, 48, 9, 16, 0, 1, 1, 0
NOTE, 48, 5, 8, 1, 0, 1, 0
NOTE, 48, 11, 16, 0, 1, 0, 1
NOTE, 48, 3, 4, 1, 1, 1, 1
NOTE, 48, 13, 16, 0, 0, 1, 0
NOTE, 48, 7, 8, 0, 1, 0, 0
NOTE, 48, 15, 16, 1, 0, 0, 0
NOTE, 49, 0, 1, 1, 1, 1, 1
NOTE, 49, 1, 16, 0, 1, 1, 0
NOTE, 49, 1, 8, 1, 1, 0, 0
NOTE, 49, 3, 16, 0, 0, 1, 1
NOTE, 49, 1, 4, 1, 1, 1, 1
NOTE, 49, 5, 16, 1, 1, 0, 0
NOTE, 49, 3, 8, 0, 1, 1, 0
NOTE, 49, 7, 16, 1, 0, 0, 1
NOTE, 49, 1, 2, 1, 1, 1, 1
NOTE, 49, 9, 16, 0, 1, 1, 1
NOTE, 49, 5, 8, 1, 1, 1, 0
NOTE, 49, 11, 16, 1, 1, 0, 1
NOTE, 49, 3, 4, 1, 1, 1, 1
NOTE, 49, 13, 16, 1, 0, 1, 1
NOTE, 49, 7, 8, 1, 1, 1, 0
NOTE, 49, 15, 16, 0, 1, 1, 1
NOTE, 50, 0, 1, 1, 1, 1, 1
NOTE, 50, 1, 16, 1, 0, 0, 1
NOTE, 50, 1, 8, 0, 1, 0, 1
NOTE, 50, 3, 16, 0, 1, 1, 0
NOTE, 50, 1, 4, 1, 1, 1, 1
NOTE, 50, 5, 16, 1, 0, 1, 0
NOTE, 50, 3, 8, 0, 1, 0, 1
NOTE, 50, 7, 16, 0, 0, 1, 1
NOTE, 50, 1, 2, 1, 1, 1, 1
NOTE, 50, 9, 16, 1, 1, 1, 0
NOTE, 50, 5, 8, 0, 1, 1, 1
NOTE, 50, 11, 16, 1, 1, 0, 1
NOTE, 50, 3, 4, 1, 1, 1, 1
NOTE, 50, 13, 16, 1, 0, 1, 1
NOTE, 50, 7, 8, 1, 1, 0, 1
NOTE, 50, 15, 16, 1, 1, 1, 0
NOTE, 51, 0, 1, 1, 1, 1, 1
NOTE, 51, 1, 16, 0, 0, 1, 1
NOTE, 51, 1, 8, 1, 1, 0, 0
NOTE, 51, 3, 16, 0, 1, 0, 1
NOTE, 51, 1, 4, 1, 1, 1, 1
NOTE, 51, 5, 16, 0, 0, 1, 1
NOTE, 51, 3, 8, 1, 0, 1, 0
NOTE, 51, 7, 16, 1, 1, 0, 0
NOTE, 51, 1, 2, 1, 1, 1, 1
NOTE, 51, 9, 16, 0, 1, 1, 1
NOTE, 51, 5, 8, 1, 1, 1, 0
NOTE, 51, 11, 16, 1, 1, 0, 1
NOTE, 51, 3, 4, 1, 1, 1, 1
NOTE, 51, 13, 16, 1, 0, 1, 1
NOTE, 51, 7, 8, 0, 1, 1, 1
NOTE, 51, 15, 16, 1, 1, 0, 1
NOTE, 52, 0, 1, 1, 0, 1, 1
NOTE, 52, 1, 16, 0, 1, 1, 0
NOTE, 52, 1, 8, 0, 1, 1, 1
NOTE, 52, 3, 16, 1, 0, 1, 0
NOTE, 52, 1, 4, 1, 1, 1, 1
NOTE, 52, 5, 16, 1, 0, 0, 1
NOTE, 52, 3, 8, 1, 1, 1, 0
NOTE, 52, 7, 16, 0, 1, 0, 1
NOTE, 52, 1, 2, 1, 1, 1, 1
NOTE, 52, 9, 16, 1, 0, 1, 0
NOTE, 52, 5, 8, 0, 1, 1, 1
NOTE, 52, 11, 16, 1, 0, 0, 1
NOTE, 52, 3, 4, 1, 1, 1, 1
NOTE, 52, 13, 16, 0, 1, 1, 0
NOTE, 52, 7, 8, 1, 1, 0, 1
NOTE, 52, 15, 16, 1, 0, 1, 0
NOTE, 53, 0, 1, 1, 1, 1, 1
NOTE, 53, 1, 16, 0, 1, 0, 1
NOTE, 53, 1, 8, 1, 0, 1, 0
NOTE, 53, 3, 16, 1, 1, 0, 0
NOTE, 53, 1, 4, 1, 1, 1, 1
NOTE, 53, 5, 16, 0, 0, 1, 1
NOTE, 53, 3, 8, 1, 0, 1, 0
NOTE, 53, 7, 16, 1, 1, 0, 0
NOTE, 53, 1, 2, 1, 1, 1, 1
NOTE, 53, 9, 16, 0, 1, 1, 1
NOTE, 53, 5, 8, 1, 0, 1, 1
NOTE, 53, 11, 16, 1, 1, 0, 1
NOTE, 53, 3, 4, 1, 1, 1, 1
NOTE, 53, 13, 16, 1, 1, 1, 0
NOTE, 53, 7, 8, 1, 1, 0, 1
NOTE, 53, 15, 16, 0, 1, 1, 1
NOTE, 54, 0, 1, 1, 1, 1, 1
NOTE, 54, 1, 16, 1, 0, 1, 0
NOTE, 54, 1, 8, 0, 1, 0, 1
NOTE, 54, 3, 16, 0, 0, 1, 1
NOTE, 54, 1, 4, 1, 1, 1, 1
NOTE, 54, 5, 16, 1, 0, 1, 0
NOTE, 54, 3, 8, 1, 1, 0, 0
NOTE, 54, 7, 16, 0, 1, 0, 1
NOTE, 54, 1, 2, 1, 1, 1, 1
NOTE, 54, 9, 16, 1, 0, 1, 1
NOTE, 54, 5, 8, 1, 1, 1, 0
NOTE, 54, 11, 16, 0, 1, 1, 1
NOTE, 54, 3, 4, 1, 1, 1, 1
NOTE, 54, 13, 16, 1, 1, 0, 1
NOTE, 54, 7, 8, 1, 1, 1, 0
NOTE, 54, 15, 16, 1, 0, 1, 1
NOTE, 55, 0, 1, 1, 1, 1, 1
NOTE, 55, 1, 16, 1, 1, 0, 0
NOTE, 55, 1, 8, 0, 1, 0, 1
NOTE, 55, 3, 16, 0, 0, 1, 1
NOTE, 55, 1, 4, 1, 1, 1, 1
NOTE, 55, 5, 16, 1, 0, 0, 1
NOTE, 55, 3, 8, 0, 1, 1, 0
NOTE, 55, 7, 16, 1, 1, 0, 0
NOTE, 55, 1, 2, 1, 1, 1, 1
NOTE, 55, 9, 16, 0, 1, 1, 1
NOTE, 55, 5, 8, 1, 0, 1, 1
NOTE, 55, 11, 16, 1, 1, 1, 0
NOTE, 55, 3, 4, 1, 1, 1, 1
NOTE, 55, 13, 16, 1, 1, 0, 1
NOTE, 55, 7, 8, 0, 1, 1, 1
NOTE, 55, 15, 16, 1, 1, 1, 0
NOTE, 56, 0, 1, 0, 0, 1, 1
NOTE, 56, 1, 16, 1, 0, 1, 0
NOTE, 56, 1, 8, 1, 1, 0, 1
NOTE, 56, 3, 16, 0, 0, 1, 1
NOTE, 56, 1, 4, 1, 1, 0, 0
NOTE, 56, 5, 16, 0, 1, 1, 0
NOTE, 56, 3, 8, 1, 0, 1, 1
NOTE, 56, 7, 16, 0, 1, 0, 1
NOTE, 56, 1, 2, 1, 0, 1, 0
NOTE, 56, 9, 16, 1, 1, 0, 0
NOTE, 56, 5, 8, 0, 1, 1, 1
NOTE, 56, 11, 16, 1, 0, 0, 1
NOTE, 56, 3, 4, 1, 1, 1, 0
NOTE, 56, 13, 16, 0, 1, 0, 1
NOTE, 56, 7, 8, 1, 0, 1, 1
NOTE, 56, 15, 16, 0, 1, 1, 0
NOTE, 57, 0, 1, 1, 1, 2, 2
NOTE, 57, 7, 32, 0, 0, 3, 3
NOTE, 57, 1, 4, 2, 2, 1, 1
NOTE, 57, 15, 32, 3, 3, 0, 0
NOTE, 57, 1, 2, 1, 1, 1, 1
NOTE, 57, 9, 16, 0, 0, 1, 1
NOTE, 57, 5, 8, 1, 1, 0, 1
NOTE, 57, 11, 16, 1, 1, 1, 0
NOTE, 57, 3, 4, 1, 1, 1, 1
NOTE, 57, 13, 16, 1, 1, 0, 1
NOTE, 57, 7, 8, 0, 1, 1, 1
NOTE, 57, 15, 16, 1, 0, 1, 0
NOTE, 58, 0, 1, 2, 1, 1, 2
NOTE, 58, 1, 8, 0, 0, 2, 3
NOTE, 58, 7, 32, 3, 0, 3, 0
NOTE, 58, 1, 4, 1, 2, 2, 1
NOTE, 58, 3, 8, 1, 3, 3, 1
NOTE, 58, 7, 16, 0, 1, 0, 1
NOTE, 58, 1, 2, 1, 1, 1, 1
NOTE, 58, 9, 16, 1, 0, 1, 0
NOTE, 58, 5, 8, 1, 1, 0, 1
NOTE, 58, 11, 16, 0, 1, 1, 1
NOTE, 58, 3, 4, 1, 1, 1, 1
NOTE, 58, 13, 16, 1, 0, 1, 1
NOTE, 58, 7, 8, 1, 1, 1, 0
NOTE, 58, 15, 16, 0, 1, 0, 1
NOTE, 59, 0, 1, 1, 2, 1, 2
NOTE, 59, 7, 32, 0, 3, 0, 3
NOTE, 59, 1, 4, 2, 1, 2, 1
NOTE, 59, 15, 32, 3, 0, 3, 0
NOTE, 59, 1, 2, 1, 1, 1, 1
NOTE, 59, 9, 16, 0, 1, 1, 0
NOTE, 59, 5, 8, 1, 0, 1, 1
NOTE, 59, 11, 16, 1, 1, 0, 1
NOTE, 59, 3, 4, 1, 1, 1, 1
NOTE, 59, 13, 16, 1, 0, 1, 1
NOTE, 59, 7, 8, 1, 1, 1, 0
NOTE, 59, 15, 16, 0, 1, 1, 1
NOTE, 60, 0, 1, 2, 2, 1, 1
NOTE, 60, 1, 8, 0, 3, 2, 1
NOTE, 60, 7, 32, 3, 0, 3, 0
NOTE, 60, 1, 4, 1, 2, 1, 2
NOTE, 60, 3, 8, 1, 3, 2, 0
NOTE, 60, 15, 32, 0, 0, 3, 3
NOTE, 60, 1, 2, 1, 1, 1, 1
NOTE, 60, 9, 16, 1, 0, 1, 0
NOTE, 60, 5, 8, 1, 1, 0, 1
NOTE, 60, 11, 16, 0, 0, 1, 1
NOTE, 60, 3, 4, 1, 2, 2, 1
NOTE, 60, 7, 8, 2, 0, 3, 1
NOTE, 60, 31, 32, 3, 3, 0, 0
NOTE, 61, 0, 1, 1, 1, 2, 2
NOTE, 61, 7, 32, 0, 0, 3, 3
NOTE, 61, 1, 4, 2, 2, 1, 1
NOTE, 61, 15, 32, 3, 3, 0, 0
NOTE, 61, 1, 2, 1, 1, 1, 1
NOTE, 61, 9, 16, 0, 0, 1, 1
NOTE, 61, 5, 8, 1, 1, 0, 1
NOTE, 61, 11, 16, 1, 1, 1, 0
NOTE, 61, 3, 4, 1, 1, 1, 1
NOTE, 61, 13, 16, 1, 1, 0, 1
NOTE, 61, 7, 8, 0, 1, 1, 1
NOTE, 61, 15, 16, 1, 0, 1, 0
NOTE, 62, 0, 1, 2, 1, 1, 2
NOTE, 62, 1, 8, 0, 0, 2, 3
NOTE, 62, 7, 32, 3, 0, 3, 0
NOTE, 62, 1, 4, 2, 1, 1, 2
NOTE, 62, 3, 8, 3, 1, 1, 3
NOTE, 62, 7, 16, 1, 0, 0, 1
NOTE, 62, 1, 2, 1, 1, 1, 1
NOTE, 62, 9, 16, 1, 1, 1, 0
NOTE, 62, 5, 8, 1, 1, 0, 1
NOTE, 62, 11, 16, 0, 1, 1, 1
NOTE, 62, 3, 4, 1, 1, 1, 1
NOTE, 62, 13, 16, 1, 0, 1, 1
NOTE, 62, 7, 8, 1, 1, 1, 0
NOTE, 62, 15, 16, 1, 1, 0, 0
NOTE, 63, 0, 1, 1, 2, 1, 2
NOTE, 63, 7, 32, 0, 3, 0, 3
NOTE, 63, 1, 4, 2, 1, 2, 1
NOTE, 63, 15, 32, 3, 0, 3, 0
NOTE, 63, 1, 2, 1, 1, 1, 1
NOTE, 63, 9, 16, 0, 1, 1, 0
NOTE, 63, 5, 8, 1, 0, 1, 1
NOTE, 63, 11, 16, 1, 1, 0, 1
NOTE, 63, 3, 4, 1, 1, 1, 1
NOTE, 63, 13, 16, 0, 0, 1, 1
NOTE, 63, 7, 8, 1, 1, 1, 0
NOTE, 63, 15, 16, 1, 1, 0, 0
NOTE, 64, 0, 1, 0, 1, 1, 1
NOTE, 64, 1, 16, 1, 0, 0, 1
NOTE, 64, 1, 8, 1, 1, 1, 0
NOTE, 64, 3, 16, 0, 1, 0, 1
NOTE, 64, 1, 4, 1, 0, 1, 1
NOTE, 64, 5, 16, 1, 1, 0, 0
NOTE, 64, 3, 8, 0, 1, 1, 1
NOTE, 64, 7, 16, 1, 0, 1, 0
NOTE, 64, 1, 2, 1, 1, 0, 1
NOTE, 64, 9, 16, 0, 0, 1, 1
NOTE, 64, 5, 8, 1, 1, 0, 1
NOTE, 64, 11, 16, 1, 1, 0, 0
NOTE, 64, 3, 4, 1, 0, 1, 1
NOTE, 64, 13, 16, 0, 1, 1, 0
NOTE, 64, 7, 8, 1, 1, 1, 1
NOTE, 64, 15, 16, 0, 0, 0, 1
NOTE, 65, 0, 1, 1, 1, 1, 1
