BPM, 220.00
OFFSET, -1.082
KeyMode: 4
SPEED, 1.00
SPEED, 54, 1, 16, -3.00
SPEED, 54, 1, 8, -2.00
SPEED, 54, 3, 16, -1.00
SPEED, 54, 1, 4, 0.00
SPEED, 54, 3, 4, 0.50
SPEED, 54, 13, 16, 0.60
SPEED, 54, 7, 8, 0.70
SPEED, 54, 15, 16, 0.80
SPEED, 55, 0, 1, 1.00
SPEED, 96, 1, 16, 0.90
SPEED, 96, 1, 8, 0.80
SPEED, 96, 3, 16, 0.70
SPEED, 96, 1, 4, 0.60
SPEED, 96, 3, 8, 0.50
SPEED, 96, 1, 2, 0.40
SPEED, 96, 5, 8, 0.30
SPEED, 96, 3, 4, 0.20
SPEED, 96, 7, 8, 0.10
SPEED, 96, 15, 16, 1.00
SPEED, 98, 0, 1, 1.00
SPEED, 127, 0, 1, 1.00
NOTE, 1, 0, 1, 2, 0, 0, 2
NOTE, 3, 0, 1, 3, 2, 0, 3
NOTE, 5, 0, 1, 0, 3, 0, 1
NOTE, 5, 1, 4, 0, 0, 1, 0
NOTE, 5, 1, 2, 0, 1, 0, 0
NOTE, 5, 3, 4, 0, 0, 1, 0
NOTE, 6, 0, 1, 0, 0, 0, 1
NOTE, 6, 1, 4, 0, 0, 1, 0
NOTE, 6, 1, 2, 0, 1, 0, 0
NOTE, 6, 3, 4, 1, 0, 0, 0
NOTE, 7, 0, 1, 0, 0, 1, 0
NOTE, 7, 1, 6, 0, 1, 0, 0
NOTE, 7, 1, 3, 1, 0, 0, 1
NOTE, 7, 1, 2, 0, 1, 0, 0
NOTE, 7, 2, 3, 0, 0, 1, 0
NOTE, 8, 0, 1, 0, 2, 2, 0
NOTE, 8, 3, 4, 2, 3, 3, 2
NOTE, 9, 0, 1, 3, 0, 0, 3
NOTE, 9, 1, 4, 0, 1, 1, 0
NOTE, 9, 1, 2, 1, 0, 0, 1
NOTE, 9, 3, 4, 0, 1, 1, 0
NOTE, 10, 0, 1, 11_4, 0, 0, 0
NOTE, 10, 1, 2, 0, 1, 0, 0
NOTE, 10, 3, 4, 0, 0, 1, 0
NOTE, 11, 0, 1, 0, 1, 0, 1
NOTE, 11, 1, 4, 1, 0, 1, 0
NOTE, 11, 1, 2, 0, 1, 0, 1
NOTE, 11, 3, 4, 1, 0, 1, 0
NOTE, 12, 0, 1, 0, 1, 0, 1
NOTE, 12, 1, 2, 1, 0, 0, 1
NOTE, 12, 3, 4, 0, 1, 1, 0
NOTE, 13, 0, 1, 1, 0, 0, 1
NOTE, 13, 1, 4, 0, 1, 1, 0
NOTE, 13, 1, 2, 1, 0, 0, 1
NOTE, 13, 3, 4, 0, 1, 1, 0
NOTE, 14, 0, 1, 1, 0, 0, 1
NOTE, 14, 1, 2, 1, 1, 0, 0
NOTE, 14, 3, 4, 0, 1, 1, 0
NOTE, 15, 0, 1, 1, 0, 0, 1
NOTE, 15, 1, 4, 0, 1, 1, 0
NOTE, 15, 1, 2, 0, 0, 1, 1
NOTE, 15, 3, 4, 0, 2, 2, 0
NOTE, 16, 0, 1, 0, 3, 3, 0
NOTE, 16, 1, 2, 2, 0, 0, 0
NOTE, 16, 3, 4, 3, 2, 0, 0
NOTE, 17, 0, 1, 0, 3, 2, 0
NOTE, 17, 1, 4, 0, 0, 3, 2
NOTE, 17, 1, 2, 0, 12_2, 0, 3
NOTE, 18, 0, 1, 0, 13_2, 0, 0
NOTE, 18, 1, 2, 0, 2, 2, 0
NOTE, 18, 3, 4, 0, 3, 3, 0
NOTE, 19, 0, 1, 1, 0, 0, 0
NOTE, 19, 1, 4, 0, 0, 1, 0
NOTE, 19, 1, 2, 0, 1, 0, 0
NOTE, 19, 3, 4, 0, 0, 0, 1
NOTE, 20, 1, 2, 0, 1, 0, 0
NOTE, 20, 3, 4, 0, 0, 1, 0
NOTE, 21, 0, 1, 1, 0, 0, 0
NOTE, 21, 1, 4, 0, 0, 0, 1
NOTE, 21, 1, 2, 1, 0, 1, 0
NOTE, 21, 3, 4, 0, 1, 1, 0
NOTE, 22, 0, 1, 0, 1, 0, 1
NOTE, 22, 1, 2, 1, 0, 0, 0
NOTE, 22, 3, 4, 0, 1, 0, 0
NOTE, 23, 0, 1, 0, 0, 1, 0
NOTE, 23, 1, 4, 0, 0, 0, 1
NOTE, 23, 1, 2, 0, 0, 1, 0
NOTE, 23, 3, 4, 0, 1, 0, 0
NOTE, 24, 0, 1, 1, 0, 0, 0
NOTE, 24, 1, 2, 0, 0, 0, 1
NOTE, 24, 3, 4, 0, 0, 1, 0
NOTE, 25, 0, 1, 0, 1, 0, 0
NOTE, 25, 1, 4, 1, 0, 0, 0
NOTE, 25, 1, 2, 0, 1, 0, 0
NOTE, 25, 3, 4, 0, 0, 1, 0
NOTE, 26, 0, 1, 0, 0, 0, 1
NOTE, 26, 1, 4, 2, 0, 0, 2
NOTE, 27, 0, 1, 3, 0, 0, 3
NOTE, 27, 1, 4, 1, 0, 0, 1
NOTE, 27, 1, 2, 1, 0, 0, 1
NOTE, 28, 0, 1, 11_4, 0, 0, 0
NOTE, 29, 0, 1, 11_4, 0, 0, 0
NOTE, 30, 0, 1, 11_4, 0, 0, 0
NOTE, 31, 0, 1, 11_4, 0, 0, 0
NOTE, 32, 0, 1, 11_4, 0, 0, 0
NOTE, 33, 0, 1, 11_4, 0, 0, 0
NOTE, 34, 0, 1, 11_4, 0, 0, 0
NOTE, 35, 0, 1, 11_4, 0, 0, 0
NOTE, 36, 0, 1, 11_4, 0, 0, 0
NOTE, 37, 0, 1, 11_4, 0, 0, 0
NOTE, 38, 0, 1, 11_4, 0, 0, 0
NOTE, 39, 0, 1, 11_4, 0, 0, 0
NOTE, 40, 0, 1, 11_4, 0, 0, 0
NOTE, 41, 0, 1, 11_4, 0, 0, 0
NOTE, 42, 0, 1, 11_4, 0, 0, 0
NOTE, 43, 0, 1, 11_4, 0, 0, 0
NOTE, 43, 1, 4, 11_4, 0, 0, 0
NOTE, 43, 1, 2, 11_4, 0, 0, 0
NOTE, 43, 3, 4, 11_4, 0, 0, 0
NOTE, 44, 0, 1, 11_4, 0, 0, 0
NOTE, 44, 1, 4, 0, 0, 1, 1
NOTE, 44, 1, 2, 1, 0, 1, 0
NOTE, 44, 3, 4, 1, 1, 0, 0
NOTE, 45, 0, 1, 0, 0, 1, 1
NOTE, 45, 1, 4, 0, 1, 0, 1
NOTE, 45, 1, 2, 1, 0, 1, 0
NOTE, 45, 3, 4, 0, 1, 1, 0
NOTE, 46, 0, 1, 0, 1, 0, 1
NOTE, 46, 1, 4, 1, 1, 0, 0
NOTE, 46, 3, 8, 0, 0, 1, 1
NOTE, 46, 1, 2, 1, 0, 0, 0
NOTE, 46, 5, 8, 0, 1, 1, 0
NOTE, 46, 3, 4, 0, 0, 0, 1
NOTE, 46, 7, 8, 1, 1, 0, 0
NOTE, 47, 0, 1, 0, 0, 1, 1
NOTE, 47, 1, 4, 0, 1, 0, 1
NOTE, 47, 1, 2, 0, 1, 1, 0
NOTE, 47, 3, 4, 1, 0, 0, 1
NOTE, 48, 0, 1, 1, 1, 0, 0
NOTE, 48, 1, 4, 0, 0, 1, 1
NOTE, 48, 3, 8, 1, 1, 0, 0
NOTE, 48, 1, 2, 0, 0, 0, 1
NOTE, 48, 7, 12, 0, 1, 0, 0
NOTE, 48, 2, 3, 0, 0, 1, 0
NOTE, 48, 3, 4, 1, 0, 0, 0
NOTE, 48, 5, 6, 0, 1, 0, 0
NOTE, 48, 11, 12, 0, 0, 1, 0
NOTE, 49, 0, 1, 1, 0, 0, 1
NOTE, 49, 1, 12, 0, 1, 0, 0
NOTE, 49, 1, 6, 0, 0, 1, 0
NOTE, 49, 1, 4, 1, 0, 0, 0
NOTE, 49, 1, 3, 0, 1, 0, 0
NOTE, 49, 5, 12, 0, 0, 0, 1
NOTE, 49, 1, 2, 0, 0, 1, 0
NOTE, 49, 7, 12, 0, 1, 0, 0
NOTE, 49, 2, 3, 1, 0, 0, 0
NOTE, 49, 3, 4, 0, 1, 0, 0
NOTE, 49, 5, 6, 0, 0, 1, 0
NOTE, 49, 11, 12, 0, 1, 0, 0
NOTE, 50, 0, 1, 1, 0, 0, 1
NOTE, 50, 1, 12, 0, 0, 1, 0
NOTE, 50, 1, 6, 0, 1, 0, 0
NOTE, 50, 1, 4, 0, 0, 1, 0
NOTE, 50, 1, 3, 1, 0, 0, 0
NOTE, 50, 5, 12, 0, 0, 1, 0
NOTE, 50, 1, 2, 0, 1, 0, 0
NOTE, 50, 7, 12, 1, 0, 0, 0
NOTE, 50, 2, 3, 0, 0, 0, 1
NOTE, 50, 3, 4, 0, 0, 1, 0
NOTE, 50, 5, 6, 0, 1, 0, 0
NOTE, 50, 11, 12, 0, 0, 1, 0
NOTE, 51, 0, 1, 1, 0, 0, 1
NOTE, 51, 1, 12, 0, 0, 1, 0
NOTE, 51, 1, 6, 0, 1, 0, 0
NOTE, 51, 1, 4, 1, 0, 0, 0
NOTE, 51, 1, 3, 0, 0, 1, 0
NOTE, 51, 5, 12, 0, 1, 0, 0
NOTE, 51, 1, 2, 1, 0, 0, 1
NOTE, 51, 7, 12, 0, 1, 0, 0
NOTE, 51, 2, 3, 0, 0, 1, 0
NOTE, 51, 3, 4, 0, 0, 0, 1
NOTE, 51, 5, 6, 0, 1, 0, 0
NOTE, 51, 11, 12, 0, 0, 1, 0
NOTE, 52, 0, 1, 1, 0, 0, 1
NOTE, 52, 1, 12, 0, 1, 0, 0
NOTE, 52, 1, 6, 1, 0, 0, 0
NOTE, 52, 1, 4, 0, 0, 1, 0
NOTE, 52, 1, 3, 0, 1, 0, 0
NOTE, 52, 5, 12, 0, 0, 1, 0
NOTE, 52, 1, 2, 1, 0, 0, 0
NOTE, 52, 7, 12, 0, 0, 0, 1
NOTE, 52, 2, 3, 0, 0, 1, 0
NOTE, 52, 3, 4, 1, 0, 0, 0
NOTE, 52, 5, 6, 0, 1, 0, 0
NOTE, 52, 11, 12, 0, 0, 1, 0
NOTE, 53, 0, 1, 1, 0, 0, 1
NOTE, 53, 1, 12, 0, 1, 0, 0
NOTE, 53, 1, 6, 0, 0, 1, 0
NOTE, 53, 1, 4, 0, 1, 0, 0
NOTE, 53, 1, 3, 1, 0, 0, 0
NOTE, 53, 5, 12, 0, 1, 0, 0
NOTE, 53, 1, 2, 0, 0, 1, 0
NOTE, 53, 7, 12, 0, 1, 0, 0
NOTE, 53, 2, 3, 1, 0, 0, 0
NOTE, 53, 3, 4, 0, 1, 0, 0
NOTE, 53, 5, 6, 0, 0, 1, 0
NOTE, 53, 11, 12, 0, 1, 0, 0
NOTE, 54, 0, 1, 1, 0, 0, 1
NOTE, 55, 0, 1, 1, 1, 0, 0
NOTE, 55, 1, 16, 0, 0, 1, 0
NOTE, 55, 1, 8, 1, 0, 0, 1
NOTE, 55, 3, 16, 0, 1, 0, 0
NOTE, 55, 1, 4, 0, 0, 1, 1
NOTE, 55, 5, 16, 0, 1, 0, 0
NOTE, 55, 3, 8, 1, 0, 0, 1
NOTE, 55, 7, 16, 0, 0, 1, 0
NOTE, 55, 1, 2, 1, 1, 0, 0
NOTE, 55, 9, 16, 0, 0, 1, 0
NOTE, 55, 5, 8, 0, 1, 0, 1
NOTE, 55, 11, 16, 1, 0, 0, 0
NOTE, 55, 3, 4, 0, 0, 1, 1
NOTE, 55, 13, 16, 1, 0, 0, 0
NOTE, 55, 7, 8, 0, 1, 0, 0
NOTE, 55, 15, 16, 0, 0, 1, 0
NOTE, 56, 0, 1, 1, 0, 0, 1
NOTE, 56, 1, 16, 0, 0, 1, 0
NOTE, 56, 1, 8, 0, 1, 0, 0
NOTE, 56, 3, 16, 1, 0, 0, 0
NOTE, 56, 1, 4, 0, 0, 1, 1
NOTE, 56, 5, 16, 1, 0, 0, 0
NOTE, 56, 3, 8, 0, 1, 1, 0
NOTE, 56, 7, 16, 0, 0, 0, 1
NOTE, 56, 1, 2, 1, 0, 1, 0
NOTE, 56, 9, 16, 0, 1, 0, 0
NOTE, 56, 5, 8, 0, 0, 1, 1
NOTE, 56, 11, 16, 0, 1, 0, 0
NOTE, 56, 3, 4, 1, 0, 0, 1
NOTE, 56, 13, 16, 0, 0, 1, 0
NOTE, 56, 7, 8, 0, 1, 0, 0
NOTE, 56, 15, 16, 1, 0, 0, 0
NOTE, 57, 0, 1, 0, 0, 1, 1
NOTE, 57, 1, 16, 0, 1, 0, 0
NOTE, 57, 1, 8, 1, 0, 1, 0
NOTE, 57, 3, 16, 0, 0, 0, 1
NOTE, 57, 1, 4, 1, 1, 0, 0
NOTE, 57, 5, 16, 0, 0, 1, 0
NOTE, 57, 3, 8, 1, 0, 0, 1
NOTE, 57, 7, 16, 0, 1, 0, 0
NOTE, 57, 1, 2, 0, 0, 1, 1
NOTE, 57, 9, 16, 1, 0, 0, 0
NOTE, 57, 5, 8, 0, 1, 1, 0
NOTE, 57, 11, 16, 0, 0, 0, 1
NOTE, 57, 3, 4, 1, 1, 0, 0
NOTE, 57, 13, 16, 0, 0, 1, 0
NOTE, 57, 7, 8, 1, 0, 0, 1
NOTE, 57, 15, 16, 0, 1, 0, 0
NOTE, 58, 0, 1, 0, 0, 1, 1
NOTE, 58, 1, 16, 0, 1, 0, 0
NOTE, 58, 1, 8, 1, 0, 1, 0
NOTE, 58, 3, 16, 0, 1, 0, 0
NOTE, 58, 1, 4, 0, 0, 1, 1
NOTE, 58, 5, 16, 1, 0, 0, 0
NOTE, 58, 3, 8, 0, 1, 1, 0
NOTE, 58, 7, 16, 0, 0, 0, 1
NOTE, 58, 1, 2, 1, 1, 0, 0
NOTE, 58, 9, 16, 0, 0, 1, 0
NOTE, 58, 5, 8, 1, 0, 0, 1
NOTE, 58, 11, 16, 0, 1, 0, 0
NOTE, 58, 3, 4, 0, 0, 1, 1
NOTE, 58, 13, 16, 1, 0, 0, 0
NOTE, 58, 7, 8, 0, 0, 1, 1
NOTE, 58, 15, 16, 1, 0, 0, 0
NOTE, 59, 0, 1, 0, 0, 1, 1
NOTE, 59, 1, 16, 0, 1, 0, 0
NOTE, 59, 1, 8, 1, 0, 1, 0
NOTE, 59, 3, 16, 0, 0, 0, 1
NOTE, 59, 1, 4, 0, 1, 1, 0
NOTE, 59, 5, 16, 1, 0, 0, 0
NOTE, 59, 3, 8, 0, 1, 0, 0
NOTE, 59, 7, 16, 0, 0, 1, 0
NOTE, 59, 1, 2, 1, 0, 0, 1
NOTE, 59, 9, 16, 0, 0, 1, 0
NOTE, 59, 5, 8, 0, 1, 0, 0
NOTE, 59, 11, 16, 1, 0, 0, 0
NOTE, 59, 3, 4, 0, 0, 1, 1
NOTE, 59, 7, 8, 1, 0, 1, 0
NOTE, 59, 15, 16, 0, 1, 0, 0
NOTE, 60, 0, 1, 0, 0, 1, 1
NOTE, 60, 1, 16, 0, 1, 0, 0
NOTE, 60, 1, 8, 1, 0, 0, 1
NOTE, 60, 3, 16, 0, 0, 1, 0
NOTE, 60, 1, 4, 1, 1, 0, 0
NOTE, 60, 5, 16, 0, 0, 0, 1
NOTE, 60, 3, 8, 1, 0, 1, 0
NOTE, 60, 7, 16, 0, 1, 0, 0
NOTE, 60, 1, 2, 0, 0, 1, 1
NOTE, 60, 9, 16, 1, 0, 0, 0
NOTE, 60, 5, 8, 0, 1, 0, 1
NOTE, 60, 11, 16, 0, 0, 1, 0
NOTE, 60, 3, 4, 1, 1, 0, 0
NOTE, 60, 13, 16, 0, 0, 0, 1
NOTE, 60, 7, 8, 1, 1, 0, 0
NOTE, 60, 15, 16, 0, 0, 0, 1
NOTE, 61, 0, 1, 1, 1, 0, 0
NOTE, 61, 1, 16, 0, 0, 1, 0
NOTE, 61, 1, 8, 0, 0, 0, 1
NOTE, 61, 3, 16, 0, 1, 0, 0
NOTE, 61, 1, 4, 1, 0, 0, 1
NOTE, 61, 5, 16, 0, 0, 1, 0
NOTE, 61, 3, 8, 1, 1, 0, 0
NOTE, 61, 7, 16, 0, 0, 1, 1
NOTE, 61, 1, 2, 1, 1, 0, 0
NOTE, 61, 9, 16, 0, 0, 1, 0
NOTE, 61, 5, 8, 1, 0, 0, 1
NOTE, 61, 11, 16, 0, 1, 0, 0
NOTE, 61, 3, 4, 0, 0, 1, 1
NOTE, 61, 13, 16, 1, 0, 0, 0
NOTE, 61, 7, 8, 0, 1, 1, 0
NOTE, 61, 15, 16, 0, 0, 0, 1
NOTE, 62, 0, 1, 1, 1, 0, 0
NOTE, 62, 1, 16, 0, 0, 1, 0
NOTE, 62, 1, 8, 1, 1, 0, 0
NOTE, 62, 3, 16, 0, 0, 1, 0
NOTE, 62, 1, 4, 11_2, 0, 0, 0
NOTE, 62, 5, 16, 0, 0, 11_2, 0
NOTE, 62, 3, 8, 11_2, 0, 0, 0
NOTE, 62, 7, 16, 0, 0, 11_2, 0
NOTE, 62, 1, 2, 11_2, 0, 0, 0
NOTE, 62, 17, 32, 0, 11_2, 0, 0
NOTE, 62, 9, 16, 0, 0, 11_2, 0
NOTE, 62, 19, 32, 11_3, 0, 0, 0
NOTE, 62, 5, 8, 0, 11_3, 0, 0
NOTE, 62, 21, 32, 11_3, 0, 0, 0
NOTE, 62, 11, 16, 11_4, 0, 0, 0
NOTE, 62, 15, 16, 11_4, 0, 0, 0
NOTE, 63, 0, 1, 0, 0, 1, 1
NOTE, 63, 1, 16, 0, 1, 0, 0
NOTE, 63, 1, 8, 1, 0, 0, 1
NOTE, 63, 3, 16, 0, 0, 1, 0
NOTE, 63, 1, 4, 1, 1, 0, 0
NOTE, 63, 5, 16, 0, 0, 1, 0
NOTE, 63, 3, 8, 1, 0, 0, 1
NOTE, 63, 7, 16, 0, 1, 0, 0
NOTE, 63, 1, 2, 0, 0, 1, 1
NOTE, 63, 9, 16, 0, 1, 0, 0
NOTE, 63, 5, 8, 1, 0, 1, 0
NOTE, 63, 11, 16, 0, 0, 0, 1
NOTE, 63, 3, 4, 0, 1, 1, 0
NOTE, 63, 13, 16, 1, 0, 0, 0
NOTE, 63, 7, 8, 0, 1, 0, 0
NOTE, 63, 15, 16, 0, 0, 1, 0
NOTE, 64, 0, 1, 1, 0, 0, 1
NOTE, 64, 1, 16, 0, 0, 1, 0
NOTE, 64, 1, 8, 0, 1, 0, 0
NOTE, 64, 3, 16, 1, 0, 0, 0
NOTE, 64, 1, 4, 0, 0, 1, 1
NOTE, 64, 5, 16, 1, 0, 0, 0
NOTE, 64, 3, 8, 0, 1, 1, 0
NOTE, 64, 7, 16, 0, 0, 0, 1
NOTE, 64, 1, 2, 1, 0, 1, 0
NOTE, 64, 9, 16, 0, 1, 0, 0
NOTE, 64, 5, 8, 0, 0, 1, 1
NOTE, 64, 11, 16, 0, 1, 0, 0
NOTE, 64, 3, 4, 1, 0, 0, 1
NOTE, 64, 13, 16, 0, 0, 1, 0
NOTE, 64, 7, 8, 1, 1, 0, 0
NOTE, 64, 15, 16, 0, 0, 0, 1
NOTE, 65, 0, 1, 0, 1, 1, 0
NOTE, 65, 1, 16, 1, 0, 0, 0
NOTE, 65, 1, 8, 0, 1, 0, 1
NOTE, 65, 3, 16, 0, 0, 1, 0
NOTE, 65, 1, 4, 1, 0, 0, 1
NOTE, 65, 5, 16, 0, 1, 0, 0
NOTE, 65, 3, 8, 0, 0, 1, 0
NOTE, 65, 7, 16, 0, 1, 0, 0
NOTE, 65, 1, 2, 1, 0, 0, 1
NOTE, 65, 9, 16, 0, 0, 1, 0
NOTE, 65, 5, 8, 0, 1, 0, 0
NOTE, 65, 11, 16, 1, 0, 0, 0
NOTE, 65, 3, 4, 0, 1, 1, 0
NOTE, 65, 13, 16, 0, 0, 0, 1
NOTE, 65, 7, 8, 1, 0, 1, 0
NOTE, 65, 15, 16, 0, 0, 0, 1
NOTE, 66, 0, 1, 1, 1, 0, 0
NOTE, 66, 1, 16, 0, 0, 1, 0
NOTE, 66, 1, 8, 1, 0, 0, 1
NOTE, 66, 3, 16, 0, 1, 0, 0
NOTE, 66, 1, 4, 0, 0, 1, 1
NOTE, 66, 5, 16, 1, 0, 0, 0
NOTE, 66, 3, 8, 0, 1, 1, 0
NOTE, 66, 7, 16, 0, 0, 0, 1
NOTE, 66, 1, 2, 1, 0, 1, 0
NOTE, 66, 9, 16, 0, 1, 0, 0
NOTE, 66, 5, 8, 0, 0, 1, 1
NOTE, 66, 11, 16, 1, 1, 0, 0
NOTE, 66, 3, 4, 0, 0, 1, 1
NOTE, 66, 13, 16, 1, 0, 0, 0
NOTE, 66, 7, 8, 0, 0, 1, 1
NOTE, 66, 15, 16, 1, 1, 0, 0
NOTE, 67, 0, 1, 0, 0, 1, 1
NOTE, 67, 1, 16, 1, 0, 0, 0
NOTE, 67, 1, 8, 0, 1, 1, 0
NOTE, 67, 3, 16, 0, 0, 0, 1
NOTE, 67, 1, 4, 1, 1, 0, 0
NOTE, 67, 5, 16, 0, 0, 1, 0
NOTE, 67, 3, 8, 1, 0, 0, 1
NOTE, 67, 7, 16, 0, 1, 0, 0
NOTE, 67, 1, 2, 0, 0, 1, 1
NOTE, 67, 9, 16, 0, 1, 0, 0
NOTE, 67, 5, 8, 1, 0, 0, 1
NOTE, 67, 11, 16, 0, 0, 1, 0
NOTE, 67, 3, 4, 1, 1, 0, 0
NOTE, 67, 13, 16, 0, 0, 1, 0
NOTE, 67, 7, 8, 0, 1, 0, 1
NOTE, 67, 15, 16, 1, 0, 0, 0
NOTE, 68, 0, 1, 0, 1, 1, 0
NOTE, 68, 1, 16, 0, 0, 0, 1
NOTE, 68, 1, 8, 1, 0, 1, 0
NOTE, 68, 3, 16, 0, 1, 0, 0
NOTE, 68, 1, 4, 1, 0, 1, 1
NOTE, 68, 3, 8, 0, 1, 0, 1
NOTE, 68, 7, 16, 1, 0, 0, 0
NOTE, 68, 1, 2, 0, 0, 1, 1
NOTE, 68, 9, 16, 0, 1, 0, 0
NOTE, 68, 5, 8, 1, 0, 1, 0
NOTE, 68, 11, 16, 0, 0, 0, 1
NOTE, 68, 3, 4, 1, 1, 0, 0
NOTE, 68, 13, 16, 0, 0, 0, 1
NOTE, 68, 7, 8, 0, 1, 1, 0
NOTE, 68, 15, 16, 1, 0, 0, 0
NOTE, 69, 0, 1, 0, 0, 1, 1
NOTE, 69, 1, 16, 0, 1, 0, 0
NOTE, 69, 1, 8, 1, 0, 0, 1
NOTE, 69, 3, 16, 0, 0, 1, 0
NOTE, 69, 1, 4, 1, 1, 0, 0
NOTE, 69, 5, 16, 0, 0, 1, 0
NOTE, 69, 3, 8, 0, 1, 0, 1
NOTE, 69, 7, 16, 1, 0, 0, 0
NOTE, 69, 1, 2, 0, 0, 1, 1
NOTE, 69, 9, 16, 0, 1, 0, 0
NOTE, 69, 5, 8, 1, 0, 1, 0
NOTE, 69, 11, 16, 0, 0, 0, 1
NOTE, 69, 3, 4, 0, 1, 1, 0
NOTE, 69, 13, 16, 1, 0, 0, 0
NOTE, 69, 7, 8, 0, 1, 0, 1
NOTE, 69, 15, 16, 0, 0, 1, 0
NOTE, 70, 0, 1, 1, 1, 0, 0
NOTE, 70, 1, 16, 0, 0, 0, 1
NOTE, 70, 1, 8, 0, 1, 1, 0
NOTE, 70, 3, 16, 1, 0, 0, 0
NOTE, 70, 1, 4, 0, 0, 1, 1
NOTE, 70, 5, 16, 1, 0, 0, 0
NOTE, 70, 3, 8, 0, 1, 1, 0
NOTE, 70, 7, 16, 0, 0, 0, 1
NOTE, 70, 1, 2, 11_2, 0, 0, 0
NOTE, 70, 17, 32, 11_1, 0, 0, 0
NOTE, 70, 9, 16, 0, 0, 11_2, 0
NOTE, 70, 19, 32, 0, 0, 0, 11_1
NOTE, 70, 5, 8, 11_2, 0, 0, 0
NOTE, 70, 21, 32, 11_1, 0, 0, 0
NOTE, 70, 11, 16, 0, 0, 11_2, 0
NOTE, 70, 23, 32, 0, 0, 0, 11_1
NOTE, 70, 3, 4, 11_2, 0, 0, 0
NOTE, 70, 25, 32, 0, 11_2, 0, 0
NOTE, 70, 13, 16, 0, 0, 11_2, 0
NOTE, 70, 27, 32, 11_4, 0, 0, 0
NOTE, 70, 7, 8, 11_4, 0, 0, 0
NOTE, 70, 29, 32, 11_4, 0, 0, 0
NOTE, 70, 15, 16, 11_4, 0, 0, 0
NOTE, 71, 0, 1, 1, 1, 0, 0
NOTE, 71, 1, 16, 0, 0, 1, 0
NOTE, 71, 1, 8, 0, 1, 0, 1
NOTE, 71, 3, 16, 0, 0, 1, 0
NOTE, 71, 1, 4, 1, 0, 0, 1
NOTE, 71, 5, 16, 0, 1, 0, 0
NOTE, 71, 3, 8, 1, 0, 1, 0
NOTE, 71, 7, 16, 0, 0, 0, 1
NOTE, 71, 1, 2, 1, 1, 0, 0
NOTE, 71, 9, 16, 0, 0, 0, 1
NOTE, 71, 5, 8, 1, 0, 1, 0
NOTE, 71, 11, 16, 0, 1, 0, 0
NOTE, 71, 3, 4, 1, 0, 0, 1
NOTE, 71, 13, 16, 0, 0, 1, 0
NOTE, 71, 7, 8, 0, 1, 0, 0
NOTE, 71, 15, 16, 1, 0, 0, 0
NOTE, 72, 0, 1, 0, 1, 1, 0
NOTE, 72, 1, 16, 0, 0, 0, 1
NOTE, 72, 1, 8, 1, 0, 1, 0
NOTE, 72, 3, 16, 0, 1, 0, 0
NOTE, 72, 1, 4, 1, 0, 0, 1
NOTE, 72, 5, 16, 0, 0, 1, 0
NOTE, 72, 3, 8, 0, 1, 0, 1
NOTE, 72, 7, 16, 0, 0, 1, 0
NOTE, 72, 1, 2, 1, 1, 0, 0
NOTE, 72, 9, 16, 0, 0, 1, 0
NOTE, 72, 5, 8, 1, 0, 0, 1
NOTE, 72, 11, 16, 0, 1, 0, 0
NOTE, 72, 3, 4, 0, 0, 1, 1
NOTE, 72, 13, 16, 0, 1, 0, 0
NOTE, 72, 7, 8, 1, 0, 0, 1
NOTE, 72, 15, 16, 0, 0, 1, 0
NOTE, 73, 0, 1, 1, 1, 0, 0
NOTE, 73, 1, 16, 0, 0, 1, 0
NOTE, 73, 1, 8, 0, 1, 0, 1
NOTE, 73, 3, 16, 1, 0, 0, 0
NOTE, 73, 1, 4, 0, 1, 1, 0
NOTE, 73, 5, 16, 0, 0, 0, 1
NOTE, 73, 3, 8, 1, 0, 1, 0
NOTE, 73, 7, 16, 0, 1, 0, 0
NOTE, 73, 1, 2, 1, 0, 0, 1
NOTE, 73, 9, 16, 0, 0, 1, 0
NOTE, 73, 5, 8, 0, 1, 0, 1
NOTE, 73, 11, 16, 1, 0, 0, 0
NOTE, 73, 3, 4, 0, 1, 1, 0
NOTE, 73, 13, 16, 0, 0, 0, 1
NOTE, 73, 7, 8, 1, 0, 1, 0
NOTE, 73, 15, 16, 0, 1, 0, 0
NOTE, 74, 0, 1, 1, 0, 0, 1
NOTE, 74, 1, 16, 0, 0, 1, 0
NOTE, 74, 1, 8, 1, 0, 0, 1
NOTE, 74, 3, 16, 0, 1, 0, 0
NOTE, 74, 1, 4, 0, 0, 1, 1
NOTE, 74, 5, 16, 0, 1, 0, 0
NOTE, 74, 3, 8, 1, 0, 1, 0
NOTE, 74, 7, 16, 0, 0, 0, 1
NOTE, 74, 1, 2, 1, 1, 0, 0
NOTE, 74, 9, 16, 0, 0, 1, 0
NOTE, 74, 5, 8, 1, 0, 0, 1
NOTE, 74, 11, 16, 0, 1, 0, 0
NOTE, 74, 3, 4, 0, 0, 1, 1
NOTE, 74, 13, 16, 1, 0, 0, 0
NOTE, 74, 7, 8, 0, 1, 1, 0
NOTE, 74, 15, 16, 0, 0, 0, 1
NOTE, 75, 0, 1, 1, 1, 0, 0
NOTE, 75, 1, 16, 0, 0, 1, 0
NOTE, 75, 1, 8, 0, 1, 0, 1
NOTE, 75, 3, 16, 1, 0, 0, 0
NOTE, 75, 1, 4, 0, 1, 1, 0
NOTE, 75, 5, 16, 0, 0, 0, 1
NOTE, 75, 3, 8, 1, 1, 0, 0
NOTE, 75, 7, 16, 0, 0, 1, 0
NOTE, 75, 1, 2, 1, 0, 0, 1
NOTE, 75, 9, 16, 0, 1, 0, 0
NOTE, 75, 5, 8, 1, 0, 1, 0
NOTE, 75, 11, 16, 0, 0, 0, 1
NOTE, 75, 3, 4, 0, 1, 1, 0
NOTE, 75, 13, 16, 1, 0, 0, 0
NOTE, 75, 7, 8, 0, 1, 0, 1
NOTE, 75, 15, 16, 0, 0, 1, 0
NOTE, 76, 0, 1, 1, 0, 0, 1
NOTE, 76, 1, 16, 0, 1, 0, 0
NOTE, 76, 1, 8, 1, 0, 1, 0
NOTE, 76, 3, 16, 0, 0, 0, 1
NOTE, 76, 1, 4, 0, 1, 1, 0
NOTE, 76, 5, 16, 1, 0, 0, 0
NOTE, 76, 3, 8, 0, 1, 0, 1
NOTE, 76, 7, 16, 0, 0, 1, 0
NOTE, 76, 1, 2, 1, 1, 0, 0
NOTE, 76, 9, 16, 0, 0, 1, 0
NOTE, 76, 5, 8, 1, 0, 0, 1
NOTE, 76, 11, 16, 0, 0, 1, 0
NOTE, 76, 3, 4, 1, 1, 0, 0
NOTE, 76, 13, 16, 0, 0, 1, 0
NOTE, 76, 7, 8, 0, 1, 0, 1
NOTE, 76, 15, 16, 0, 0, 1, 0
NOTE, 77, 0, 1, 1, 0, 0, 1
NOTE, 77, 1, 16, 0, 1, 0, 0
NOTE, 77, 1, 8, 0, 0, 1, 0
NOTE, 77, 3, 16, 0, 1, 0, 0
NOTE, 77, 1, 4, 1, 0, 0, 1
NOTE, 77, 5, 16, 0, 0, 1, 0
NOTE, 77, 3, 8, 0, 1, 0, 1
NOTE, 77, 7, 16, 1, 0, 0, 0
NOTE, 77, 1, 2, 0, 1, 1, 0
NOTE, 77, 9, 16, 0, 0, 0, 1
NOTE, 77, 5, 8, 1, 0, 1, 0
NOTE, 77, 11, 16, 0, 1, 0, 0
NOTE, 77, 3, 4, 0, 0, 1, 1
NOTE, 77, 13, 16, 0, 1, 0, 0
NOTE, 77, 7, 8, 1, 0, 1, 0
NOTE, 77, 15, 16, 0, 0, 0, 1
NOTE, 78, 0, 1, 1, 1, 0, 0
NOTE, 78, 1, 16, 0, 0, 1, 0
NOTE, 78, 1, 8, 1, 0, 0, 1
NOTE, 78, 3, 16, 0, 1, 0, 0
NOTE, 78, 1, 4, 0, 0, 1, 1
NOTE, 78, 5, 16, 1, 0, 0, 0
NOTE, 78, 3, 8, 0, 1, 1, 0
NOTE, 78, 7, 16, 0, 0, 0, 1
NOTE, 78, 1, 2, 1, 1, 0, 0
NOTE, 78, 9, 16, 0, 0, 1, 0
NOTE, 78, 5, 8, 1, 0, 0, 1
NOTE, 78, 11, 16, 0, 1, 0, 0
NOTE, 78, 3, 4, 0, 0, 1, 1
NOTE, 78, 13, 16, 1, 1, 0, 0
NOTE, 78, 7, 8, 0, 0, 1, 1
NOTE, 79, 0, 1, 1, 1, 1, 1
NOTE, 79, 1, 8, 1, 1, 1, 1
NOTE, 79, 1, 4, 1, 1, 1, 1
NOTE, 79, 3, 8, 1, 1, 1, 1
NOTE, 79, 1, 2, 11_4, 0, 0, 0
NOTE, 79, 9, 16, 11_4, 0, 0, 0
NOTE, 79, 5, 8, 11_4, 0, 0, 0
NOTE, 79, 11, 16, 11_4, 0, 0, 0
NOTE, 79, 3, 4, 0, 0, 1, 1
NOTE, 79, 13, 16, 0, 1, 0, 0
NOTE, 79, 7, 8, 0, 0, 1, 1
NOTE, 79, 15, 16, 1, 1, 0, 0
NOTE, 80, 0, 1, 0, 0, 1, 1
NOTE, 80, 1, 16, 1, 0, 0, 0
NOTE, 80, 1, 8, 0, 1, 1, 0
NOTE, 80, 3, 16, 0, 0, 0, 1
NOTE, 80, 1, 4, 1, 1, 0, 0
NOTE, 80, 5, 16, 0, 0, 1, 1
NOTE, 80, 3, 8, 1, 1, 0, 0
NOTE, 80, 7, 16, 0, 0, 1, 1
NOTE, 80, 1, 2, 1, 1, 0, 0
NOTE, 80, 9, 16, 0, 0, 1, 0
NOTE, 80, 5, 8, 1, 0, 0, 1
NOTE, 80, 11, 16, 0, 1, 0, 0
NOTE, 80, 3, 4, 0, 0, 1, 1
NOTE, 80, 13, 16, 1, 1, 0, 0
NOTE, 80, 7, 8, 0, 0, 1, 1
NOTE, 80, 15, 16, 1, 1, 0, 0
NOTE, 81, 0, 1, 0, 0, 1, 1
NOTE, 81, 1, 16, 1, 0, 0, 0
NOTE, 81, 1, 8, 0, 1, 1, 0
NOTE, 81, 3, 16, 0, 0, 0, 1
NOTE, 81, 1, 4, 1, 1, 0, 0
NOTE, 81, 5, 16, 0, 0, 1, 1
NOTE, 81, 3, 8, 1, 1, 0, 0
NOTE, 81, 7, 16, 0, 0, 1, 1
NOTE, 81, 1, 2, 1, 1, 0, 0
NOTE, 81, 9, 16, 0, 0, 1, 0
NOTE, 81, 5, 8, 0, 1, 0, 1
NOTE, 81, 11, 16, 0, 0, 1, 0
NOTE, 81, 3, 4, 1, 0, 0, 1
NOTE, 81, 13, 16, 0, 1, 0, 0
NOTE, 81, 7, 8, 1, 0, 1, 0
NOTE, 81, 15, 16, 0, 1, 0, 0
NOTE, 82, 0, 1, 0, 0, 1, 1
NOTE, 82, 1, 16, 0, 1, 0, 0
NOTE, 82, 1, 8, 1, 0, 0, 1
NOTE, 82, 3, 16, 0, 0, 1, 0
NOTE, 82, 1, 4, 1, 1, 0, 0
NOTE, 82, 5, 16, 0, 0, 1, 0
NOTE, 82, 3, 8, 0, 1, 0, 1
NOTE, 82, 7, 16, 1, 0, 0, 0
NOTE, 82, 1, 2, 0, 1, 1, 0
NOTE, 82, 3, 4, 11_4, 0, 0, 0
NOTE, 82, 13, 16, 0, 11_2, 0, 0
NOTE, 82, 7, 8, 11_2, 0, 0, 0
NOTE, 82, 15, 16, 0, 11_2, 0, 0
NOTE, 83, 0, 1, 11_4, 0, 0, 0
NOTE, 83, 1, 16, 0, 11_2, 0, 0
NOTE, 83, 1, 8, 0, 0, 11_2, 0
NOTE, 83, 3, 16, 0, 11_2, 0, 0
NOTE, 83, 1, 4, 11_4, 0, 0, 0
NOTE, 83, 13, 32, 11_4, 0, 0, 0
NOTE, 83, 7, 16, 0, 0, 0, 11_1
NOTE, 83, 15, 32, 11_4, 0, 0, 0
NOTE, 83, 1, 2, 0, 0, 11_1, 0
NOTE, 83, 17, 32, 11_4, 0, 0, 0
NOTE, 83, 9, 16, 0, 0, 0, 11_1
NOTE, 83, 19, 32, 11_4, 0, 0, 0
NOTE, 83, 5, 8, 0, 11_2, 0, 0
NOTE, 83, 21, 32, 11_4, 0, 0, 0
NOTE, 83, 11, 16, 11_1, 0, 0, 0
NOTE, 83, 23, 32, 11_4, 0, 0, 0
NOTE, 83, 3, 4, 0, 11_1, 0, 0
NOTE, 83, 25, 32, 11_4, 0, 0, 0
NOTE, 83, 13, 16, 11_1, 0, 0, 0
NOTE, 83, 27, 32, 11_4, 0, 0, 0
NOTE, 84, 0, 1, 11_4, 0, 0, 0
NOTE, 84, 1, 4, 11_4, 0, 0, 0
NOTE, 84, 1, 2, 11_4, 0, 0, 0
NOTE, 84, 3, 4, 11_4, 0, 0, 0
NOTE, 85, 0, 1, 11_4, 0, 0, 0
NOTE, 85, 1, 4, 0, 1, 0, 1
NOTE, 85, 3, 8, 0, 0, 1, 0
NOTE, 85, 1, 2, 0, 0, 0, 1
NOTE, 85, 5, 8, 0, 1, 0, 0
NOTE, 85, 3, 4, 1, 0, 0, 1
NOTE, 85, 7, 8, 0, 0, 1, 0
NOTE, 86, 0, 1, 1, 1, 0, 0
NOTE, 86, 1, 8, 0, 0, 1, 0
NOTE, 86, 1, 4, 1, 0, 0, 1
NOTE, 86, 3, 8, 0, 1, 0, 0
NOTE, 86, 1, 2, 11_4, 0, 0, 0
NOTE, 86, 9, 16, 11_4, 0, 0, 0
NOTE, 86, 5, 8, 11_4, 0, 0, 0
NOTE, 86, 11, 16, 11_4, 0, 0, 0
NOTE, 86, 23, 32, 11_3, 0, 0, 0
NOTE, 86, 3, 4, 0, 11_3, 0, 0
NOTE, 86, 25, 32, 11_2, 0, 0, 0
NOTE, 86, 13, 16, 0, 0, 11_2, 0
NOTE, 86, 27, 32, 11_1, 0, 0, 0
NOTE, 86, 7, 8, 0, 0, 0, 11_1
NOTE, 87, 0, 1, 11_4, 0, 12_1, 0
NOTE, 88, 0, 1, 11_4, 12_1, 13_1, 0
NOTE, 89, 0, 1, 11_4, 13_1, 12_1, 0
NOTE, 90, 0, 1, 11_4, 12_1, 13_1, 0
NOTE, 91, 0, 1, 11_4, 13_1, 0, 12_1
NOTE, 92, 0, 1, 11_4, 12_1, 0, 13_1
NOTE, 93, 0, 1, 11_4, 13_1, 0, 12_1
NOTE, 94, 0, 1, 11_4, 12_1, 0, 13_1
NOTE, 95, 0, 1, 11_4, 13_1, 12_1, 12_1
NOTE, 96, 0, 1, 11_4, 0, 13_1, 13_1
NOTE, 97, 0, 1, 11_4, 0, 0, 0
NOTE, 97, 1, 8, 0, 11_2, 0, 11_1
NOTE, 97, 3, 16, 11_1, 11_2, 0, 0
NOTE, 97, 1, 4, 0, 11_2, 0, 11_1
NOTE, 97, 3, 8, 11_1, 11_3, 0, 0
NOTE, 97, 1, 2, 11_3, 0, 0, 11_1
NOTE, 97, 3, 4, 11_4, 0, 0, 0
NOTE, 98, 0, 1, 12_4, 0, 1, 1
NOTE, 98, 1, 16, 0, 1, 0, 0
NOTE, 98, 1, 8, 1, 0, 0, 1
NOTE, 98, 3, 16, 0, 0, 1, 0
NOTE, 98, 1, 4, 1, 1, 0, 0
NOTE, 98, 5, 16, 0, 0, 1, 0
NOTE, 98, 3, 8, 1, 0, 0, 1
NOTE, 98, 7, 16, 0, 1, 0, 0
NOTE, 98, 1, 2, 0, 0, 1, 1
NOTE, 98, 9, 16, 0, 1, 0, 0
NOTE, 98, 5, 8, 1, 0, 1, 0
NOTE, 98, 11, 16, 0, 0, 0, 1
NOTE, 98, 3, 4, 1, 1, 0, 0
NOTE, 98, 13, 16, 0, 0, 0, 1
NOTE, 98, 7, 8, 1, 0, 1, 0
NOTE, 98, 15, 16, 0, 1, 0, 0
NOTE, 99, 0, 1, 1, 0, 0, 1
NOTE, 99, 1, 16, 0, 1, 0, 0
NOTE, 99, 1, 8, 0, 0, 1, 0
NOTE, 99, 3, 16, 0, 0, 0, 1
NOTE, 99, 1, 4, 1, 1, 0, 0
NOTE, 99, 5, 16, 0, 0, 0, 1
NOTE, 99, 3, 8, 0, 1, 1, 0
NOTE, 99, 7, 16, 1, 0, 0, 0
NOTE, 99, 1, 2, 0, 1, 0, 1
NOTE, 99, 9, 16, 0, 0, 1, 0
NOTE, 99, 5, 8, 1, 1, 0, 0
NOTE, 99, 11, 16, 0, 0, 1, 0
NOTE, 99, 3, 4, 1, 0, 0, 1
NOTE, 99, 13, 16, 0, 1, 0, 0
NOTE, 99, 7, 8, 0, 0, 1, 0
NOTE, 99, 15, 16, 0, 0, 0, 1
NOTE, 100, 0, 1, 1, 1, 0, 0
NOTE, 100, 1, 16, 0, 0, 1, 0
NOTE, 100, 1, 8, 0, 1, 0, 1
NOTE, 100, 3, 16, 1, 0, 0, 0
NOTE, 100, 1, 4, 0, 0, 1, 1
NOTE, 100, 5, 16, 0, 1, 0, 0
NOTE, 100, 3, 8, 1, 0, 0, 1
NOTE, 100, 7, 16, 0, 0, 1, 0
NOTE, 100, 1, 2, 1, 1, 0, 0
NOTE, 100, 9, 16, 0, 0, 0, 1
NOTE, 100, 5, 8, 1, 0, 1, 0
NOTE, 100, 11, 16, 0, 1, 0, 0
NOTE, 100, 3, 4, 0, 0, 1, 1
NOTE, 100, 13, 16, 0, 1, 0, 0
NOTE, 100, 7, 8, 1, 0, 0, 1
NOTE, 100, 15, 16, 0, 0, 1, 0
NOTE, 101, 0, 1, 1, 1, 0, 0
NOTE, 101, 1, 16, 0, 0, 1, 0
NOTE, 101, 1, 8, 0, 1, 0, 1
NOTE, 101, 3, 16, 0, 0, 1, 0
NOTE, 101, 1, 4, 1, 1, 0, 0
NOTE, 101, 5, 16, 0, 0, 0, 1
NOTE, 101, 3, 8, 0, 1, 1, 0
NOTE, 101, 7, 16, 1, 0, 0, 0
NOTE, 101, 1, 2, 0, 0, 1, 1
NOTE, 101, 9, 16, 0, 1, 0, 0
NOTE, 101, 5, 8, 1, 0, 0, 1
NOTE, 101, 11, 16, 0, 0, 1, 0
NOTE, 101, 3, 4, 1, 1, 0, 0
NOTE, 101, 13, 16, 0, 0, 0, 1
NOTE, 101, 7, 8, 1, 1, 0, 0
NOTE, 101, 15, 16, 0, 0, 1, 1
NOTE, 102, 0, 1, 1, 1, 0, 0
NOTE, 102, 1, 16, 0, 0, 1, 0
NOTE, 102, 1, 8, 0, 1, 0, 1
NOTE, 102, 3, 16, 1, 0, 0, 0
NOTE, 102, 1, 4, 0, 1, 1, 0
NOTE, 102, 5, 16, 0, 0, 0, 1
NOTE, 102, 3, 8, 1, 0, 1, 0
NOTE, 102, 7, 16, 0, 1, 0, 0
NOTE, 102, 1, 2, 1, 0, 0, 1
NOTE, 102, 9, 16, 0, 1, 0, 0
NOTE, 102, 5, 8, 0, 0, 1, 0
NOTE, 102, 11, 16, 0, 0, 0, 1
NOTE, 102, 3, 4, 1, 1, 0, 0
NOTE, 102, 13, 16, 0, 0, 1, 0
NOTE, 102, 7, 8, 0, 1, 0, 1
NOTE, 102, 15, 16, 0, 0, 1, 0
NOTE, 103, 0, 1, 1, 1, 0, 0
NOTE, 103, 1, 16, 0, 0, 1, 0
NOTE, 103, 1, 8, 1, 0, 0, 1
NOTE, 103, 3, 16, 0, 1, 0, 0
NOTE, 103, 1, 4, 0, 0, 1, 1
NOTE, 103, 5, 16, 1, 0, 0, 0
NOTE, 103, 3, 8, 0, 1, 1, 0
NOTE, 103, 7, 16, 0, 0, 0, 1
NOTE, 103, 1, 2, 1, 1, 0, 0
NOTE, 103, 9, 16, 0, 0, 0, 1
NOTE, 103, 5, 8, 1, 0, 1, 0
NOTE, 103, 11, 16, 0, 1, 0, 0
NOTE, 103, 3, 4, 0, 0, 1, 1
NOTE, 103, 13, 16, 1, 0, 0, 0
NOTE, 103, 7, 8, 0, 0, 1, 1
NOTE, 103, 15, 16, 1, 0, 0, 0
NOTE, 104, 0, 1, 0, 0, 1, 1
NOTE, 104, 1, 16, 0, 1, 0, 0
NOTE, 104, 1, 8, 1, 0, 0, 0
NOTE, 104, 3, 16, 0, 0, 1, 0
NOTE, 104, 1, 4, 1, 0, 0, 1
NOTE, 104, 5, 16, 0, 1, 0, 0
NOTE, 104, 3, 8, 0, 0, 1, 1
NOTE, 104, 7, 16, 1, 1, 0, 0
NOTE, 104, 1, 2, 0, 0, 1, 1
NOTE, 104, 9, 16, 1, 0, 0, 0
NOTE, 104, 5, 8, 0, 1, 1, 0
NOTE, 104, 11, 16, 0, 0, 0, 1
NOTE, 104, 3, 4, 1, 1, 0, 0
NOTE, 104, 13, 16, 0, 0, 0, 1
NOTE, 104, 7, 8, 0, 1, 1, 0
NOTE, 104, 15, 16, 1, 0, 0, 0
NOTE, 105, 0, 1, 0, 0, 1, 1
NOTE, 105, 1, 16, 0, 1, 0, 0
NOTE, 105, 1, 8, 0, 0, 1, 1
NOTE, 105, 3, 16, 0, 1, 0, 0
NOTE, 105, 1, 4, 0, 0, 1, 1
NOTE, 105, 5, 16, 1, 1, 0, 0
NOTE, 105, 3, 8, 0, 0, 1, 1
NOTE, 105, 7, 16, 1, 1, 0, 0
NOTE, 105, 1, 2, 0, 0, 1, 1
NOTE, 105, 17, 32, 0, 1, 0, 0
NOTE, 105, 9, 16, 1, 0, 0, 0
NOTE, 105, 19, 32, 0, 0, 0, 1
NOTE, 105, 5, 8, 0, 0, 1, 0
NOTE, 105, 21, 32, 0, 1, 0, 0
NOTE, 105, 11, 16, 1, 0, 0, 0
NOTE, 105, 3, 4, 13_4, 0, 1, 1
NOTE, 105, 13, 16, 1, 1, 0, 0
NOTE, 105, 7, 8, 0, 1, 1, 0
NOTE, 105, 15, 16, 0, 0, 1, 1
NOTE, 106, 0, 1, 12_4, 0, 0, 0
NOTE, 106, 1, 16, 0, 0, 1, 0
NOTE, 106, 1, 8, 1, 0, 0, 1
NOTE, 106, 3, 16, 0, 1, 0, 0
NOTE, 106, 1, 4, 0, 0, 1, 1
NOTE, 106, 5, 16, 0, 1, 0, 0
NOTE, 106, 3, 8, 1, 0, 0, 1
NOTE, 106, 7, 16, 0, 0, 1, 0
NOTE, 106, 1, 2, 1, 1, 0, 0
NOTE, 106, 9, 16, 0, 0, 1, 0
NOTE, 106, 5, 8, 0, 1, 0, 1
NOTE, 106, 11, 16, 1, 0, 0, 0
NOTE, 106, 3, 4, 0, 1, 1, 0
NOTE, 106, 13, 16, 0, 0, 0, 1
NOTE, 106, 7, 8, 1, 0, 1, 0
NOTE, 106, 15, 16, 0, 1, 0, 0
NOTE, 107, 0, 1, 1, 0, 0, 1
NOTE, 107, 1, 16, 0, 1, 0, 0
NOTE, 107, 1, 8, 0, 0, 1, 0
NOTE, 107, 3, 16, 0, 0, 0, 1
NOTE, 107, 1, 4, 1, 1, 0, 0
NOTE, 107, 5, 16, 0, 0, 0, 1
NOTE, 107, 3, 8, 0, 1, 1, 0
NOTE, 107, 7, 16, 1, 0, 0, 0
NOTE, 107, 1, 2, 0, 1, 0, 1
NOTE, 107, 9, 16, 0, 0, 1, 0
NOTE, 107, 5, 8, 1, 1, 0, 0
NOTE, 107, 11, 16, 0, 0, 1, 0
NOTE, 107, 3, 4, 1, 0, 0, 1
NOTE, 107, 13, 16, 0, 1, 0, 0
NOTE, 107, 7, 8, 0, 0, 1, 1
NOTE, 107, 15, 16, 1, 0, 0, 0
NOTE, 108, 0, 1, 0, 1, 1, 0
NOTE, 108, 1, 16, 0, 0, 0, 1
NOTE, 108, 1, 8, 1, 0, 1, 0
NOTE, 108, 3, 16, 0, 1, 0, 0
NOTE, 108, 1, 4, 1, 0, 0, 1
NOTE, 108, 5, 16, 0, 0, 1, 0
NOTE, 108, 3, 8, 0, 1, 0, 1
NOTE, 108, 7, 16, 0, 0, 1, 0
NOTE, 108, 1, 2, 1, 0, 0, 1
NOTE, 108, 9, 16, 0, 1, 0, 0
NOTE, 108, 5, 8, 1, 0, 1, 0
NOTE, 108, 11, 16, 0, 0, 0, 1
NOTE, 108, 3, 4, 0, 1, 1, 0
NOTE, 108, 13, 16, 1, 0, 0, 0
NOTE, 108, 7, 8, 0, 1, 0, 1
NOTE, 108, 15, 16, 1, 0, 0, 0
NOTE, 109, 0, 1, 0, 0, 1, 1
NOTE, 109, 1, 16, 0, 1, 0, 0
NOTE, 109, 1, 8, 1, 0, 0, 1
NOTE, 109, 3, 16, 0, 0, 1, 0
NOTE, 109, 1, 4, 1, 1, 0, 0
NOTE, 109, 5, 16, 0, 0, 0, 1
NOTE, 109, 3, 8, 0, 1, 1, 0
NOTE, 109, 7, 16, 1, 0, 0, 0
NOTE, 109, 1, 2, 0, 1, 0, 1
NOTE, 109, 9, 16, 0, 0, 1, 0
NOTE, 109, 5, 8, 1, 1, 0, 0
NOTE, 109, 11, 16, 0, 0, 1, 1
NOTE, 109, 3, 4, 1, 1, 0, 0
NOTE, 109, 13, 16, 0, 0, 0, 1
NOTE, 109, 7, 8, 1, 1, 0, 0
NOTE, 109, 15, 16, 0, 0, 1, 1
NOTE, 110, 0, 1, 1, 1, 0, 0
NOTE, 110, 1, 16, 0, 0, 0, 1
NOTE, 110, 1, 8, 0, 1, 1, 0
NOTE, 110, 3, 16, 1, 0, 0, 0
NOTE, 110, 1, 4, 0, 0, 1, 1
NOTE, 110, 5, 16, 0, 1, 0, 0
NOTE, 110, 3, 8, 1, 0, 0, 1
NOTE, 110, 7, 16, 0, 0, 1, 0
NOTE, 110, 1, 2, 1, 1, 0, 0
NOTE, 110, 9, 16, 0, 0, 1, 0
NOTE, 110, 5, 8, 1, 0, 0, 1
NOTE, 110, 11, 16, 0, 1, 0, 0
NOTE, 110, 3, 4, 0, 0, 1, 1
NOTE, 110, 13, 16, 0, 1, 0, 0
NOTE, 110, 7, 8, 1, 0, 1, 0
NOTE, 110, 15, 16, 0, 0, 0, 1
NOTE, 111, 0, 1, 0, 1, 1, 0
NOTE, 111, 1, 16, 1, 0, 0, 0
NOTE, 111, 1, 8, 0, 1, 0, 1
NOTE, 111, 3, 16, 0, 0, 1, 0
NOTE, 111, 1, 4, 1, 0, 0, 1
NOTE, 111, 5, 16, 0, 1, 0, 0
NOTE, 111, 3, 8, 1, 0, 1, 0
NOTE, 111, 7, 16, 0, 0, 0, 1
NOTE, 111, 1, 2, 1, 1, 0, 0
NOTE, 111, 9, 16, 0, 0, 1, 0
NOTE, 111, 5, 8, 0, 1, 0, 1
NOTE, 111, 11, 16, 1, 0, 0, 0
NOTE, 111, 3, 4, 0, 1, 1, 0
NOTE, 111, 13, 16, 0, 0, 0, 1
NOTE, 111, 7, 8, 1, 1, 0, 0
NOTE, 111, 15, 16, 0, 0, 1, 1
NOTE, 112, 0, 1, 1, 1, 0, 0
NOTE, 112, 1, 16, 0, 0, 0, 1
NOTE, 112, 1, 8, 0, 1, 1, 0
NOTE, 112, 3, 16, 1, 0, 0, 0
NOTE, 112, 1, 4, 0, 0, 1, 1
NOTE, 112, 5, 16, 0, 1, 0, 0
NOTE, 112, 3, 8, 1, 0, 1, 0
NOTE, 112, 7, 16, 0, 0, 0, 1
NOTE, 112, 1, 2, 1, 1, 0, 0
NOTE, 112, 9, 16, 0, 0, 1, 0
NOTE, 112, 5, 8, 0, 1, 0, 1
NOTE, 112, 11, 16, 1, 0, 0, 0
NOTE, 112, 3, 4, 0, 1, 1, 0
NOTE, 112, 13, 16, 0, 0, 0, 1
NOTE, 112, 7, 8, 1, 0, 1, 0
NOTE, 112, 15, 16, 0, 1, 0, 0
NOTE, 113, 0, 1, 0, 0, 1, 1
NOTE, 113, 1, 16, 1, 0, 0, 0
NOTE, 113, 1, 8, 0, 1, 1, 0
NOTE, 113, 3, 16, 1, 0, 0, 0
NOTE, 113, 1, 4, 0, 0, 1, 1
NOTE, 113, 5, 16, 1, 1, 0, 0
NOTE, 113, 3, 8, 0, 0, 1, 1
NOTE, 113, 7, 16, 1, 0, 0, 0
NOTE, 113, 1, 2, 0, 0, 1, 1
NOTE, 113, 9, 16, 1, 1, 0, 0
NOTE, 113, 5, 8, 0, 0, 1, 1
NOTE, 113, 11, 16, 1, 1, 0, 0
NOTE, 113, 3, 4, 0, 0, 1, 1
NOTE, 113, 25, 32, 0, 1, 0, 0
NOTE, 113, 13, 16, 1, 0, 0, 0
NOTE, 113, 27, 32, 0, 0, 0, 1
NOTE, 113, 7, 8, 0, 0, 1, 0
NOTE, 113, 29, 32, 13_4, 1, 0, 0
NOTE, 113, 15, 16, 1, 0, 0, 0
NOTE, 114, 0, 1, 12_2, 0, 12_2, 0
NOTE, 114, 1, 16, 0, 1, 0, 0
NOTE, 114, 1, 8, 1, 0, 1, 0
NOTE, 114, 3, 16, 0, 1, 0, 0
NOTE, 114, 1, 4, 1, 0, 0, 1
NOTE, 114, 5, 16, 0, 0, 1, 0
NOTE, 114, 3, 8, 0, 1, 0, 1
NOTE, 114, 7, 16, 1, 0, 0, 0
NOTE, 114, 1, 2, 0, 0, 1, 1
NOTE, 114, 9, 16, 1, 0, 0, 0
NOTE, 114, 5, 8, 0, 1, 0, 1
NOTE, 114, 11, 16, 0, 0, 1, 0
NOTE, 114, 3, 4, 1, 0, 0, 1
NOTE, 114, 13, 16, 0, 1, 0, 0
NOTE, 114, 7, 8, 1, 0, 1, 0
NOTE, 114, 15, 16, 0, 0, 0, 1
NOTE, 115, 0, 1, 0, 1, 1, 0
NOTE, 115, 1, 16, 1, 0, 0, 0
NOTE, 115, 1, 8, 0, 1, 0, 1
NOTE, 115, 3, 16, 0, 0, 1, 0
NOTE, 115, 1, 4, 1, 0, 0, 1
NOTE, 115, 5, 16, 0, 1, 0, 0
NOTE, 115, 3, 8, 1, 0, 1, 0
NOTE, 115, 7, 16, 0, 1, 0, 0
NOTE, 115, 1, 2, 0, 0, 1, 1
NOTE, 115, 9, 16, 0, 1, 0, 0
NOTE, 115, 5, 8, 1, 0, 0, 1
NOTE, 115, 11, 16, 0, 0, 1, 0
NOTE, 115, 3, 4, 1, 1, 0, 0
NOTE, 115, 13, 16, 0, 0, 1, 0
NOTE, 115, 7, 8, 1, 0, 0, 1
NOTE, 115, 15, 16, 0, 1, 0, 0
NOTE, 116, 0, 1, 0, 0, 1, 1
NOTE, 116, 1, 16, 0, 1, 0, 0
NOTE, 116, 1, 8, 1, 0, 1, 0
NOTE, 116, 3, 16, 0, 0, 0, 1
NOTE, 116, 1, 4, 0, 1, 1, 0
NOTE, 116, 5, 16, 1, 0, 0, 0
NOTE, 116, 3, 8, 0, 1, 0, 1
NOTE, 116, 7, 16, 0, 0, 1, 0
NOTE, 116, 1, 2, 1, 0, 0, 1
NOTE, 116, 9, 16, 0, 1, 0, 0
NOTE, 116, 5, 8, 1, 0, 1, 0
NOTE, 116, 11, 16, 0, 0, 0, 1
NOTE, 116, 3, 4, 0, 1, 1, 0
NOTE, 116, 13, 16, 1, 0, 0, 0
NOTE, 116, 7, 8, 0, 1, 0, 1
NOTE, 116, 15, 16, 0, 0, 1, 0
NOTE, 117, 0, 1, 1, 0, 0, 1
NOTE, 117, 1, 16, 0, 1, 0, 0
NOTE, 117, 1, 8, 1, 0, 0, 1
NOTE, 117, 3, 16, 0, 0, 1, 0
NOTE, 117, 1, 4, 1, 1, 0, 0
NOTE, 117, 5, 16, 0, 0, 1, 0
NOTE, 117, 3, 8, 0, 1, 0, 1
NOTE, 117, 7, 16, 1, 0, 0, 0
NOTE, 117, 1, 2, 0, 0, 1, 1
NOTE, 117, 9, 16, 0, 1, 0, 0
NOTE, 117, 5, 8, 1, 0, 0, 1
NOTE, 117, 11, 16, 0, 0, 1, 0
NOTE, 117, 3, 4, 1, 1, 0, 0
NOTE, 117, 13, 16, 0, 0, 0, 1
NOTE, 117, 7, 8, 0, 1, 1, 0
NOTE, 117, 15, 16, 1, 0, 0, 0
NOTE, 118, 0, 1, 0, 0, 1, 1
NOTE, 118, 1, 16, 0, 1, 0, 0
NOTE, 118, 1, 8, 1, 0, 1, 0
NOTE, 118, 3, 16, 0, 0, 0, 1
NOTE, 118, 1, 4, 0, 1, 1, 0
NOTE, 118, 5, 16, 1, 0, 0, 0
NOTE, 118, 3, 8, 0, 0, 1, 1
NOTE, 118, 7, 16, 0, 1, 0, 0
NOTE, 118, 1, 2, 1, 0, 0, 1
NOTE, 118, 9, 16, 0, 0, 1, 0
NOTE, 118, 5, 8, 0, 1, 0, 1
NOTE, 118, 11, 16, 1, 0, 0, 0
NOTE, 118, 3, 4, 0, 1, 1, 0
NOTE, 118, 13, 16, 0, 0, 0, 1
NOTE, 118, 7, 8, 1, 0, 1, 0
NOTE, 118, 15, 16, 0, 1, 0, 0
NOTE, 119, 0, 1, 1, 0, 0, 1
NOTE, 119, 1, 16, 0, 0, 1, 0
NOTE, 119, 1, 8, 0, 1, 0, 1
NOTE, 119, 3, 16, 1, 0, 0, 0
NOTE, 119, 1, 4, 0, 1, 1, 0
NOTE, 119, 5, 16, 0, 0, 0, 1
NOTE, 119, 3, 8, 1, 0, 1, 0
NOTE, 119, 7, 16, 0, 1, 0, 0
NOTE, 119, 1, 2, 0, 0, 1, 1
NOTE, 119, 9, 16, 0, 1, 0, 0
NOTE, 119, 5, 8, 1, 0, 0, 1
NOTE, 119, 11, 16, 0, 1, 0, 0
NOTE, 119, 3, 4, 0, 0, 1, 1
NOTE, 119, 13, 16, 0, 1, 0, 0
NOTE, 119, 7, 8, 1, 0, 1, 0
NOTE, 119, 15, 16, 0, 1, 0, 0
NOTE, 120, 0, 1, 1, 0, 0, 1
NOTE, 120, 1, 16, 0, 0, 1, 0
NOTE, 120, 1, 8, 0, 1, 0, 1
NOTE, 120, 3, 16, 0, 0, 1, 0
NOTE, 120, 1, 4, 1, 0, 0, 1
NOTE, 120, 5, 16, 0, 1, 0, 0
NOTE, 120, 3, 8, 1, 0, 1, 0
NOTE, 120, 7, 16, 0, 0, 0, 1
NOTE, 120, 1, 2, 0, 1, 1, 0
NOTE, 120, 9, 16, 1, 0, 0, 0
NOTE, 120, 5, 8, 0, 1, 0, 1
NOTE, 120, 11, 16, 0, 0, 1, 0
NOTE, 120, 3, 4, 1, 1, 0, 0
NOTE, 120, 13, 16, 0, 0, 1, 0
NOTE, 120, 7, 8, 0, 1, 0, 1
NOTE, 120, 15, 16, 1, 0, 0, 0
NOTE, 121, 0, 1, 13_2, 0, 13_2, 0
NOTE, 121, 1, 16, 1, 0, 0, 0
NOTE, 121, 1, 8, 0, 1, 1, 0
NOTE, 121, 3, 16, 0, 0, 0, 1
NOTE, 121, 1, 4, 1, 1, 0, 0
NOTE, 121, 5, 16, 0, 0, 0, 1
NOTE, 121, 3, 8, 0, 1, 1, 0
NOTE, 121, 7, 16, 1, 0, 0, 0
NOTE, 121, 1, 2, 0, 0, 1, 1
NOTE, 121, 9, 16, 0, 1, 0, 0
NOTE, 121, 5, 8, 1, 0, 0, 1
NOTE, 121, 11, 16, 0, 0, 1, 0
NOTE, 121, 3, 4, 1, 1, 0, 0
NOTE, 121, 13, 16, 0, 0, 1, 1
NOTE, 121, 7, 8, 1, 1, 0, 0
NOTE, 121, 15, 16, 0, 0, 1, 1
NOTE, 122, 0, 1, 1, 1, 0, 0
NOTE, 122, 1, 16, 12_1, 12_1, 12_1, 12_1
NOTE, 122, 3, 16, 1, 1, 0, 0
NOTE, 122, 1, 4, 0, 0, 1, 1
NOTE, 122, 5, 16, 0, 1, 0, 0
NOTE, 122, 3, 8, 0, 0, 1, 1
NOTE, 122, 7, 16, 1, 1, 0, 0
NOTE, 122, 1, 2, 0, 0, 1, 1
NOTE, 122, 9, 16, 1, 0, 0, 0
NOTE, 122, 5, 8, 0, 1, 1, 0
NOTE, 122, 11, 16, 0, 0, 0, 1
NOTE, 122, 3, 4, 1, 1, 0, 0
NOTE, 122, 13, 16, 0, 0, 1, 0
NOTE, 122, 7, 8, 1, 1, 0, 0
NOTE, 122, 15, 16, 0, 0, 1, 1
NOTE, 123, 0, 1, 1, 1, 0, 0
NOTE, 123, 1, 16, 0, 0, 0, 1
NOTE, 123, 1, 8, 0, 1, 1, 0
NOTE, 123, 3, 16, 1, 0, 0, 0
NOTE, 123, 1, 4, 0, 0, 1, 1
NOTE, 123, 5, 16, 1, 1, 0, 0
NOTE, 123, 3, 8, 0, 0, 1, 1
NOTE, 123, 7, 16, 1, 1, 0, 0
NOTE, 123, 1, 2, 0, 0, 1, 1
NOTE, 123, 9, 16, 1, 0, 0, 0
NOTE, 123, 5, 8, 0, 1, 1, 0
NOTE, 123, 11, 16, 0, 0, 0, 1
NOTE, 123, 3, 4, 1, 1, 0, 0
NOTE, 123, 13, 16, 0, 0, 1, 1
NOTE, 123, 7, 8, 1, 1, 0, 0
NOTE, 123, 15, 16, 0, 0, 1, 1
NOTE, 124, 0, 1, 1, 1, 0, 0
NOTE, 124, 1, 16, 0, 0, 0, 1
NOTE, 124, 1, 8, 0, 1, 1, 0
NOTE, 124, 3, 16, 1, 0, 0, 0
NOTE, 124, 1, 4, 0, 0, 1, 1
NOTE, 124, 5, 16, 1, 1, 0, 0
NOTE, 124, 3, 8, 0, 0, 1, 1
NOTE, 124, 7, 16, 1, 1, 0, 0
NOTE, 124, 1, 2, 0, 0, 1, 1
NOTE, 124, 9, 16, 1, 0, 0, 0
NOTE, 124, 5, 8, 0, 1, 1, 0
NOTE, 124, 11, 16, 0, 0, 0, 1
NOTE, 124, 3, 4, 1, 1, 0, 0
NOTE, 124, 13, 16, 0, 0, 0, 1
NOTE, 124, 7, 8, 0, 1, 1, 0
NOTE, 124, 15, 16, 1, 0, 0, 0
NOTE, 125, 0, 1, 0, 0, 1, 1
NOTE, 125, 1, 16, 1, 1, 0, 0
NOTE, 125, 1, 8, 0, 0, 1, 1
NOTE, 125, 3, 16, 1, 1, 0, 0
NOTE, 125, 1, 4, 0, 0, 1, 1
NOTE, 125, 5, 16, 0, 1, 0, 0
NOTE, 125, 3, 8, 1, 0, 0, 1
NOTE, 125, 7, 16, 0, 1, 1, 0
NOTE, 125, 1, 2, 1, 0, 0, 1
NOTE, 125, 9, 16, 0, 0, 1, 0
NOTE, 125, 5, 8, 1, 1, 0, 0
NOTE, 125, 11, 16, 0, 0, 1, 0
NOTE, 125, 3, 4, 1, 1, 0, 1
NOTE, 125, 13, 16, 0, 0, 1, 0
NOTE, 125, 7, 8, 1, 0, 0, 1
NOTE, 125, 15, 16, 0, 1, 0, 0
NOTE, 126, 0, 1, 0, 0, 1, 1
NOTE, 126, 1, 16, 1, 0, 0, 0
NOTE, 126, 1, 8, 0, 1, 1, 0
NOTE, 126, 3, 16, 0, 0, 0, 1
NOTE, 126, 1, 4, 1, 1, 0, 0
NOTE, 126, 5, 16, 0, 0, 0, 1
NOTE, 126, 3, 8, 0, 1, 1, 0
NOTE, 126, 7, 16, 1, 0, 0, 0
NOTE, 126, 1, 2, 0, 0, 1, 1
NOTE, 126, 9, 16, 0, 1, 0, 0
NOTE, 126, 5, 8, 1, 0, 1, 0
NOTE, 126, 11, 16, 0, 0, 0, 1
NOTE, 126, 3, 4, 0, 1, 1, 0
NOTE, 126, 13, 16, 1, 0, 0, 0
NOTE, 126, 7, 8, 0, 1, 0, 0
NOTE, 126, 15, 16, 0, 0, 1, 0
NOTE, 127, 0, 1, 1, 1, 0, 1
NOTE, 127, 1, 8, 0, 0, 0, 1
NOTE, 127, 1, 4, 1, 0, 1, 0
NOTE, 127, 3, 8, 0, 0, 1, 0
NOTE, 127, 1, 2, 1, 1, 0, 1
NOTE, 127, 5, 8, 0, 1, 0, 0
NOTE, 127, 11, 16, 0, 0, 1, 0
NOTE, 127, 3, 4, 1, 0, 0, 1
NOTE, 127, 13, 16, 0, 1, 0, 0
NOTE, 127, 7, 8, 0, 0, 1, 0
NOTE, 127, 15, 16, 0, 1, 0, 0
NOTE, 128, 0, 1, 1, 0, 1, 1
NOTE, 128, 1, 4, 13_1, 13_1, 13_1, 13_1
