BPM, 185.00
OFFSET, -15.731
KeyMode: 4
SPEED, 1.0
NOTE, 1, 0, 1, 0, 0, 1, 1
NOTE, 1, 1, 2, 0, 0, 1, 1
NOTE, 2, 0, 1, 0, 0, 1, 1
NOTE, 2, 1, 16, 1, 0, 0, 0
NOTE, 2, 1, 8, 0, 1, 0, 0
NOTE, 2, 3, 16, 0, 0, 0, 1
NOTE, 2, 1, 4, 1, 0, 1, 0
NOTE, 2, 5, 16, 0, 1, 0, 0
NOTE, 2, 3, 8, 0, 0, 0, 1
NOTE, 2, 7, 16, 1, 0, 0, 0
NOTE, 2, 1, 2, 0, 1, 1, 0
NOTE, 2, 9, 16, 0, 0, 0, 1
NOTE, 2, 5, 8, 1, 0, 0, 0
NOTE, 2, 11, 16, 0, 0, 1, 0
NOTE, 2, 3, 4, 1, 1, 0, 1
NOTE, 3, 0, 1, 1, 0, 1, 1
NOTE, 3, 1, 8, 0, 0, 0, 1
NOTE, 3, 1, 4, 1, 1, 1, 0
NOTE, 3, 3, 8, 0, 1, 0, 0
NOTE, 3, 1, 2, 0, 0, 1, 1
NOTE, 3, 5, 8, 0, 0, 0, 1
NOTE, 3, 3, 4, 1, 0, 1, 0
NOTE, 3, 7, 8, 1, 0, 0, 0
NOTE, 4, 0, 1, 0, 1, 1, 1
NOTE, 4, 1, 8, 0, 0, 0, 1
NOTE, 4, 1, 4, 1, 1, 1, 0
NOTE, 4, 3, 8, 0, 1, 0, 0
NOTE, 4, 1, 2, 0, 0, 1, 1
NOTE, 4, 5, 8, 0, 0, 1, 0
NOTE, 4, 3, 4, 1, 1, 0, 0
NOTE, 4, 7, 8, 1, 0, 0, 0
NOTE, 5, 0, 1, 0, 1, 1, 1
NOTE, 5, 1, 8, 0, 0, 0, 1
NOTE, 5, 1, 4, 1, 1, 1, 0
NOTE, 5, 3, 8, 0, 1, 0, 0
NOTE, 5, 1, 2, 1, 0, 1, 1
NOTE, 5, 5, 8, 0, 1, 1, 0
NOTE, 5, 3, 4, 1, 1, 0, 1
NOTE, 5, 7, 8, 1, 0, 1, 0
NOTE, 6, 0, 1, 0, 1, 0, 1
NOTE, 6, 1, 8, 0, 0, 1, 1
NOTE, 6, 1, 4, 1, 1, 1, 0
NOTE, 6, 3, 8, 1, 0, 0, 1
NOTE, 6, 1, 2, 0, 0, 1, 1
NOTE, 6, 9, 16, 1, 1, 0, 0
NOTE, 6, 5, 8, 0, 0, 1, 1
NOTE, 6, 3, 4, 1, 1, 0, 0
NOTE, 6, 13, 16, 0, 0, 1, 1
NOTE, 6, 7, 8, 1, 1, 0, 0
NOTE, 7, 0, 1, 1, 0, 1, 1
NOTE, 7, 1, 8, 0, 0, 0, 1
NOTE, 7, 1, 4, 1, 1, 1, 0
NOTE, 7, 3, 8, 0, 1, 0, 0
NOTE, 7, 1, 2, 1, 0, 0, 1
NOTE, 7, 5, 8, 0, 0, 0, 1
NOTE, 7, 3, 4, 0, 1, 1, 0
NOTE, 7, 7, 8, 0, 1, 0, 0
NOTE, 8, 0, 1, 1, 0, 1, 1
NOTE, 8, 1, 8, 0, 0, 0, 1
NOTE, 8, 1, 4, 1, 1, 1, 0
NOTE, 8, 3, 8, 1, 0, 0, 0
NOTE, 8, 1, 2, 0, 0, 1, 1
NOTE, 8, 5, 8, 0, 0, 1, 0
NOTE, 8, 3, 4, 1, 1, 0, 0
NOTE, 8, 7, 8, 0, 1, 0, 0
NOTE, 9, 0, 1, 1, 0, 1, 1
NOTE, 9, 1, 8, 0, 0, 0, 1
NOTE, 9, 1, 4, 1, 1, 1, 0
NOTE, 9, 3, 8, 1, 0, 0, 0
NOTE, 9, 1, 2, 0, 1, 1, 1
NOTE, 9, 5, 8, 1, 0, 0, 1
NOTE, 9, 3, 4, 1, 1, 1, 0
NOTE, 9, 7, 8, 0, 1, 0, 1
NOTE, 10, 0, 1, 1, 0, 1, 0
NOTE, 10, 1, 8, 1, 1, 0, 0
NOTE, 10, 1, 4, 0, 1, 1, 1
NOTE, 10, 3, 8, 1, 0, 0, 1
NOTE, 10, 1, 2, 0, 1, 1, 0
NOTE, 10, 9, 16, 1, 0, 0, 1
NOTE, 10, 5, 8, 0, 1, 1, 0
NOTE, 10, 3, 4, 1, 0, 0, 1
NOTE, 10, 13, 16, 0, 1, 1, 0
NOTE, 10, 7, 8, 1, 0, 0, 1
NOTE, 11, 0, 1, 1, 1, 1, 0
NOTE, 11, 1, 8, 0, 1, 0, 1
NOTE, 11, 1, 4, 1, 0, 1, 1
NOTE, 11, 3, 8, 0, 1, 1, 0
NOTE, 11, 1, 2, 0, 1, 0, 1
NOTE, 11, 5, 8, 1, 0, 1, 0
NOTE, 11, 3, 4, 0, 1, 1, 1
NOTE, 11, 7, 8, 1, 0, 0, 1
NOTE, 12, 0, 1, 1, 1, 0, 0
NOTE, 12, 1, 8, 0, 1, 0, 1
NOTE, 12, 1, 4, 1, 0, 1, 1
NOTE, 12, 3, 8, 0, 1, 1, 0
NOTE, 12, 1, 2, 0, 1, 0, 1
NOTE, 12, 5, 8, 0, 0, 1, 1
NOTE, 12, 3, 4, 1, 1, 1, 0
NOTE, 12, 7, 8, 1, 0, 0, 1
NOTE, 13, 0, 1, 0, 1, 1, 1
NOTE, 13, 1, 8, 0, 1, 0, 0
NOTE, 13, 1, 4, 1, 0, 1, 1
NOTE, 13, 3, 8, 0, 0, 0, 1
NOTE, 13, 1, 2, 1, 1, 1, 0
NOTE, 13, 5, 8, 1, 0, 0, 0
NOTE, 13, 3, 4, 0, 1, 1, 1
NOTE, 13, 7, 8, 1, 0, 1, 0
NOTE, 14, 0, 1, 0, 1, 0, 1
NOTE, 14, 1, 8, 0, 0, 1, 1
NOTE, 14, 1, 4, 1, 1, 1, 0
NOTE, 14, 3, 8, 1, 0, 0, 1
NOTE, 14, 1, 2, 0, 1, 1, 1
NOTE, 14, 5, 8, 1, 1, 0, 0
NOTE, 14, 3, 4, 0, 0, 1, 1
NOTE, 14, 13, 16, 1, 1, 0, 0
NOTE, 14, 7, 8, 0, 0, 1, 1
NOTE, 14, 15, 16, 1, 1, 0, 0
NOTE, 15, 0, 1, 0, 0, 1, 1
NOTE, 15, 1, 8, 1, 1, 0, 0
NOTE, 15, 1, 4, 1, 0, 1, 1
NOTE, 15, 3, 8, 0, 1, 1, 0
NOTE, 15, 1, 2, 0, 1, 0, 1
NOTE, 15, 5, 8, 1, 0, 1, 0
NOTE, 15, 3, 4, 1, 1, 0, 1
NOTE, 15, 7, 8, 0, 1, 1, 0
NOTE, 16, 0, 1, 1, 0, 0, 1
NOTE, 16, 1, 8, 0, 1, 0, 1
NOTE, 16, 1, 4, 1, 1, 1, 0
NOTE, 16, 3, 8, 0, 0, 1, 1
NOTE, 16, 1, 2, 1, 1, 0, 0
NOTE, 16, 5, 8, 1, 0, 0, 1
NOTE, 16, 3, 4, 0, 1, 1, 1
NOTE, 16, 7, 8, 1, 0, 1, 0
NOTE, 17, 0, 1, 1, 1, 0, 1
NOTE, 17, 1, 8, 0, 1, 0, 0
NOTE, 17, 1, 4, 1, 0, 1, 1
NOTE, 17, 3, 8, 1, 0, 0, 0
NOTE, 17, 1, 2, 0, 1, 1, 1
NOTE, 17, 5, 8, 0, 0, 1, 0
NOTE, 17, 3, 4, 1, 1, 0, 1
NOTE, 17, 7, 8, 0, 1, 1, 1
NOTE, 18, 0, 1, 1, 0, 1, 0
NOTE, 18, 1, 8, 1, 1, 0, 1
NOTE, 18, 1, 4, 0, 1, 1, 1
NOTE, 18, 3, 8, 1, 0, 1, 1
NOTE, 18, 1, 2, 1, 1, 0, 0
NOTE, 18, 9, 16, 0, 0, 1, 1
NOTE, 18, 5, 8, 1, 1, 0, 0
NOTE, 18, 11, 16, 0, 0, 1, 1
NOTE, 18, 3, 4, 1, 1, 0, 0
NOTE, 18, 13, 16, 0, 0, 0, 1
NOTE, 18, 7, 8, 1, 0, 1, 0
NOTE, 18, 15, 16, 0, 1, 0, 0
NOTE, 19, 0, 1, 1, 0, 1, 1
NOTE, 19, 1, 16, 0, 1, 0, 0
NOTE, 19, 1, 8, 0, 0, 1, 1
NOTE, 19, 3, 16, 1, 0, 0, 0
NOTE, 19, 1, 4, 0, 1, 0, 1
NOTE, 19, 5, 16, 0, 0, 1, 0
NOTE, 19, 3, 8, 1, 1, 0, 0
NOTE, 19, 7, 16, 0, 0, 0, 1
NOTE, 19, 1, 2, 0, 1, 1, 0
NOTE, 19, 9, 16, 1, 0, 0, 0
NOTE, 19, 5, 8, 0, 0, 1, 1
NOTE, 19, 11, 16, 0, 1, 0, 0
NOTE, 19, 3, 4, 1, 0, 0, 1
NOTE, 19, 13, 16, 0, 0, 1, 0
NOTE, 19, 7, 8, 1, 1, 0, 0
NOTE, 19, 15, 16, 0, 0, 1, 0
NOTE, 20, 0, 1, 1, 0, 0, 1
NOTE, 20, 1, 16, 0, 1, 0, 0
NOTE, 20, 1, 8, 0, 0, 1, 1
NOTE, 20, 3, 16, 1, 0, 0, 0
NOTE, 20, 1, 4, 0, 1, 1, 0
NOTE, 20, 5, 16, 0, 0, 0, 1
NOTE, 20, 3, 8, 1, 1, 0, 0
NOTE, 20, 7, 16, 0, 0, 1, 0
NOTE, 20, 1, 2, 1, 0, 0, 1
NOTE, 20, 9, 16, 0, 1, 0, 0
NOTE, 20, 5, 8, 0, 0, 1, 1
NOTE, 20, 11, 16, 0, 1, 0, 0
NOTE, 20, 3, 4, 1, 0, 1, 0
NOTE, 20, 13, 16, 0, 0, 0, 1
NOTE, 20, 7, 8, 1, 1, 0, 0
NOTE, 20, 15, 16, 0, 0, 1, 1
NOTE, 21, 0, 1, 1, 1, 0, 0
NOTE, 21, 1, 16, 0, 0, 0, 1
NOTE, 21, 1, 8, 0, 1, 1, 0
NOTE, 21, 3, 16, 1, 0, 0, 0
NOTE, 21, 1, 4, 0, 0, 1, 1
NOTE, 21, 5, 16, 0, 1, 0, 0
NOTE, 21, 3, 8, 1, 0, 0, 1
NOTE, 21, 7, 16, 0, 1, 1, 0
NOTE, 21, 1, 2, 1, 0, 0, 1
NOTE, 21, 9, 16, 0, 0, 1, 0
NOTE, 21, 5, 8, 1, 1, 0, 0
NOTE, 21, 11, 16, 0, 0, 1, 0
NOTE, 21, 3, 4, 0, 1, 0, 1
NOTE, 21, 13, 16, 1, 0, 0, 0
NOTE, 21, 7, 8, 0, 0, 1, 1
NOTE, 21, 15, 16, 1, 1, 0, 0
NOTE, 22, 0, 1, 0, 0, 1, 1
NOTE, 22, 1, 16, 0, 1, 0, 0
NOTE, 22, 1, 8, 1, 0, 1, 0
NOTE, 22, 3, 16, 0, 0, 0, 1
NOTE, 22, 1, 4, 1, 1, 0, 0
NOTE, 22, 5, 16, 0, 0, 1, 0
NOTE, 22, 3, 8, 0, 1, 0, 1
NOTE, 22, 7, 16, 1, 0, 0, 0
NOTE, 22, 1, 2, 0, 0, 1, 1
NOTE, 22, 9, 16, 0, 1, 0, 0
NOTE, 22, 5, 8, 0, 0, 1, 0
NOTE, 22, 11, 16, 1, 0, 0, 0
NOTE, 22, 3, 4, 0, 0, 1, 1
NOTE, 22, 13, 16, 1, 1, 0, 0
NOTE, 22, 7, 8, 0, 0, 1, 1
NOTE, 22, 15, 16, 1, 1, 0, 0
NOTE, 23, 0, 1, 0, 0, 1, 1
NOTE, 23, 1, 16, 0, 1, 0, 0
NOTE, 23, 1, 8, 0, 0, 0, 1
NOTE, 23, 3, 16, 1, 0, 0, 0
NOTE, 23, 1, 4, 0, 1, 1, 1
NOTE, 23, 5, 16, 1, 0, 0, 0
NOTE, 23, 3, 8, 0, 0, 1, 0
NOTE, 23, 7, 16, 0, 1, 0, 0
NOTE, 23, 1, 2, 1, 0, 1, 1
NOTE, 23, 9, 16, 0, 1, 0, 0
NOTE, 23, 5, 8, 0, 0, 0, 1
NOTE, 23, 11, 16, 0, 0, 1, 0
NOTE, 23, 3, 4, 1, 1, 0, 0
NOTE, 23, 13, 16, 0, 0, 1, 0
NOTE, 23, 7, 8, 0, 0, 0, 1
NOTE, 23, 15, 16, 1, 0, 0, 0
NOTE, 24, 0, 1, 0, 1, 1, 0
NOTE, 24, 1, 16, 0, 0, 0, 1
NOTE, 24, 1, 8, 1, 0, 0, 0
NOTE, 24, 3, 16, 0, 0, 1, 0
NOTE, 24, 1, 4, 1, 1, 0, 1
NOTE, 24, 5, 16, 0, 0, 1, 0
NOTE, 24, 3, 8, 0, 1, 0, 0
NOTE, 24, 7, 16, 0, 0, 0, 1
NOTE, 24, 1, 2, 1, 1, 1, 0
NOTE, 24, 9, 16, 0, 0, 0, 1
NOTE, 24, 5, 8, 1, 0, 0, 0
NOTE, 24, 11, 16, 0, 0, 1, 0
NOTE, 24, 3, 4, 0, 1, 0, 1
NOTE, 24, 13, 16, 1, 0, 0, 0
NOTE, 24, 7, 8, 0, 0, 1, 0
NOTE, 24, 15, 16, 1, 0, 0, 0
SPEED, 25, 0, 1, 1.5
NOTE, 25, 0, 1, 0, 1, 1, 1
SPEED, 25, 1, 8, 0.5
SPEED, 25, 1, 4, 1.5
NOTE, 25, 1, 4, 1, 1, 0, 1
SPEED, 25, 3, 8, 0.5
SPEED, 25, 1, 2, 1.5
NOTE, 25, 1, 2, 1, 0, 1, 1
SPEED, 25, 9, 16, 0.5
SPEED, 25, 5, 8, 1.5
NOTE, 25, 5, 8, 1, 1, 1, 0
SPEED, 25, 3, 4, 0.5
SPEED, 25, 7, 8, 1
NOTE, 25, 7, 8, 1, 1, 0, 1
NOTE, 26, 1, 8, 0, 1, 1, 0
NOTE, 26, 1, 4, 1, 0, 0, 1
NOTE, 26, 3, 8, 0, 1, 1, 0
NOTE, 26, 1, 2, 0, 0, 0, 1
NOTE, 26, 9, 16, 1, 0, 0, 0
NOTE, 26, 5, 8, 0, 0, 0, 1
NOTE, 26, 11, 16, 1, 0, 0, 0
SPEED, 26, 3, 4, 2
NOTE, 26, 3, 4, 0, 1, 1, 1
SPEED, 26, 13, 16, 0.5
SPEED, 27, 0, 1, 1
NOTE, 27, 0, 1, 1, 1, 1, 0
NOTE, 27, 1, 8, 1, 0, 0, 1
NOTE, 27, 1, 4, 0, 0, 1, 1
NOTE, 27, 3, 8, 1, 1, 0, 0
NOTE, 27, 1, 2, 1, 0, 1, 1
NOTE, 27, 5, 8, 0, 1, 1, 0
NOTE, 27, 3, 4, 0, 1, 0, 1
NOTE, 27, 7, 8, 1, 0, 1, 0
NOTE, 28, 0, 1, 1, 1, 0, 1
NOTE, 28, 1, 8, 0, 1, 1, 0
NOTE, 28, 1, 4, 1, 0, 1, 1
NOTE, 28, 3, 8, 0, 1, 0, 1
NOTE, 28, 1, 2, 1, 1, 1, 0
NOTE, 28, 5, 8, 0, 0, 1, 1
NOTE, 28, 11, 16, 1, 1, 0, 0
NOTE, 28, 3, 4, 0, 0, 1, 1
NOTE, 28, 7, 8, 1, 1, 0, 0
NOTE, 29, 0, 1, 0, 0, 1, 2
NOTE, 29, 1, 8, 2, 0, 0, 3
NOTE, 29, 1, 4, 3, 2, 1, 0
NOTE, 29, 3, 8, 0, 3, 0, 2
NOTE, 29, 1, 2, 1, 0, 2, 3
NOTE, 29, 5, 8, 0, 1, 0, 0
NOTE, 29, 3, 4, 2, 0, 3, 1
NOTE, 29, 7, 8, 3, 2, 0, 0
NOTE, 30, 0, 1, 2, 3, 0, 1
NOTE, 30, 1, 8, 3, 0, 2, 0
NOTE, 30, 1, 4, 0, 1, 3, 2
NOTE, 30, 3, 8, 2, 0, 0, 3
NOTE, 30, 1, 2, 3, 2, 1, 0
NOTE, 30, 5, 8, 0, 3, 0, 1
NOTE, 30, 11, 16, 0, 0, 1, 0
NOTE, 30, 3, 4, 1, 1, 0, 0
NOTE, 30, 7, 8, 0, 1, 1, 0
NOTE, 31, 0, 1, 1, 0, 1, 1
NOTE, 31, 1, 8, 0, 1, 0, 1
NOTE, 31, 1, 4, 1, 0, 1, 0
NOTE, 31, 3, 8, 1, 1, 0, 0
NOTE, 31, 1, 2, 0, 1, 1, 1
NOTE, 31, 5, 8, 1, 0, 0, 1
NOTE, 31, 3, 4, 0, 1, 1, 0
NOTE, 31, 7, 8, 0, 1, 0, 1
NOTE, 32, 0, 1, 1, 0, 1, 1
NOTE, 32, 1, 8, 0, 1, 1, 0
NOTE, 32, 1, 4, 1, 1, 0, 1
NOTE, 32, 3, 8, 1, 0, 1, 0
NOTE, 32, 1, 2, 0, 1, 1, 1
NOTE, 32, 5, 8, 1, 1, 0, 0
NOTE, 32, 11, 16, 0, 0, 1, 0
NOTE, 32, 3, 4, 1, 1, 0, 1
NOTE, 32, 7, 8, 1, 0, 1, 1
NOTE, 33, 0, 1, 1, 1, 1, 1
NOTE, 33, 1, 8, 0, 1, 0, 0
NOTE, 33, 1, 4, 1, 1, 1, 1
NOTE, 33, 3, 8, 0, 0, 0, 1
NOTE, 33, 1, 2, 1, 1, 1, 1
NOTE, 33, 5, 8, 1, 0, 0, 0
NOTE, 33, 3, 4, 1, 1, 1, 1
NOTE, 33, 7, 8, 1, 0, 1, 1
NOTE, 34, 0, 1, 0, 1, 0, 1
NOTE, 34, 1, 8, 1, 1, 1, 0
NOTE, 34, 1, 4, 1, 1, 1, 1
NOTE, 34, 3, 8, 0, 1, 0, 0
NOTE, 34, 1, 2, 0, 0, 1, 1
NOTE, 34, 9, 16, 1, 1, 0, 0
NOTE, 34, 5, 8, 0, 0, 1, 1
NOTE, 34, 11, 16, 1, 1, 0, 0
NOTE, 34, 3, 4, 0, 0, 1, 1
NOTE, 34, 13, 16, 1, 1, 0, 0
NOTE, 34, 7, 8, 0, 0, 1, 1
NOTE, 34, 15, 16, 0, 1, 0, 0
NOTE, 35, 0, 1, 1, 0, 1, 1
NOTE, 35, 1, 8, 0, 1, 1, 0
NOTE, 35, 1, 4, 0, 1, 0, 1
NOTE, 35, 3, 8, 1, 0, 1, 0
NOTE, 35, 1, 2, 0, 1, 1, 1
NOTE, 35, 5, 8, 1, 1, 0, 0
NOTE, 35, 3, 4, 0, 0, 1, 1
NOTE, 35, 7, 8, 1, 0, 0, 1
NOTE, 36, 0, 1, 1, 1, 1, 0
NOTE, 36, 1, 8, 0, 1, 0, 1
NOTE, 36, 1, 4, 1, 0, 1, 1
NOTE, 36, 3, 8, 0, 1, 1, 0
NOTE, 36, 1, 2, 1, 1, 0, 1
NOTE, 36, 5, 8, 0, 0, 1, 1
NOTE, 36, 11, 16, 1, 1, 0, 0
NOTE, 36, 3, 4, 0, 0, 1, 1
NOTE, 36, 7, 8, 1, 1, 0, 0
NOTE, 37, 0, 1, 0, 0, 1, 2
NOTE, 37, 1, 8, 2, 0, 0, 3
NOTE, 37, 1, 4, 3, 1, 0, 2
NOTE, 37, 3, 8, 0, 0, 2, 3
NOTE, 37, 1, 2, 2, 1, 3, 0
NOTE, 37, 5, 8, 0, 0, 1, 0
NOTE, 37, 3, 4, 3, 1, 0, 2
NOTE, 37, 7, 8, 1, 0, 0, 0
NOTE, 38, 0, 1, 0, 2, 1, 3
NOTE, 38, 1, 8, 2, 3, 0, 0
NOTE, 38, 1, 4, 3, 1, 2, 0
NOTE, 38, 3, 8, 0, 0, 3, 2
NOTE, 38, 1, 2, 2, 1, 0, 3
NOTE, 38, 9, 16, 0, 0, 1, 0
NOTE, 38, 5, 8, 0, 0, 0, 1
NOTE, 38, 11, 16, 0, 1, 0, 0
NOTE, 38, 3, 4, 0, 0, 1, 0
NOTE, 38, 7, 8, 3, 0, 1, 1
NOTE, 39, 0, 1, 1, 1, 0, 1
NOTE, 39, 1, 8, 0, 1, 1, 0
NOTE, 39, 1, 4, 1, 0, 1, 0
NOTE, 39, 3, 8, 1, 1, 0, 0
NOTE, 39, 1, 2, 0, 1, 1, 1
NOTE, 39, 5, 8, 1, 0, 0, 1
NOTE, 39, 3, 4, 0, 1, 1, 0
NOTE, 39, 7, 8, 0, 1, 0, 1
NOTE, 40, 0, 1, 1, 0, 1, 1
NOTE, 40, 1, 8, 0, 1, 1, 0
NOTE, 40, 1, 4, 1, 1, 0, 1
NOTE, 40, 3, 8, 1, 0, 1, 0
NOTE, 40, 1, 2, 0, 1, 1, 1
NOTE, 40, 5, 8, 1, 0, 0, 1
NOTE, 40, 11, 16, 0, 1, 1, 0
NOTE, 40, 3, 4, 1, 0, 0, 1
NOTE, 40, 7, 8, 0, 1, 1, 0
NOTE, 41, 0, 1, 1, 1, 1, 1
NOTE, 41, 1, 8, 0, 0, 0, 1
NOTE, 41, 1, 4, 1, 1, 1, 1
NOTE, 41, 3, 8, 1, 0, 0, 0
NOTE, 41, 1, 2, 1, 1, 1, 1
NOTE, 41, 5, 8, 0, 0, 1, 0
NOTE, 41, 3, 4, 1, 1, 1, 1
NOTE, 41, 7, 8, 1, 1, 0, 1
NOTE, 42, 0, 1, 0, 1, 1, 0
NOTE, 42, 1, 8, 1, 0, 1, 1
NOTE, 42, 1, 4, 1, 1, 1, 1
NOTE, 42, 3, 8, 0, 1, 0, 1
NOTE, 42, 1, 2, 1, 1, 1, 0
NOTE, 42, 9, 16, 0, 0, 0, 1
NOTE, 42, 5, 8, 1, 0, 0, 0
NOTE, 42, 11, 16, 0, 0, 1, 0
NOTE, 42, 3, 4, 1, 1, 0, 1
NOTE, 42, 13, 16, 0, 0, 1, 0
NOTE, 42, 7, 8, 0, 1, 0, 0
NOTE, 42, 15, 16, 0, 0, 1, 0
NOTE, 43, 0, 1, 1, 1, 0, 1
NOTE, 43, 1, 8, 0, 0, 1, 0
NOTE, 43, 1, 4, 1, 1, 0, 0
NOTE, 43, 1, 2, 1, 1, 0, 0
NOTE, 43, 5, 8, 0, 0, 1, 0
NOTE, 43, 3, 4, 1, 1, 0, 0
NOTE, 44, 0, 1, 1, 1, 0, 0
NOTE, 44, 1, 8, 0, 0, 1, 0
NOTE, 44, 1, 4, 1, 1, 0, 0
NOTE, 44, 1, 2, 1, 1, 0, 0
NOTE, 44, 5, 8, 0, 0, 1, 0
NOTE, 44, 3, 4, 1, 1, 0, 0
NOTE, 44, 7, 8, 0, 0, 1, 1
NOTE, 45, 0, 1, 1, 1, 0, 1
NOTE, 45, 1, 8, 0, 0, 1, 0
NOTE, 45, 1, 4, 1, 0, 0, 1
NOTE, 45, 3, 8, 1, 1, 1, 0
NOTE, 45, 1, 2, 0, 0, 1, 1
NOTE, 45, 5, 8, 0, 1, 0, 0
NOTE, 45, 3, 4, 0, 0, 1, 1
NOTE, 46, 0, 1, 0, 0, 1, 1
NOTE, 46, 1, 8, 0, 1, 0, 0
NOTE, 46, 1, 4, 0, 0, 1, 1
NOTE, 46, 1, 2, 0, 0, 1, 1
NOTE, 46, 9, 16, 1, 1, 0, 0
NOTE, 46, 5, 8, 0, 0, 1, 1
NOTE, 46, 3, 4, 1, 1, 0, 0
NOTE, 46, 7, 8, 0, 0, 1, 1
NOTE, 46, 15, 16, 0, 1, 0, 0
NOTE, 47, 0, 1, 1, 0, 1, 1
NOTE, 47, 1, 16, 0, 1, 0, 0
NOTE, 47, 1, 8, 0, 0, 0, 1
NOTE, 47, 3, 16, 1, 0, 0, 0
NOTE, 47, 1, 4, 0, 0, 1, 0
NOTE, 47, 5, 16, 0, 0, 0, 1
NOTE, 47, 3, 8, 0, 1, 0, 0
NOTE, 47, 7, 16, 0, 0, 1, 0
NOTE, 47, 1, 2, 1, 0, 0, 0
NOTE, 47, 9, 16, 0, 1, 0, 0
NOTE, 47, 5, 8, 0, 0, 0, 1
NOTE, 47, 11, 16, 1, 0, 0, 0
NOTE, 47, 3, 4, 0, 0, 1, 0
NOTE, 47, 13, 16, 0, 1, 0, 0
NOTE, 47, 7, 8, 0, 0, 0, 1
NOTE, 47, 15, 16, 0, 0, 1, 0
NOTE, 48, 0, 1, 1, 1, 0, 1
NOTE, 48, 1, 16, 0, 0, 1, 0
NOTE, 48, 1, 8, 1, 0, 0, 0
NOTE, 48, 3, 16, 0, 1, 0, 0
NOTE, 48, 1, 4, 0, 0, 0, 1
NOTE, 48, 9, 32, 0, 0, 1, 0
NOTE, 48, 5, 16, 1, 0, 0, 0
NOTE, 48, 11, 32, 0, 1, 0, 0
NOTE, 48, 3, 8, 0, 0, 0, 1
NOTE, 48, 13, 32, 0, 0, 1, 0
NOTE, 48, 7, 16, 1, 0, 0, 0
NOTE, 48, 15, 32, 0, 1, 0, 0
NOTE, 48, 1, 2, 0, 0, 0, 1
NOTE, 48, 9, 16, 0, 0, 1, 0
NOTE, 48, 5, 8, 1, 0, 0, 0
NOTE, 48, 11, 16, 0, 1, 0, 0
NOTE, 48, 3, 4, 0, 0, 0, 1
NOTE, 48, 25, 32, 0, 0, 1, 0
NOTE, 48, 13, 16, 0, 1, 0, 0
NOTE, 48, 27, 32, 1, 0, 0, 0
NOTE, 48, 7, 8, 0, 0, 0, 1
NOTE, 48, 29, 32, 0, 0, 1, 0
NOTE, 48, 15, 16, 0, 1, 0, 0
NOTE, 48, 31, 32, 1, 0, 0, 0
SPEED, 49, 0, 1, 1.5
NOTE, 49, 0, 1, 0, 0, 1, 1
SPEED, 49, 1, 16, 0.5
SPEED, 49, 1, 8, 1.5
NOTE, 49, 1, 8, 1, 1, 0, 1
SPEED, 49, 1, 4, 0.5
SPEED, 49, 3, 8, 1.5
NOTE, 49, 3, 8, 1, 0, 1, 1
SPEED, 49, 7, 16, 0.5
SPEED, 49, 1, 2, 1.5
NOTE, 49, 1, 2, 0, 1, 1, 1
SPEED, 49, 5, 8, 0.5
SPEED, 49, 3, 4, 1.5
NOTE, 49, 3, 4, 1, 1, 1, 0
SPEED, 49, 7, 8, 0.5
SPEED, 50, 0, 1, 2
NOTE, 50, 0, 1, 1, 1, 1, 1
SPEED, 50, 1, 2, 0.5
SPEED, 50, 7, 8, 0.75
SPEED, 51, 0, 1, 1
NOTE, 51, 0, 1, 0, 1, 1, 1
NOTE, 51, 1, 16, 1, 0, 0, 0
NOTE, 51, 1, 8, 0, 0, 1, 0
NOTE, 51, 3, 16, 0, 1, 0, 0
NOTE, 51, 1, 4, 1, 0, 0, 1
NOTE, 51, 5, 16, 0, 0, 1, 0
NOTE, 51, 3, 8, 0, 1, 0, 0
NOTE, 51, 7, 16, 0, 0, 0, 1
NOTE, 51, 1, 2, 1, 1, 0, 0
NOTE, 51, 9, 16, 0, 0, 1, 0
NOTE, 51, 5, 8, 0, 1, 0, 1
NOTE, 51, 11, 16, 1, 0, 0, 0
NOTE, 51, 3, 4, 0, 0, 1, 1
NOTE, 51, 13, 16, 0, 1, 0, 0
NOTE, 51, 7, 8, 1, 0, 1, 0
NOTE, 51, 15, 16, 0, 0, 0, 1
NOTE, 52, 0, 1, 1, 1, 0, 0
NOTE, 52, 1, 16, 0, 0, 1, 0
NOTE, 52, 1, 8, 1, 0, 0, 1
NOTE, 52, 3, 16, 0, 1, 0, 0
NOTE, 52, 1, 4, 0, 0, 1, 1
NOTE, 52, 5, 16, 1, 0, 0, 0
NOTE, 52, 3, 8, 0, 1, 0, 1
NOTE, 52, 7, 16, 0, 0, 1, 0
NOTE, 52, 1, 2, 1, 0, 0, 1
NOTE, 52, 9, 16, 0, 1, 0, 0
NOTE, 52, 5, 8, 0, 0, 1, 1
NOTE, 52, 11, 16, 1, 1, 0, 0
NOTE, 52, 3, 4, 0, 0, 1, 1
NOTE, 52, 13, 16, 1, 0, 0, 0
NOTE, 52, 7, 8, 0, 1, 0, 1
NOTE, 52, 15, 16, 0, 0, 1, 0
NOTE, 53, 0, 1, 1, 1, 0, 0
NOTE, 53, 1, 16, 0, 0, 0, 1
NOTE, 53, 1, 8, 1, 0, 1, 0
NOTE, 53, 3, 16, 0, 1, 0, 0
NOTE, 53, 1, 4, 0, 0, 1, 1
NOTE, 53, 5, 16, 1, 0, 0, 0
NOTE, 53, 3, 8, 0, 1, 1, 0
NOTE, 53, 7, 16, 0, 0, 0, 1
NOTE, 53, 1, 2, 1, 1, 0, 0
NOTE, 53, 9, 16, 0, 0, 1, 0
NOTE, 53, 5, 8, 0, 1, 0, 1
NOTE, 53, 11, 16, 1, 0, 0, 0
NOTE, 53, 3, 4, 0, 0, 1, 1
NOTE, 53, 13, 16, 0, 1, 0, 0
NOTE, 53, 7, 8, 1, 0, 1, 1
NOTE, 53, 15, 16, 0, 1, 0, 0
NOTE, 54, 0, 1, 1, 0, 1, 0
NOTE, 54, 1, 16, 0, 0, 0, 1
NOTE, 54, 1, 8, 1, 1, 0, 0
NOTE, 54, 3, 16, 0, 0, 1, 0
NOTE, 54, 1, 4, 0, 1, 0, 1
NOTE, 54, 5, 16, 1, 0, 0, 0
NOTE, 54, 3, 8, 0, 0, 1, 1
NOTE, 54, 7, 16, 1, 0, 0, 0
NOTE, 54, 1, 2, 0, 1, 1, 1
NOTE, 54, 9, 16, 1, 0, 0, 0
NOTE, 54, 5, 8, 0, 0, 1, 1
NOTE, 54, 11, 16, 0, 1, 0, 0
NOTE, 54, 3, 4, 0, 0, 1, 1
NOTE, 54, 13, 16, 1, 1, 0, 0
NOTE, 54, 7, 8, 0, 0, 1, 1
NOTE, 54, 15, 16, 1, 1, 0, 0
NOTE, 55, 0, 1, 0, 0, 1, 1
NOTE, 55, 1, 16, 1, 0, 0, 0
NOTE, 55, 1, 8, 0, 1, 0, 0
NOTE, 55, 3, 16, 0, 0, 0, 1
NOTE, 55, 1, 4, 1, 0, 1, 0
NOTE, 55, 5, 16, 0, 1, 0, 0
NOTE, 55, 3, 8, 0, 0, 1, 1
NOTE, 55, 7, 16, 1, 0, 0, 0
NOTE, 55, 1, 2, 0, 1, 0, 1
NOTE, 55, 9, 16, 0, 0, 1, 0
NOTE, 55, 5, 8, 1, 1, 0, 0
NOTE, 55, 11, 16, 0, 0, 0, 1
NOTE, 55, 3, 4, 0, 1, 1, 0
NOTE, 55, 13, 16, 1, 0, 0, 0
NOTE, 55, 7, 8, 0, 0, 1, 1
NOTE, 55, 15, 16, 0, 1, 0, 0
NOTE, 56, 0, 1, 1, 0, 0, 1
NOTE, 56, 1, 16, 0, 0, 1, 0
NOTE, 56, 1, 8, 1, 1, 0, 0
NOTE, 56, 3, 16, 0, 0, 1, 0
NOTE, 56, 1, 4, 1, 0, 0, 1
NOTE, 56, 5, 16, 0, 1, 0, 0
NOTE, 56, 3, 8, 0, 0, 1, 1
NOTE, 56, 7, 16, 1, 0, 0, 0
NOTE, 56, 1, 2, 0, 1, 0, 1
NOTE, 56, 9, 16, 0, 0, 1, 0
NOTE, 56, 5, 8, 1, 1, 0, 0
NOTE, 56, 11, 16, 0, 0, 1, 1
NOTE, 56, 3, 4, 1, 1, 0, 0
NOTE, 56, 13, 16, 0, 0, 0, 1
NOTE, 56, 7, 8, 1, 0, 1, 0
NOTE, 56, 15, 16, 0, 1, 0, 0
NOTE, 57, 0, 1, 0, 0, 1, 1
NOTE, 57, 1, 16, 1, 0, 0, 0
NOTE, 57, 1, 8, 0, 1, 1, 0
NOTE, 57, 3, 16, 0, 0, 0, 1
NOTE, 57, 1, 4, 1, 1, 0, 0
NOTE, 57, 5, 16, 0, 0, 1, 0
NOTE, 57, 3, 8, 1, 1, 0, 0
NOTE, 57, 7, 16, 0, 0, 1, 0
SPEED, 57, 1, 2, 1.5
NOTE, 57, 1, 2, 1, 1, 0, 1
SPEED, 57, 9, 16, 0.5
SPEED, 57, 5, 8, 1.5
NOTE, 57, 5, 8, 1, 0, 1, 1
SPEED, 57, 3, 4, 0.5
SPEED, 57, 7, 8, 1.5
NOTE, 57, 7, 8, 0, 1, 1, 1
SPEED, 58, 0, 1, 0.5
SPEED, 58, 1, 8, 1
NOTE, 58, 1, 8, 0, 1, 1, 0
NOTE, 58, 3, 16, 1, 0, 0, 1
SPEED, 58, 1, 4, 1.5
NOTE, 58, 1, 4, 0, 1, 1, 0
SPEED, 58, 5, 16, 0.5
SPEED, 58, 3, 8, 1.5
NOTE, 58, 3, 8, 1, 0, 1, 1
SPEED, 58, 7, 16, 0.5
SPEED, 58, 1, 2, 1.5
NOTE, 58, 1, 2, 1, 1, 0, 1
SPEED, 58, 5, 8, 0.5
SPEED, 58, 3, 4, 1
NOTE, 58, 3, 4, 0, 1, 1, 1
NOTE, 58, 13, 16, 1, 0, 0, 0
NOTE, 58, 7, 8, 0, 0, 1, 0
NOTE, 58, 15, 16, 1, 0, 0, 0
SPEED, 59, 0, 1, 1
NOTE, 59, 0, 1, 0, 1, 1, 1
NOTE, 59, 1, 16, 1, 0, 0, 0
NOTE, 59, 1, 8, 0, 0, 1, 0
NOTE, 59, 3, 16, 0, 1, 0, 0
NOTE, 59, 1, 4, 1, 0, 0, 1
NOTE, 59, 5, 16, 0, 0, 1, 0
NOTE, 59, 3, 8, 0, 1, 0, 0
NOTE, 59, 7, 16, 0, 0, 0, 1
NOTE, 59, 1, 2, 1, 1, 0, 0
NOTE, 59, 9, 16, 0, 0, 1, 0
NOTE, 59, 5, 8, 0, 1, 0, 1
NOTE, 59, 11, 16, 1, 0, 0, 0
NOTE, 59, 3, 4, 0, 0, 1, 1
NOTE, 59, 13, 16, 0, 1, 0, 0
NOTE, 59, 7, 8, 1, 0, 1, 0
NOTE, 59, 15, 16, 0, 0, 0, 1
NOTE, 60, 0, 1, 1, 1, 0, 0
NOTE, 60, 1, 16, 0, 0, 1, 0
NOTE, 60, 1, 8, 1, 0, 0, 1
NOTE, 60, 3, 16, 0, 1, 0, 0
NOTE, 60, 1, 4, 0, 0, 1, 1
NOTE, 60, 5, 16, 1, 0, 0, 0
NOTE, 60, 3, 8, 0, 1, 0, 1
NOTE, 60, 7, 16, 0, 0, 1, 0
NOTE, 60, 1, 2, 1, 0, 0, 1
NOTE, 60, 9, 16, 0, 1, 0, 0
NOTE, 60, 5, 8, 0, 0, 1, 1
NOTE, 60, 11, 16, 1, 1, 0, 0
NOTE, 60, 3, 4, 0, 0, 1, 1
NOTE, 60, 13, 16, 1, 0, 0, 0
NOTE, 60, 7, 8, 0, 1, 0, 1
NOTE, 60, 15, 16, 0, 0, 1, 0
NOTE, 61, 0, 1, 1, 1, 0, 0
NOTE, 61, 1, 16, 0, 0, 0, 1
NOTE, 61, 1, 8, 1, 0, 1, 0
NOTE, 61, 3, 16, 0, 1, 0, 0
NOTE, 61, 1, 4, 0, 0, 1, 1
NOTE, 61, 5, 16, 1, 0, 0, 0
NOTE, 61, 3, 8, 0, 1, 1, 0
NOTE, 61, 7, 16, 0, 0, 0, 1
NOTE, 61, 1, 2, 1, 1, 0, 0
NOTE, 61, 9, 16, 0, 0, 1, 0
NOTE, 61, 5, 8, 0, 1, 0, 1
NOTE, 61, 11, 16, 1, 0, 0, 0
NOTE, 61, 3, 4, 0, 0, 1, 1
NOTE, 61, 13, 16, 0, 1, 0, 0
NOTE, 61, 7, 8, 1, 0, 1, 1
NOTE, 61, 15, 16, 0, 1, 0, 0
NOTE, 62, 0, 1, 1, 0, 1, 0
NOTE, 62, 1, 16, 0, 0, 0, 1
NOTE, 62, 1, 8, 1, 1, 0, 0
NOTE, 62, 3, 16, 0, 0, 1, 0
NOTE, 62, 1, 4, 0, 1, 0, 1
NOTE, 62, 5, 16, 1, 0, 0, 0
NOTE, 62, 3, 8, 0, 0, 1, 1
NOTE, 62, 7, 16, 1, 0, 0, 0
NOTE, 62, 1, 2, 0, 1, 1, 1
NOTE, 62, 9, 16, 1, 0, 0, 0
NOTE, 62, 5, 8, 0, 0, 1, 1
NOTE, 62, 11, 16, 0, 1, 0, 0
NOTE, 62, 3, 4, 0, 0, 1, 1
NOTE, 62, 13, 16, 1, 1, 0, 0
NOTE, 62, 7, 8, 0, 0, 1, 1
NOTE, 62, 15, 16, 1, 1, 0, 0
NOTE, 63, 0, 1, 0, 0, 1, 1
NOTE, 63, 1, 16, 1, 0, 0, 0
NOTE, 63, 1, 8, 0, 1, 0, 0
NOTE, 63, 3, 16, 0, 0, 0, 1
NOTE, 63, 1, 4, 1, 0, 1, 0
NOTE, 63, 5, 16, 0, 1, 0, 0
NOTE, 63, 3, 8, 0, 0, 1, 1
NOTE, 63, 7, 16, 1, 0, 0, 0
NOTE, 63, 1, 2, 0, 1, 0, 1
NOTE, 63, 9, 16, 0, 0, 1, 0
NOTE, 63, 5, 8, 1, 1, 0, 0
NOTE, 63, 11, 16, 0, 0, 0, 1
NOTE, 63, 3, 4, 0, 1, 1, 0
NOTE, 63, 13, 16, 1, 0, 0, 0
NOTE, 63, 7, 8, 0, 0, 1, 1
NOTE, 63, 15, 16, 0, 1, 0, 0
NOTE, 64, 0, 1, 1, 0, 0, 1
NOTE, 64, 1, 16, 0, 0, 1, 0
NOTE, 64, 1, 8, 1, 1, 0, 0
NOTE, 64, 3, 16, 0, 0, 1, 0
NOTE, 64, 1, 4, 1, 0, 0, 1
NOTE, 64, 5, 16, 0, 1, 0, 0
NOTE, 64, 3, 8, 0, 0, 1, 1
NOTE, 64, 7, 16, 1, 0, 0, 0
NOTE, 64, 1, 2, 0, 1, 0, 1
NOTE, 64, 9, 16, 0, 0, 1, 0
NOTE, 64, 5, 8, 1, 1, 0, 0
NOTE, 64, 11, 16, 0, 0, 1, 1
NOTE, 64, 3, 4, 1, 1, 0, 0
NOTE, 64, 13, 16, 0, 0, 0, 1
NOTE, 64, 7, 8, 1, 0, 1, 0
NOTE, 64, 15, 16, 0, 1, 0, 0
NOTE, 65, 0, 1, 0, 0, 1, 1
NOTE, 65, 1, 16, 1, 0, 0, 0
NOTE, 65, 1, 8, 0, 1, 1, 0
NOTE, 65, 3, 16, 1, 0, 0, 1
NOTE, 65, 1, 4, 0, 1, 1, 0
NOTE, 65, 5, 16, 0, 0, 0, 1
NOTE, 65, 3, 8, 1, 1, 0, 0
NOTE, 65, 7, 16, 0, 0, 1, 1
NOTE, 65, 1, 2, 1, 1, 0, 0
NOTE, 65, 9, 16, 0, 0, 0, 1
NOTE, 65, 5, 8, 0, 1, 1, 0
NOTE, 65, 11, 16, 1, 0, 0, 1
NOTE, 65, 3, 4, 0, 1, 1, 0
NOTE, 65, 13, 16, 1, 0, 0, 0
NOTE, 65, 7, 8, 0, 0, 1, 1
NOTE, 65, 15, 16, 1, 1, 0, 0
NOTE, 66, 0, 1, 0, 0, 1, 1
NOTE, 66, 1, 16, 1, 0, 0, 0
NOTE, 66, 1, 8, 0, 1, 1, 0
NOTE, 66, 3, 16, 1, 0, 0, 1
NOTE, 66, 1, 4, 0, 1, 1, 0
NOTE, 66, 5, 16, 0, 0, 0, 1
NOTE, 66, 3, 8, 1, 1, 0, 0
NOTE, 66, 7, 16, 0, 0, 1, 1
NOTE, 66, 1, 2, 1, 1, 0, 0
NOTE, 66, 9, 16, 0, 0, 1, 0
NOTE, 66, 5, 8, 0, 1, 0, 1
NOTE, 66, 11, 16, 1, 0, 0, 0
NOTE, 66, 3, 4, 0, 0, 1, 1
NOTE, 66, 13, 16, 0, 1, 0, 0
NOTE, 66, 7, 8, 1, 0, 0, 1
NOTE, 66, 15, 16, 0, 1, 0, 0
NOTE, 67, 0, 1, 0, 0, 1, 1
NOTE, 67, 1, 16, 1, 1, 0, 0
NOTE, 67, 1, 8, 0, 0, 1, 1
NOTE, 67, 3, 16, 1, 1, 0, 0
NOTE, 67, 1, 4, 0, 0, 1, 1
NOTE, 67, 5, 16, 1, 1, 0, 0
NOTE, 67, 3, 8, 0, 0, 1, 1
NOTE, 67, 7, 16, 1, 1, 0, 0
NOTE, 67, 1, 2, 0, 0, 1, 1
NOTE, 67, 9, 16, 1, 1, 0, 0
NOTE, 67, 5, 8, 0, 0, 1, 1
NOTE, 67, 11, 16, 1, 1, 0, 0
NOTE, 67, 3, 4, 0, 0, 1, 1
NOTE, 67, 13, 16, 1, 1, 0, 0
NOTE, 67, 7, 8, 0, 0, 1, 1
NOTE, 67, 15, 16, 1, 1, 0, 0
SPEED, 68, 0, 1, 2
NOTE, 68, 0, 1, 0, 0, 1, 1
SPEED, 68, 1, 8, 0.2
SPEED, 68, 1, 4, 0.4
SPEED, 68, 3, 8, 0.65
SPEED, 68, 1, 2, 1
NOTE, 68, 1, 2, 2, 0, 1, 0
NOTE, 68, 3, 4, 3, 0, 1, 1
NOTE, 68, 13, 16, 1, 1, 0, 0
NOTE, 68, 7, 8, 0, 0, 1, 1
NOTE, 68, 15, 16, 1, 1, 0, 0
NOTE, 69, 0, 1, 0, 0, 1, 1
NOTE, 69, 1, 8, 1, 0, 0, 0
NOTE, 69, 1, 4, 0, 1, 1, 1
NOTE, 69, 3, 8, 0, 0, 1, 0
NOTE, 69, 1, 2, 1, 1, 0, 0
NOTE, 69, 5, 8, 1, 0, 0, 0
NOTE, 69, 3, 4, 0, 1, 0, 1
NOTE, 69, 7, 8, 0, 0, 0, 1
NOTE, 70, 0, 1, 1, 1, 1, 0
NOTE, 70, 1, 8, 1, 0, 0, 0
NOTE, 70, 1, 4, 0, 1, 1, 1
NOTE, 70, 3, 8, 0, 0, 1, 0
NOTE, 70, 1, 2, 1, 1, 0, 0
NOTE, 70, 5, 8, 0, 1, 0, 0
NOTE, 70, 3, 4, 0, 0, 1, 1
NOTE, 70, 7, 8, 0, 0, 0, 1
NOTE, 71, 0, 1, 1, 1, 1, 0
NOTE, 71, 1, 8, 1, 0, 0, 0
NOTE, 71, 1, 4, 0, 1, 1, 1
NOTE, 71, 3, 8, 0, 0, 1, 0
NOTE, 71, 1, 2, 1, 1, 0, 1
NOTE, 71, 5, 8, 0, 1, 1, 0
NOTE, 71, 3, 4, 1, 0, 1, 1
NOTE, 71, 7, 8, 0, 1, 0, 1
NOTE, 72, 0, 1, 1, 0, 1, 1
NOTE, 72, 1, 8, 1, 1, 0, 0
NOTE, 72, 1, 4, 0, 1, 1, 1
NOTE, 72, 3, 8, 1, 0, 0, 1
NOTE, 72, 1, 2, 1, 1, 1, 0
NOTE, 72, 5, 8, 0, 1, 0, 0
NOTE, 72, 3, 4, 0, 0, 1, 1
NOTE, 72, 13, 16, 1, 1, 0, 0
NOTE, 72, 7, 8, 0, 0, 1, 1
NOTE, 72, 15, 16, 0, 1, 0, 0
NOTE, 73, 0, 1, 1, 0, 1, 1
NOTE, 73, 1, 8, 1, 0, 0, 0
NOTE, 73, 1, 4, 0, 1, 1, 1
NOTE, 73, 3, 8, 0, 0, 1, 0
NOTE, 73, 1, 2, 1, 0, 0, 1
NOTE, 73, 5, 8, 1, 0, 0, 0
NOTE, 73, 3, 4, 0, 1, 1, 0
NOTE, 73, 7, 8, 0, 0, 1, 0
NOTE, 74, 0, 1, 1, 1, 0, 1
NOTE, 74, 1, 8, 1, 0, 0, 0
NOTE, 74, 1, 4, 0, 1, 1, 1
NOTE, 74, 3, 8, 0, 0, 0, 1
NOTE, 74, 1, 2, 1, 1, 0, 0
NOTE, 74, 5, 8, 0, 1, 0, 0
NOTE, 74, 3, 4, 0, 0, 1, 1
NOTE, 74, 7, 8, 0, 0, 1, 0
NOTE, 75, 0, 1, 1, 1, 0, 1
NOTE, 75, 1, 8, 1, 0, 0, 0
NOTE, 75, 1, 4, 0, 1, 1, 1
NOTE, 75, 3, 8, 0, 0, 0, 1
NOTE, 75, 1, 2, 1, 1, 1, 0
NOTE, 75, 5, 8, 1, 0, 0, 1
NOTE, 75, 3, 4, 0, 1, 1, 1
NOTE, 75, 7, 8, 1, 0, 1, 0
NOTE, 76, 0, 1, 1, 1, 0, 1
NOTE, 76, 1, 8, 0, 0, 1, 1
NOTE, 76, 1, 4, 1, 1, 1, 0
NOTE, 76, 3, 8, 1, 0, 0, 1
NOTE, 76, 1, 2, 0, 1, 1, 1
NOTE, 76, 5, 8, 1, 1, 0, 0
NOTE, 76, 11, 16, 0, 0, 1, 1
NOTE, 76, 3, 4, 1, 1, 0, 0
NOTE, 76, 13, 16, 0, 0, 1, 1
NOTE, 76, 7, 8, 1, 1, 0, 0
NOTE, 76, 15, 16, 0, 0, 1, 0
NOTE, 77, 0, 1, 1, 1, 0, 1
NOTE, 77, 1, 8, 0, 0, 1, 0
NOTE, 77, 1, 4, 1, 0, 0, 0
NOTE, 77, 3, 8, 0, 0, 0, 1
NOTE, 77, 1, 2, 1, 1, 1, 1
NOTE, 77, 3, 4, 0, 1, 0, 0
NOTE, 78, 0, 1, 1, 1, 1, 1
NOTE, 78, 1, 4, 0, 0, 0, 1
NOTE, 78, 1, 2, 1, 1, 1, 1
NOTE, 79, 0, 1, 1, 1, 1, 1
NOTE, 79, 1, 8, 0, 0, 1, 0
NOTE, 79, 1, 4, 1, 0, 0, 0
NOTE, 79, 3, 8, 0, 0, 0, 1
NOTE, 79, 1, 2, 1, 1, 1, 1
NOTE, 79, 3, 4, 0, 1, 0, 0
NOTE, 80, 0, 1, 1, 1, 1, 1
NOTE, 80, 1, 4, 0, 0, 1, 0
NOTE, 80, 1, 2, 1, 1, 1, 1
NOTE, 81, 0, 1, 1, 1, 1, 1
NOTE, 81, 1, 8, 0, 0, 0, 1
NOTE, 81, 1, 4, 1, 1, 1, 1
NOTE, 81, 3, 8, 1, 0, 0, 0
NOTE, 81, 1, 2, 1, 1, 1, 1
NOTE, 81, 3, 4, 1, 1, 1, 1
NOTE, 81, 7, 8, 0, 1, 0, 0
NOTE, 82, 0, 1, 1, 1, 1, 1
NOTE, 82, 1, 4, 1, 1, 1, 1
NOTE, 82, 1, 2, 1, 1, 1, 1
NOTE, 82, 3, 4, 1, 1, 1, 1
NOTE, 83, 0, 1, 1, 1, 0, 1
NOTE, 83, 1, 8, 1, 0, 1, 1
NOTE, 83, 1, 4, 0, 1, 1, 1
NOTE, 83, 3, 8, 1, 1, 1, 0
NOTE, 83, 1, 2, 0, 0, 1, 1
NOTE, 83, 9, 16, 1, 1, 0, 0
NOTE, 83, 5, 8, 0, 0, 1, 1
NOTE, 83, 11, 16, 1, 1, 0, 0
NOTE, 83, 3, 4, 0, 0, 1, 1
NOTE, 83, 13, 16, 1, 1, 0, 0
NOTE, 83, 7, 8, 0, 0, 1, 1
NOTE, 83, 15, 16, 1, 1, 0, 0
NOTE, 84, 0, 1, 0, 0, 1, 1
NOTE, 84, 1, 8, 1, 0, 0, 0
NOTE, 84, 1, 4, 0, 0, 1, 0
NOTE, 84, 3, 8, 0, 1, 0, 0
NOTE, 84, 1, 2, 0, 0, 2, 0
NOTE, 84, 3, 4, 0, 0, 3, 2
NOTE, 85, 0, 1, 1, 1, 0, 3
NOTE, 85, 1, 16, 0, 0, 1, 0
NOTE, 85, 1, 8, 1, 0, 0, 1
NOTE, 85, 3, 16, 0, 1, 0, 0
NOTE, 85, 1, 4, 0, 0, 1, 1
NOTE, 85, 5, 16, 1, 0, 0, 0
NOTE, 85, 3, 8, 0, 0, 1, 0
NOTE, 85, 7, 16, 0, 1, 0, 0
NOTE, 85, 1, 2, 1, 0, 0, 1
NOTE, 85, 9, 16, 0, 0, 1, 0
NOTE, 85, 5, 8, 1, 1, 0, 0
NOTE, 85, 11, 16, 0, 0, 0, 1
NOTE, 85, 3, 4, 0, 1, 1, 0
NOTE, 85, 13, 16, 1, 0, 0, 0
NOTE, 85, 7, 8, 0, 0, 0, 1
NOTE, 85, 15, 16, 0, 1, 0, 0
NOTE, 86, 0, 1, 1, 0, 1, 0
NOTE, 86, 1, 16, 0, 0, 0, 1
NOTE, 86, 1, 8, 1, 1, 0, 0
NOTE, 86, 3, 16, 0, 0, 1, 0
NOTE, 86, 1, 4, 0, 1, 0, 1
NOTE, 86, 5, 16, 1, 0, 0, 0
NOTE, 86, 3, 8, 0, 0, 1, 0
NOTE, 86, 7, 16, 0, 1, 0, 0
NOTE, 86, 1, 2, 0, 0, 1, 1
NOTE, 86, 9, 16, 1, 0, 0, 0
NOTE, 86, 5, 8, 0, 1, 0, 1
NOTE, 86, 11, 16, 0, 0, 1, 0
NOTE, 86, 3, 4, 1, 1, 0, 0
NOTE, 86, 13, 16, 0, 0, 0, 1
NOTE, 86, 7, 8, 1, 1, 0, 0
NOTE, 86, 15, 16, 0, 0, 1, 1
NOTE, 87, 0, 1, 1, 1, 0, 0
NOTE, 87, 1, 16, 0, 0, 1, 0
NOTE, 87, 1, 8, 0, 1, 0, 1
NOTE, 87, 3, 16, 1, 0, 0, 0
NOTE, 87, 1, 4, 0, 0, 1, 1
NOTE, 87, 5, 16, 0, 1, 0, 0
NOTE, 87, 3, 8, 1, 0, 0, 0
NOTE, 87, 7, 16, 0, 0, 1, 0
NOTE, 87, 1, 2, 0, 1, 0, 1
NOTE, 87, 9, 16, 1, 0, 0, 0
NOTE, 87, 5, 8, 0, 0, 1, 1
NOTE, 87, 11, 16, 0, 1, 0, 0
NOTE, 87, 3, 4, 1, 0, 1, 0
NOTE, 87, 13, 16, 0, 0, 0, 1
NOTE, 87, 7, 8, 1, 0, 0, 0
NOTE, 87, 15, 16, 0, 1, 0, 0
NOTE, 88, 0, 1, 1, 0, 1, 1
NOTE, 88, 1, 16, 0, 1, 0, 0
NOTE, 88, 1, 8, 0, 0, 1, 1
NOTE, 88, 3, 16, 1, 0, 0, 0
NOTE, 88, 1, 4, 0, 1, 1, 1
NOTE, 88, 5, 16, 1, 0, 0, 0
NOTE, 88, 3, 8, 0, 0, 0, 1
NOTE, 88, 7, 16, 0, 1, 0, 0
NOTE, 88, 1, 2, 1, 0, 1, 1
NOTE, 88, 9, 16, 0, 1, 0, 0
NOTE, 88, 5, 8, 0, 0, 1, 1
NOTE, 88, 11, 16, 1, 1, 0, 0
NOTE, 88, 3, 4, 0, 0, 1, 1
NOTE, 88, 7, 8, 1, 1, 0, 0
NOTE, 89, 0, 1, 1, 0, 1, 1
NOTE, 89, 1, 16, 0, 1, 0, 0
NOTE, 89, 1, 8, 0, 0, 1, 1
NOTE, 89, 3, 16, 1, 0, 0, 0
NOTE, 89, 1, 4, 0, 1, 0, 1
NOTE, 89, 5, 16, 0, 0, 1, 0
NOTE, 89, 3, 8, 1, 0, 0, 0
NOTE, 89, 7, 16, 0, 0, 0, 1
NOTE, 89, 1, 2, 0, 1, 1, 0
NOTE, 89, 9, 16, 1, 0, 0, 0
NOTE, 89, 5, 8, 0, 0, 1, 1
NOTE, 89, 11, 16, 0, 1, 0, 0
NOTE, 89, 3, 4, 1, 0, 1, 0
NOTE, 89, 13, 16, 0, 0, 0, 1
NOTE, 89, 7, 8, 0, 1, 0, 0
NOTE, 89, 15, 16, 0, 0, 1, 0
NOTE, 90, 0, 1, 1, 0, 0, 1
NOTE, 90, 1, 16, 0, 1, 0, 0
NOTE, 90, 1, 8, 0, 0, 1, 1
NOTE, 90, 3, 16, 1, 0, 0, 0
NOTE, 90, 1, 4, 0, 1, 0, 1
NOTE, 90, 5, 16, 0, 0, 1, 0
NOTE, 90, 3, 8, 1, 0, 0, 0
NOTE, 90, 7, 16, 0, 0, 0, 1
NOTE, 90, 1, 2, 0, 1, 1, 0
NOTE, 90, 9, 16, 1, 0, 0, 0
NOTE, 90, 5, 8, 0, 0, 1, 1
NOTE, 90, 11, 16, 1, 1, 0, 0
NOTE, 90, 3, 4, 0, 0, 1, 1
NOTE, 90, 13, 16, 1, 0, 0, 0
NOTE, 90, 7, 8, 0, 1, 1, 0
NOTE, 90, 15, 16, 1, 0, 0, 1
NOTE, 91, 0, 1, 0, 1, 1, 0
NOTE, 91, 1, 16, 0, 0, 0, 1
NOTE, 91, 1, 8, 1, 1, 0, 0
NOTE, 91, 3, 16, 0, 0, 1, 0
NOTE, 91, 1, 4, 1, 0, 0, 1
NOTE, 91, 5, 16, 0, 1, 0, 0
NOTE, 91, 3, 8, 0, 0, 1, 0
NOTE, 91, 7, 16, 1, 0, 0, 0
NOTE, 91, 1, 2, 0, 1, 0, 1
NOTE, 91, 9, 16, 0, 0, 1, 0
NOTE, 91, 5, 8, 1, 1, 0, 0
NOTE, 91, 11, 16, 0, 0, 0, 1
NOTE, 91, 3, 4, 1, 0, 1, 0
NOTE, 91, 13, 16, 0, 1, 0, 0
NOTE, 91, 7, 8, 0, 0, 0, 1
NOTE, 91, 15, 16, 0, 0, 1, 0
NOTE, 92, 0, 1, 1, 1, 0, 1
NOTE, 92, 1, 4, 1, 0, 1, 1
NOTE, 92, 1, 2, 0, 2, 1, 1
NOTE, 92, 5, 8, 2, 3, 0, 0
NOTE, 92, 3, 4, 3, 0, 2, 0
NOTE, 93, 0, 1, 1, 1, 3, 1
NOTE, 93, 1, 8, 1, 0, 1, 0
NOTE, 93, 1, 4, 1, 1, 1, 1
NOTE, 93, 3, 8, 0, 1, 0, 1
NOTE, 93, 1, 2, 1, 1, 1, 1
NOTE, 93, 5, 8, 0, 0, 1, 1
NOTE, 93, 3, 4, 1, 1, 1, 1
NOTE, 93, 7, 8, 1, 1, 0, 0
NOTE, 94, 0, 1, 1, 1, 1, 1
NOTE, 94, 1, 8, 0, 1, 0, 1
NOTE, 94, 1, 4, 1, 1, 1, 1
NOTE, 94, 3, 8, 1, 0, 1, 0
NOTE, 94, 1, 2, 1, 1, 1, 1
NOTE, 94, 5, 8, 0, 0, 1, 1
NOTE, 94, 3, 4, 1, 1, 1, 1
NOTE, 94, 7, 8, 1, 1, 1, 1
NOTE, 95, 0, 1, 1, 1, 1, 1
NOTE, 95, 1, 8, 1, 1, 0, 0
NOTE, 95, 1, 4, 1, 1, 1, 1
NOTE, 95, 3, 8, 0, 0, 1, 1
NOTE, 95, 1, 2, 1, 1, 1, 1
NOTE, 95, 5, 8, 1, 0, 1, 0
NOTE, 95, 3, 4, 1, 1, 1, 1
NOTE, 95, 7, 8, 1, 0, 0, 1
NOTE, 96, 0, 1, 1, 1, 1, 1
NOTE, 96, 1, 8, 0, 0, 1, 1
NOTE, 96, 1, 4, 1, 1, 1, 1
NOTE, 96, 3, 8, 1, 1, 0, 0
NOTE, 96, 1, 2, 1, 1, 1, 1
NOTE, 96, 5, 8, 0, 0, 1, 1
NOTE, 96, 11, 16, 1, 1, 0, 0
NOTE, 96, 3, 4, 0, 0, 1, 1
NOTE, 96, 7, 8, 1, 0, 0, 0
NOTE, 96, 29, 32, 0, 1, 0, 0
NOTE, 96, 15, 16, 0, 0, 1, 0
NOTE, 96, 31, 32, 0, 0, 0, 1
NOTE, 97, 0, 1, 1, 1, 0, 0
NOTE, 97, 1, 8, 1, 0, 1, 1
NOTE, 97, 1, 4, 1, 1, 0, 1
NOTE, 97, 3, 8, 0, 1, 1, 1
NOTE, 97, 1, 2, 1, 0, 1, 1
NOTE, 97, 5, 8, 1, 1, 1, 0
NOTE, 97, 3, 4, 1, 1, 0, 1
NOTE, 97, 7, 8, 0, 0, 1, 1
NOTE, 97, 15, 16, 1, 1, 0, 0
NOTE, 98, 0, 1, 0, 0, 1, 1
NOTE, 98, 1, 8, 1, 1, 1, 0
NOTE, 98, 1, 4, 1, 1, 0, 1
NOTE, 98, 3, 8, 1, 0, 1, 1
NOTE, 98, 1, 2, 0, 1, 1, 1
NOTE, 98, 5, 8, 1, 1, 1, 0
NOTE, 98, 3, 4, 1, 1, 0, 1
NOTE, 98, 7, 8, 0, 0, 1, 1
NOTE, 98, 15, 16, 1, 1, 0, 0
NOTE, 99, 0, 1, 0, 0, 1, 1
NOTE, 99, 1, 16, 1, 1, 0, 0
NOTE, 99, 1, 8, 0, 0, 1, 1
NOTE, 99, 3, 16, 1, 1, 0, 0
NOTE, 99, 1, 4, 0, 0, 1, 1
NOTE, 99, 5, 16, 1, 1, 0, 0
NOTE, 99, 3, 8, 0, 0, 1, 1
NOTE, 99, 7, 16, 1, 1, 0, 0
NOTE, 99, 1, 2, 0, 0, 0, 1
NOTE, 99, 17, 32, 0, 0, 1, 0
NOTE, 99, 9, 16, 0, 1, 0, 0
NOTE, 99, 19, 32, 1, 0, 0, 0
NOTE, 99, 5, 8, 0, 0, 0, 1
NOTE, 99, 21, 32, 0, 0, 1, 0
NOTE, 99, 11, 16, 0, 1, 0, 0
NOTE, 99, 23, 32, 1, 0, 0, 0
NOTE, 99, 3, 4, 0, 0, 0, 1
NOTE, 99, 25, 32, 0, 0, 1, 0
NOTE, 99, 13, 16, 1, 0, 0, 0
NOTE, 99, 27, 32, 0, 1, 0, 0
NOTE, 99, 7, 8, 0, 0, 0, 1
NOTE, 99, 29, 32, 0, 0, 1, 0
NOTE, 99, 15, 16, 1, 0, 0, 0
NOTE, 99, 31, 32, 0, 1, 0, 0
NOTE, 100, 0, 1, 0, 0, 1, 1
NOTE, 100, 1, 8, 1, 0, 0, 0
NOTE, 100, 1, 4, 0, 0, 0, 1
NOTE, 100, 3, 8, 0, 0, 1, 0
NOTE, 100, 1, 2, 1, 0, 0, 0
NOTE, 100, 5, 8, 0, 1, 0, 0
NOTE, 100, 3, 4, 0, 0, 2, 0
SPEED, 101, 0, 1, 0.8
NOTE, 101, 0, 1, 0, 0, 3, 0
NOTE, 101, 5, 8, 0, 0, 0, 1
NOTE, 101, 13, 16, 1, 0, 0, 0
NOTE, 101, 7, 8, 0, 1, 0, 0
NOTE, 102, 0, 1, 0, 0, 1, 0
NOTE, 102, 3, 8, 0, 1, 0, 0
NOTE, 102, 1, 2, 0, 0, 0, 1
NOTE, 102, 5, 8, 1, 0, 0, 0
NOTE, 102, 3, 4, 0, 1, 0, 0
NOTE, 102, 7, 8, 0, 0, 2, 0
NOTE, 103, 1, 8, 0, 0, 3, 0
SPEED, 104, 1, 4, 0.9
NOTE, 104, 1, 4, 0, 0, 0, 1
NOTE, 104, 3, 8, 0, 0, 0, 1
NOTE, 104, 7, 16, 1, 0, 0, 0
NOTE, 104, 1, 2, 0, 0, 1, 0
NOTE, 104, 5, 8, 0, 0, 1, 0
NOTE, 104, 3, 4, 0, 1, 0, 0
NOTE, 104, 7, 8, 0, 1, 0, 0
NOTE, 105, 0, 1, 1, 0, 1, 1
NOTE, 105, 1, 8, 0, 1, 0, 0
NOTE, 105, 3, 8, 0, 0, 0, 1
NOTE, 105, 1, 2, 1, 0, 0, 0
NOTE, 105, 5, 8, 0, 0, 1, 0
NOTE, 105, 7, 8, 0, 1, 0, 0
NOTE, 106, 0, 1, 0, 0, 1, 1
NOTE, 106, 1, 8, 1, 0, 0, 0
NOTE, 106, 1, 4, 0, 0, 1, 0
NOTE, 106, 3, 8, 0, 1, 0, 0
NOTE, 106, 1, 2, 0, 0, 0, 1
NOTE, 107, 0, 1, 1, 0, 1, 0
NOTE, 107, 1, 4, 0, 1, 0, 0
NOTE, 107, 1, 2, 0, 0, 0, 1
NOTE, 107, 3, 4, 1, 0, 0, 0
NOTE, 108, 0, 1, 0, 1, 1, 0
NOTE, 108, 1, 4, 0, 0, 0, 1
NOTE, 108, 3, 8, 0, 0, 1, 0
NOTE, 108, 1, 2, 1, 0, 0, 0
NOTE, 108, 5, 8, 0, 1, 0, 0
NOTE, 108, 3, 4, 0, 0, 0, 1
NOTE, 109, 0, 1, 1, 0, 1, 0
NOTE, 109, 1, 8, 0, 1, 0, 0
NOTE, 109, 3, 8, 0, 0, 0, 1
NOTE, 109, 1, 2, 1, 0, 0, 0
NOTE, 109, 5, 8, 0, 0, 1, 0
NOTE, 109, 7, 8, 0, 1, 0, 0
NOTE, 110, 0, 1, 0, 0, 1, 1
NOTE, 110, 1, 8, 1, 0, 0, 0
NOTE, 110, 1, 4, 0, 1, 0, 0
NOTE, 110, 3, 8, 0, 0, 0, 1
NOTE, 110, 1, 2, 0, 0, 1, 0
NOTE, 110, 3, 4, 1, 0, 0, 0
NOTE, 110, 7, 8, 0, 0, 0, 1
SPEED, 111, 0, 1, 1
NOTE, 111, 0, 1, 1, 0, 1, 0
NOTE, 111, 1, 4, 0, 1, 0, 0
NOTE, 111, 1, 2, 1, 0, 0, 0
NOTE, 111, 3, 4, 0, 0, 0, 1
NOTE, 111, 7, 8, 0, 1, 0, 0
NOTE, 112, 1, 8, 0, 0, 1, 0
NOTE, 112, 1, 4, 1, 0, 0, 0
NOTE, 112, 1, 2, 0, 1, 0, 0
NOTE, 112, 3, 4, 0, 0, 0, 1
SPEED, 113, 0, 1, 1.3
NOTE, 113, 0, 1, 1, 1, 0, 0
SPEED, 113, 1, 16, 0.7
SPEED, 113, 1, 8, 1.3
NOTE, 113, 1, 8, 1, 1, 0, 0
SPEED, 113, 3, 16, 0.7
SPEED, 113, 1, 4, 1
NOTE, 113, 1, 4, 1, 0, 1, 1
NOTE, 113, 3, 8, 0, 1, 0, 1
NOTE, 113, 1, 2, 1, 1, 1, 0
NOTE, 113, 5, 8, 1, 0, 0, 1
NOTE, 113, 3, 4, 0, 1, 1, 1
NOTE, 113, 7, 8, 1, 0, 1, 0
NOTE, 114, 0, 1, 1, 1, 0, 1
NOTE, 114, 1, 8, 0, 1, 1, 0
NOTE, 114, 1, 4, 1, 0, 1, 1
NOTE, 114, 3, 8, 0, 1, 0, 1
NOTE, 114, 1, 2, 1, 1, 1, 0
NOTE, 114, 5, 8, 0, 0, 1, 1
NOTE, 114, 11, 16, 1, 1, 0, 0
NOTE, 114, 3, 4, 0, 0, 1, 1
NOTE, 114, 7, 8, 1, 1, 0, 0
NOTE, 115, 0, 1, 1, 0, 1, 1
NOTE, 115, 1, 16, 0, 1, 0, 0
NOTE, 115, 1, 8, 0, 0, 1, 1
NOTE, 115, 3, 16, 1, 0, 0, 0
NOTE, 115, 1, 4, 0, 1, 1, 0
NOTE, 115, 5, 16, 0, 0, 0, 1
NOTE, 115, 3, 8, 1, 0, 0, 0
NOTE, 115, 7, 16, 0, 0, 1, 0
NOTE, 115, 1, 2, 0, 1, 0, 1
NOTE, 115, 9, 16, 1, 0, 0, 0
NOTE, 115, 5, 8, 0, 0, 1, 1
NOTE, 115, 11, 16, 0, 1, 0, 0
NOTE, 115, 3, 4, 1, 0, 0, 1
NOTE, 115, 13, 16, 0, 0, 1, 0
NOTE, 115, 7, 8, 1, 1, 0, 0
NOTE, 115, 15, 16, 0, 0, 1, 0
NOTE, 116, 0, 1, 1, 0, 0, 1
NOTE, 116, 1, 16, 0, 1, 0, 0
NOTE, 116, 1, 8, 0, 0, 1, 1
NOTE, 116, 3, 16, 0, 1, 0, 0
NOTE, 116, 1, 4, 1, 0, 1, 0
NOTE, 116, 5, 16, 0, 0, 0, 1
NOTE, 116, 3, 8, 1, 0, 1, 0
NOTE, 116, 7, 16, 0, 1, 0, 0
NOTE, 116, 1, 2, 0, 0, 1, 1
NOTE, 116, 9, 16, 1, 1, 0, 0
NOTE, 116, 5, 8, 0, 0, 1, 1
NOTE, 116, 11, 16, 1, 1, 0, 0
NOTE, 116, 3, 4, 0, 0, 1, 1
NOTE, 116, 7, 8, 1, 1, 0, 1
NOTE, 117, 0, 1, 1, 1, 1, 0
NOTE, 117, 1, 8, 0, 0, 1, 1
NOTE, 117, 1, 4, 1, 1, 0, 1
NOTE, 117, 3, 8, 0, 1, 1, 0
NOTE, 117, 1, 2, 1, 0, 1, 1
NOTE, 117, 5, 8, 0, 1, 0, 1
NOTE, 117, 3, 4, 1, 1, 1, 0
NOTE, 117, 7, 8, 1, 0, 0, 1
NOTE, 118, 0, 1, 0, 1, 1, 1
NOTE, 118, 1, 8, 1, 1, 0, 0
NOTE, 118, 1, 4, 1, 0, 1, 1
NOTE, 118, 3, 8, 0, 1, 0, 1
NOTE, 118, 1, 2, 1, 1, 1, 0
NOTE, 118, 5, 8, 1, 0, 0, 1
NOTE, 118, 11, 16, 0, 1, 1, 0
NOTE, 118, 3, 4, 1, 0, 0, 1
NOTE, 118, 7, 8, 0, 1, 1, 1
NOTE, 119, 0, 1, 1, 1, 1, 0
NOTE, 119, 1, 16, 0, 0, 0, 1
NOTE, 119, 1, 8, 1, 0, 0, 0
NOTE, 119, 3, 16, 0, 0, 1, 0
NOTE, 119, 1, 4, 1, 1, 0, 1
NOTE, 119, 5, 16, 0, 0, 1, 0
NOTE, 119, 3, 8, 0, 1, 0, 0
NOTE, 119, 7, 16, 0, 0, 0, 1
NOTE, 119, 1, 2, 1, 1, 1, 0
NOTE, 119, 9, 16, 0, 0, 0, 1
NOTE, 119, 5, 8, 0, 0, 1, 0
NOTE, 119, 11, 16, 1, 0, 0, 0
NOTE, 119, 3, 4, 0, 1, 1, 1
NOTE, 119, 13, 16, 1, 0, 0, 0
NOTE, 119, 7, 8, 0, 1, 0, 1
NOTE, 119, 15, 16, 0, 0, 1, 0
NOTE, 120, 0, 1, 1, 1, 0, 0
NOTE, 120, 1, 16, 0, 0, 0, 1
NOTE, 120, 1, 8, 0, 1, 1, 0
NOTE, 120, 3, 16, 1, 0, 0, 0
NOTE, 120, 1, 4, 0, 1, 1, 1
NOTE, 120, 5, 16, 1, 0, 0, 0
NOTE, 120, 3, 8, 0, 0, 1, 1
NOTE, 120, 7, 16, 0, 1, 0, 0
NOTE, 120, 1, 2, 1, 0, 0, 1
NOTE, 120, 9, 16, 0, 1, 1, 0
NOTE, 120, 5, 8, 1, 0, 0, 1
NOTE, 120, 11, 16, 0, 0, 1, 0
NOTE, 120, 3, 4, 1, 1, 0, 0
NOTE, 120, 13, 16, 0, 0, 1, 1
NOTE, 120, 7, 8, 1, 1, 0, 0
NOTE, 120, 15, 16, 0, 0, 0, 1
NOTE, 121, 0, 1, 1, 1, 1, 0
NOTE, 121, 1, 8, 0, 0, 0, 1
NOTE, 121, 1, 4, 1, 1, 0, 0
NOTE, 121, 1, 2, 1, 1, 1, 0
NOTE, 121, 5, 8, 0, 0, 0, 1
NOTE, 121, 3, 4, 1, 1, 0, 0
NOTE, 122, 0, 1, 1, 1, 1, 0
NOTE, 122, 1, 8, 0, 0, 0, 1
NOTE, 122, 1, 4, 1, 1, 0, 0
NOTE, 122, 1, 2, 1, 1, 1, 0
NOTE, 122, 5, 8, 0, 0, 0, 1
NOTE, 122, 3, 4, 1, 1, 0, 0
NOTE, 122, 13, 16, 0, 0, 1, 0
NOTE, 122, 7, 8, 1, 0, 0, 1
NOTE, 122, 15, 16, 0, 1, 0, 0
NOTE, 123, 0, 1, 1, 0, 1, 1
NOTE, 123, 1, 8, 0, 1, 0, 0
NOTE, 123, 1, 4, 0, 0, 1, 1
NOTE, 123, 1, 2, 0, 1, 1, 1
NOTE, 123, 5, 8, 1, 0, 0, 0
NOTE, 123, 3, 4, 0, 0, 1, 1
NOTE, 124, 0, 1, 0, 1, 1, 1
NOTE, 124, 1, 8, 1, 0, 0, 0
NOTE, 124, 1, 4, 0, 0, 1, 1
NOTE, 124, 1, 2, 0, 1, 1, 1
NOTE, 124, 5, 8, 1, 0, 0, 1
NOTE, 124, 11, 16, 0, 1, 0, 0
NOTE, 124, 3, 4, 0, 0, 1, 1
NOTE, 124, 7, 8, 1, 1, 0, 0
NOTE, 125, 0, 1, 1, 0, 1, 1
NOTE, 125, 1, 16, 0, 1, 0, 0
NOTE, 125, 1, 8, 0, 0, 0, 1
NOTE, 125, 3, 16, 0, 0, 1, 0
NOTE, 125, 1, 4, 1, 1, 0, 1
NOTE, 125, 5, 16, 0, 0, 1, 0
NOTE, 125, 3, 8, 1, 0, 0, 0
NOTE, 125, 7, 16, 0, 1, 0, 0
NOTE, 125, 1, 2, 1, 0, 1, 1
NOTE, 125, 9, 16, 0, 1, 0, 0
NOTE, 125, 5, 8, 0, 0, 1, 0
NOTE, 125, 11, 16, 0, 0, 0, 1
NOTE, 125, 3, 4, 1, 1, 1, 0
NOTE, 125, 13, 16, 0, 0, 0, 1
NOTE, 125, 7, 8, 1, 0, 0, 0
NOTE, 125, 15, 16, 0, 0, 1, 0
NOTE, 126, 0, 1, 1, 1, 0, 1
NOTE, 126, 1, 16, 0, 0, 1, 0
NOTE, 126, 1, 8, 1, 0, 0, 0
NOTE, 126, 3, 16, 0, 1, 0, 0
NOTE, 126, 1, 4, 0, 0, 0, 1
NOTE, 126, 9, 32, 0, 0, 1, 0
NOTE, 126, 5, 16, 1, 0, 0, 0
NOTE, 126, 11, 32, 0, 1, 0, 0
NOTE, 126, 3, 8, 0, 0, 0, 1
NOTE, 126, 13, 32, 0, 0, 1, 0
NOTE, 126, 7, 16, 1, 0, 0, 0
NOTE, 126, 15, 32, 0, 1, 0, 0
NOTE, 126, 1, 2, 0, 0, 1, 1
NOTE, 126, 9, 16, 0, 1, 0, 0
NOTE, 126, 5, 8, 1, 0, 0, 0
NOTE, 126, 11, 16, 0, 0, 0, 1
NOTE, 126, 3, 4, 0, 1, 0, 0
NOTE, 126, 25, 32, 1, 0, 0, 0
NOTE, 126, 13, 16, 0, 0, 1, 0
NOTE, 126, 27, 32, 0, 0, 0, 1
NOTE, 126, 7, 8, 0, 1, 0, 0
NOTE, 126, 29, 32, 1, 0, 0, 0
NOTE, 126, 15, 16, 0, 0, 1, 0
NOTE, 126, 31, 32, 0, 0, 0, 1
SPEED, 127, 0, 1, 1.5
NOTE, 127, 0, 1, 1, 1, 0, 0
SPEED, 127, 1, 16, 0.5
SPEED, 127, 1, 8, 1.5
NOTE, 127, 1, 8, 0, 1, 1, 1
SPEED, 127, 1, 4, 0.5
SPEED, 127, 3, 8, 1.5
NOTE, 127, 3, 8, 1, 1, 1, 0
SPEED, 127, 7, 16, 0.5
SPEED, 127, 1, 2, 1.5
NOTE, 127, 1, 2, 1, 0, 1, 1
SPEED, 127, 5, 8, 0.5
SPEED, 127, 3, 4, 1.5
NOTE, 127, 3, 4, 1, 1, 0, 1
SPEED, 127, 7, 8, 0.5
SPEED, 128, 0, 1, 2
NOTE, 128, 0, 1, 1, 1, 1, 1
SPEED, 128, 1, 2, 0.5
SPEED, 128, 7, 8, 0.75
SPEED, 129, 0, 1, 1.5
NOTE, 129, 0, 1, 1, 1, 1, 1
SPEED, 129, 1, 8, 0.5
SPEED, 129, 1, 4, 1.5
NOTE, 129, 1, 4, 1, 0, 1, 1
SPEED, 129, 5, 16, 0.5
SPEED, 129, 3, 8, 1
NOTE, 129, 3, 8, 0, 1, 0, 0
SPEED, 129, 1, 2, 1.5
NOTE, 129, 1, 2, 1, 0, 1, 1
SPEED, 129, 9, 16, 0.5
SPEED, 129, 5, 8, 1.5
NOTE, 129, 5, 8, 1, 1, 0, 1
SPEED, 129, 11, 16, 0.5
SPEED, 129, 3, 4, 1
NOTE, 129, 3, 4, 0, 0, 1, 0
SPEED, 129, 7, 8, 1.5
NOTE, 129, 7, 8, 0, 1, 1, 1
SPEED, 130, 0, 1, 0.5
SPEED, 130, 1, 8, 1.5
NOTE, 130, 1, 8, 1, 1, 0, 1
SPEED, 130, 3, 16, 0.5
SPEED, 130, 1, 4, 1.5
NOTE, 130, 1, 4, 1, 0, 1, 1
SPEED, 130, 5, 16, 0.5
SPEED, 130, 3, 8, 1.5
NOTE, 130, 3, 8, 0, 1, 1, 1
SPEED, 130, 7, 16, 0.5
SPEED, 130, 1, 2, 1.5
NOTE, 130, 1, 2, 1, 1, 1, 0
SPEED, 130, 5, 8, 0.5
SPEED, 130, 3, 4, 1
NOTE, 130, 3, 4, 1, 0, 0, 1
NOTE, 130, 7, 8, 0, 0, 2, 0
NOTE, 131, 0, 1, 0, 2, 3, 0
SPEED, 131, 1, 4, 1
NOTE, 131, 1, 4, 1, 3, 1, 1
NOTE, 131, 5, 16, 0, 1, 0, 0
NOTE, 131, 3, 8, 0, 0, 1, 1
NOTE, 131, 7, 16, 1, 0, 0, 0
NOTE, 131, 1, 2, 0, 1, 0, 1
NOTE, 131, 9, 16, 0, 0, 1, 0
NOTE, 131, 5, 8, 1, 1, 0, 0
NOTE, 131, 11, 16, 0, 0, 0, 1
NOTE, 131, 3, 4, 1, 0, 1, 0
NOTE, 131, 13, 16, 0, 1, 0, 0
NOTE, 131, 7, 8, 1, 0, 1, 1
NOTE, 131, 15, 16, 0, 1, 0, 0
NOTE, 132, 0, 1, 0, 0, 1, 1
NOTE, 132, 1, 16, 1, 0, 0, 0
NOTE, 132, 1, 8, 0, 1, 1, 0
NOTE, 132, 3, 16, 0, 0, 0, 1
NOTE, 132, 1, 4, 1, 1, 0, 0
NOTE, 132, 5, 16, 0, 0, 1, 0
NOTE, 132, 3, 8, 1, 0, 0, 1
NOTE, 132, 7, 16, 0, 0, 1, 0
NOTE, 132, 1, 2, 1, 1, 0, 1
NOTE, 132, 9, 16, 0, 0, 1, 0
NOTE, 132, 5, 8, 0, 1, 0, 0
NOTE, 132, 11, 16, 1, 0, 0, 0
NOTE, 132, 3, 4, 0, 0, 1, 1
NOTE, 132, 13, 16, 1, 1, 0, 0
NOTE, 132, 7, 8, 0, 0, 1, 1
NOTE, 132, 15, 16, 1, 1, 0, 0
NOTE, 133, 0, 1, 0, 0, 1, 1
NOTE, 133, 1, 16, 0, 1, 0, 0
NOTE, 133, 1, 8, 0, 0, 0, 1
NOTE, 133, 3, 16, 1, 0, 0, 0
NOTE, 133, 1, 4, 0, 1, 1, 0
NOTE, 133, 5, 16, 0, 0, 0, 1
NOTE, 133, 3, 8, 1, 1, 0, 0
NOTE, 133, 7, 16, 0, 0, 1, 0
NOTE, 133, 1, 2, 0, 1, 0, 1
NOTE, 133, 9, 16, 1, 0, 0, 0
NOTE, 133, 5, 8, 0, 0, 1, 1
NOTE, 133, 11, 16, 0, 1, 0, 0
NOTE, 133, 3, 4, 1, 0, 0, 1
NOTE, 133, 13, 16, 0, 0, 1, 0
NOTE, 133, 7, 8, 1, 1, 0, 1
NOTE, 133, 15, 16, 0, 0, 1, 0
NOTE, 134, 0, 1, 1, 1, 0, 0
NOTE, 134, 1, 16, 0, 0, 0, 1
NOTE, 134, 1, 8, 0, 1, 1, 0
NOTE, 134, 3, 16, 1, 0, 0, 0
NOTE, 134, 1, 4, 0, 0, 1, 1
NOTE, 134, 5, 16, 0, 1, 0, 0
NOTE, 134, 3, 8, 1, 0, 1, 0
NOTE, 134, 7, 16, 0, 0, 0, 1
NOTE, 134, 1, 2, 1, 1, 1, 0
NOTE, 134, 9, 16, 0, 0, 0, 1
NOTE, 134, 5, 8, 1, 1, 0, 0
NOTE, 134, 11, 16, 0, 0, 1, 1
NOTE, 134, 3, 4, 1, 1, 0, 0
NOTE, 134, 13, 16, 0, 0, 1, 0
NOTE, 134, 7, 8, 0, 1, 0, 1
NOTE, 134, 15, 16, 1, 0, 0, 0
NOTE, 135, 0, 1, 0, 0, 1, 1
NOTE, 135, 1, 16, 0, 1, 0, 0
NOTE, 135, 1, 8, 1, 0, 0, 1
NOTE, 135, 3, 16, 0, 0, 1, 0
NOTE, 135, 1, 4, 1, 1, 0, 0
NOTE, 135, 5, 16, 0, 0, 1, 0
NOTE, 135, 3, 8, 0, 1, 0, 1
NOTE, 135, 7, 16, 1, 0, 0, 0
SPEED, 135, 1, 2, 1.5
NOTE, 135, 1, 2, 0, 1, 1, 1
SPEED, 135, 9, 16, 0.5
SPEED, 135, 5, 8, 1.5
NOTE, 135, 5, 8, 1, 0, 1, 1
SPEED, 135, 3, 4, 0.5
SPEED, 135, 7, 8, 1.5
NOTE, 135, 7, 8, 1, 1, 1, 0
SPEED, 136, 0, 1, 0.5
SPEED, 136, 1, 8, 1
NOTE, 136, 1, 8, 0, 1, 0, 1
NOTE, 136, 3, 16, 1, 0, 1, 0
SPEED, 136, 1, 4, 1.5
NOTE, 136, 1, 4, 0, 1, 0, 1
SPEED, 136, 5, 16, 0.5
SPEED, 136, 3, 8, 1.5
NOTE, 136, 3, 8, 1, 0, 1, 1
SPEED, 136, 7, 16, 0.5
SPEED, 136, 1, 2, 1.5
NOTE, 136, 1, 2, 1, 1, 1, 0
SPEED, 136, 5, 8, 0.5
SPEED, 136, 3, 4, 1
NOTE, 136, 3, 4, 1, 1, 0, 1
NOTE, 136, 13, 16, 0, 0, 1, 0
NOTE, 136, 7, 8, 0, 1, 0, 0
NOTE, 136, 15, 16, 0, 0, 1, 0
SPEED, 137, 0, 1, 1
NOTE, 137, 0, 1, 1, 1, 0, 1
NOTE, 137, 1, 16, 0, 0, 1, 0
NOTE, 137, 1, 8, 1, 0, 0, 0
NOTE, 137, 3, 16, 0, 1, 0, 0
NOTE, 137, 1, 4, 0, 0, 1, 1
NOTE, 137, 5, 16, 1, 0, 0, 0
NOTE, 137, 3, 8, 0, 0, 1, 0
NOTE, 137, 7, 16, 0, 1, 0, 0
NOTE, 137, 1, 2, 1, 0, 0, 1
NOTE, 137, 9, 16, 0, 0, 1, 0
NOTE, 137, 5, 8, 0, 1, 0, 1
NOTE, 137, 11, 16, 1, 0, 0, 0
NOTE, 137, 3, 4, 0, 1, 0, 1
NOTE, 137, 13, 16, 0, 0, 1, 0
NOTE, 137, 7, 8, 1, 1, 0, 1
NOTE, 137, 15, 16, 0, 0, 1, 0
NOTE, 138, 0, 1, 1, 1, 0, 0
NOTE, 138, 1, 16, 0, 0, 0, 1
NOTE, 138, 1, 8, 1, 0, 1, 0
NOTE, 138, 3, 16, 0, 1, 0, 0
NOTE, 138, 1, 4, 0, 0, 1, 1
NOTE, 138, 5, 16, 1, 0, 0, 0
NOTE, 138, 3, 8, 0, 1, 0, 1
NOTE, 138, 7, 16, 0, 0, 1, 0
NOTE, 138, 1, 2, 1, 1, 0, 1
NOTE, 138, 9, 16, 0, 0, 1, 0
NOTE, 138, 5, 8, 1, 1, 0, 0
NOTE, 138, 11, 16, 0, 0, 1, 1
NOTE, 138, 3, 4, 1, 1, 0, 0
NOTE, 138, 13, 16, 0, 0, 0, 1
NOTE, 138, 7, 8, 1, 0, 1, 0
NOTE, 138, 15, 16, 0, 1, 0, 0
NOTE, 139, 0, 1, 0, 0, 1, 1
NOTE, 139, 1, 16, 1, 0, 0, 0
NOTE, 139, 1, 8, 0, 1, 1, 0
NOTE, 139, 3, 16, 0, 0, 0, 1
NOTE, 139, 1, 4, 1, 1, 0, 0
NOTE, 139, 5, 16, 0, 0, 1, 0
NOTE, 139, 3, 8, 0, 1, 0, 1
NOTE, 139, 7, 16, 1, 0, 0, 0
NOTE, 139, 1, 2, 0, 0, 1, 1
NOTE, 139, 9, 16, 0, 1, 0, 0
NOTE, 139, 5, 8, 1, 0, 0, 1
NOTE, 139, 11, 16, 0, 0, 1, 0
NOTE, 139, 3, 4, 1, 1, 0, 0
NOTE, 139, 13, 16, 0, 0, 0, 1
NOTE, 139, 7, 8, 1, 1, 1, 0
NOTE, 139, 15, 16, 0, 0, 0, 1
NOTE, 140, 0, 1, 1, 1, 0, 0
NOTE, 140, 1, 16, 0, 0, 1, 0
NOTE, 140, 1, 8, 0, 1, 0, 1
NOTE, 140, 3, 16, 1, 0, 0, 0
NOTE, 140, 1, 4, 0, 0, 1, 1
NOTE, 140, 5, 16, 0, 1, 0, 0
NOTE, 140, 3, 8, 1, 0, 0, 1
NOTE, 140, 7, 16, 0, 0, 1, 0
NOTE, 140, 1, 2, 1, 1, 0, 1
NOTE, 140, 9, 16, 0, 0, 1, 0
NOTE, 140, 5, 8, 1, 1, 0, 0
NOTE, 140, 11, 16, 0, 0, 1, 1
NOTE, 140, 3, 4, 1, 1, 0, 0
NOTE, 140, 13, 16, 0, 0, 1, 1
NOTE, 140, 7, 8, 1, 1, 0, 0
NOTE, 140, 15, 16, 0, 0, 0, 1
NOTE, 141, 0, 1, 1, 1, 1, 0
NOTE, 141, 1, 16, 0, 0, 0, 1
NOTE, 141, 1, 8, 0, 1, 1, 0
NOTE, 141, 3, 16, 1, 0, 0, 0
NOTE, 141, 1, 4, 0, 0, 1, 1
NOTE, 141, 5, 16, 0, 1, 0, 0
NOTE, 141, 3, 8, 1, 0, 0, 1
NOTE, 141, 7, 16, 0, 0, 1, 0
NOTE, 141, 1, 2, 1, 1, 0, 0
NOTE, 141, 9, 16, 0, 0, 1, 0
NOTE, 141, 5, 8, 1, 0, 0, 1
NOTE, 141, 11, 16, 0, 1, 0, 0
NOTE, 141, 3, 4, 0, 0, 1, 1
NOTE, 141, 13, 16, 1, 0, 0, 0
NOTE, 141, 7, 8, 0, 1, 1, 1
NOTE, 141, 15, 16, 1, 0, 0, 0
NOTE, 142, 0, 1, 0, 1, 0, 1
NOTE, 142, 1, 16, 0, 0, 1, 0
NOTE, 142, 1, 8, 1, 1, 0, 0
NOTE, 142, 3, 16, 0, 0, 0, 1
NOTE, 142, 1, 4, 1, 0, 1, 0
NOTE, 142, 5, 16, 0, 1, 0, 0
NOTE, 142, 3, 8, 0, 0, 1, 1
NOTE, 142, 7, 16, 1, 0, 0, 0
NOTE, 142, 1, 2, 0, 1, 1, 1
NOTE, 142, 9, 16, 1, 0, 0, 0
NOTE, 142, 5, 8, 0, 0, 1, 1
NOTE, 142, 11, 16, 1, 1, 0, 0
NOTE, 142, 3, 4, 0, 0, 1, 1
NOTE, 142, 13, 16, 0, 1, 0, 0
NOTE, 142, 7, 8, 1, 0, 0, 1
NOTE, 142, 15, 16, 0, 0, 1, 0
NOTE, 143, 0, 1, 1, 1, 0, 0
NOTE, 143, 1, 16, 0, 0, 1, 1
NOTE, 143, 1, 8, 1, 1, 0, 0
NOTE, 143, 3, 16, 0, 0, 0, 1
NOTE, 143, 1, 4, 0, 1, 1, 0
NOTE, 143, 5, 16, 1, 0, 0, 0
NOTE, 143, 3, 8, 0, 0, 1, 1
NOTE, 143, 7, 16, 0, 1, 0, 0
NOTE, 143, 1, 2, 1, 0, 0, 1
NOTE, 143, 9, 16, 0, 1, 1, 0
NOTE, 143, 5, 8, 1, 0, 0, 1
NOTE, 143, 11, 16, 0, 0, 1, 0
NOTE, 143, 3, 4, 1, 1, 0, 0
NOTE, 143, 13, 16, 0, 0, 0, 1
NOTE, 143, 7, 8, 1, 0, 1, 0
NOTE, 143, 15, 16, 0, 1, 0, 0
NOTE, 144, 0, 1, 0, 0, 1, 1
NOTE, 144, 1, 16, 1, 1, 0, 0
NOTE, 144, 1, 8, 0, 0, 1, 1
NOTE, 144, 3, 16, 1, 0, 0, 0
NOTE, 144, 1, 4, 0, 1, 0, 1
NOTE, 144, 5, 16, 0, 0, 1, 0
NOTE, 144, 3, 8, 1, 1, 0, 0
NOTE, 144, 7, 16, 0, 0, 0, 1
NOTE, 144, 1, 2, 1, 0, 1, 0
NOTE, 144, 9, 16, 0, 1, 0, 1
NOTE, 144, 5, 8, 1, 0, 1, 0
NOTE, 144, 11, 16, 0, 1, 0, 0
NOTE, 144, 3, 4, 0, 0, 1, 1
NOTE, 144, 13, 16, 1, 0, 0, 0
NOTE, 144, 7, 8, 0, 1, 0, 0
NOTE, 144, 15, 16, 0, 0, 0, 1
NOTE, 145, 0, 1, 1, 1, 1, 0
NOTE, 145, 1, 16, 0, 0, 0, 1
NOTE, 145, 1, 8, 0, 1, 1, 0
NOTE, 145, 3, 16, 1, 0, 0, 1
NOTE, 145, 1, 4, 0, 1, 1, 0
NOTE, 145, 5, 16, 1, 0, 0, 0
NOTE, 145, 3, 8, 0, 0, 1, 1
NOTE, 145, 7, 16, 1, 1, 0, 0
NOTE, 145, 1, 2, 0, 0, 1, 1
NOTE, 145, 9, 16, 0, 1, 0, 0
NOTE, 145, 5, 8, 1, 0, 0, 1
NOTE, 145, 11, 16, 0, 1, 1, 0
NOTE, 145, 3, 4, 1, 0, 0, 1
NOTE, 145, 13, 16, 0, 0, 1, 0
NOTE, 145, 7, 8, 1, 1, 0, 0
NOTE, 145, 15, 16, 0, 0, 1, 1
NOTE, 146, 0, 1, 1, 1, 0, 0
NOTE, 146, 1, 16, 0, 0, 1, 0
NOTE, 146, 1, 8, 0, 1, 0, 1
NOTE, 146, 3, 16, 1, 0, 1, 0
NOTE, 146, 1, 4, 0, 1, 0, 1
NOTE, 146, 5, 16, 0, 0, 1, 0
NOTE, 146, 3, 8, 1, 1, 0, 0
NOTE, 146, 7, 16, 0, 0, 1, 1
NOTE, 146, 1, 2, 1, 1, 0, 0
NOTE, 146, 9, 16, 0, 0, 1, 0
NOTE, 146, 5, 8, 1, 0, 0, 1
NOTE, 146, 11, 16, 0, 1, 1, 0
NOTE, 146, 3, 4, 1, 0, 0, 1
NOTE, 146, 13, 16, 0, 1, 0, 0
NOTE, 146, 7, 8, 0, 0, 1, 1
NOTE, 146, 15, 16, 1, 1, 0, 0
NOTE, 147, 0, 1, 0, 0, 1, 1
NOTE, 147, 1, 16, 1, 1, 0, 0
NOTE, 147, 1, 8, 0, 0, 1, 1
NOTE, 147, 3, 16, 1, 1, 0, 0
NOTE, 147, 1, 4, 0, 0, 1, 1
NOTE, 147, 5, 16, 1, 1, 0, 0
NOTE, 147, 3, 8, 0, 0, 1, 1
NOTE, 147, 7, 16, 1, 1, 0, 0
NOTE, 147, 1, 2, 0, 0, 1, 1
NOTE, 147, 9, 16, 1, 1, 0, 0
NOTE, 147, 5, 8, 0, 0, 1, 1
NOTE, 147, 11, 16, 1, 1, 0, 0
NOTE, 147, 3, 4, 0, 0, 1, 1
NOTE, 147, 13, 16, 1, 1, 0, 0
NOTE, 147, 7, 8, 0, 0, 1, 1
NOTE, 147, 15, 16, 1, 1, 0, 0
SPEED, 148, 0, 1, 2
NOTE, 148, 0, 1, 0, 0, 1, 1
SPEED, 148, 1, 8, 0.2
SPEED, 148, 1, 4, 0.4
SPEED, 148, 3, 8, 0.65
SPEED, 148, 1, 2, 1
NOTE, 148, 1, 2, 0, 2, 0, 1
NOTE, 148, 3, 4, 0, 3, 1, 1
NOTE, 148, 13, 16, 1, 1, 0, 0
NOTE, 148, 7, 8, 0, 0, 1, 1
NOTE, 148, 15, 16, 1, 1, 0, 0
NOTE, 149, 0, 1, 0, 0, 1, 1
NOTE, 149, 1, 8, 1, 0, 0, 0
NOTE, 149, 1, 4, 0, 1, 1, 1
NOTE, 149, 3, 8, 0, 0, 1, 0
NOTE, 149, 1, 2, 1, 1, 0, 0
NOTE, 149, 5, 8, 1, 0, 0, 0
NOTE, 149, 3, 4, 0, 1, 0, 1
NOTE, 149, 7, 8, 0, 0, 0, 1
NOTE, 150, 0, 1, 1, 1, 1, 0
NOTE, 150, 1, 8, 1, 0, 0, 0
NOTE, 150, 1, 4, 0, 1, 1, 1
NOTE, 150, 3, 8, 0, 0, 1, 0
NOTE, 150, 1, 2, 1, 1, 0, 0
NOTE, 150, 5, 8, 0, 1, 0, 0
NOTE, 150, 3, 4, 0, 0, 1, 1
NOTE, 150, 7, 8, 0, 0, 0, 1
NOTE, 151, 0, 1, 1, 1, 1, 0
NOTE, 151, 1, 8, 1, 0, 0, 0
NOTE, 151, 1, 4, 0, 1, 1, 1
NOTE, 151, 3, 8, 0, 0, 1, 0
NOTE, 151, 1, 2, 1, 1, 0, 1
NOTE, 151, 5, 8, 0, 1, 1, 0
NOTE, 151, 3, 4, 1, 0, 1, 1
NOTE, 151, 7, 8, 0, 1, 0, 1
NOTE, 152, 0, 1, 1, 0, 1, 1
NOTE, 152, 1, 8, 1, 1, 0, 0
NOTE, 152, 1, 4, 0, 1, 1, 1
NOTE, 152, 3, 8, 1, 0, 0, 1
NOTE, 152, 1, 2, 1, 1, 1, 0
NOTE, 152, 5, 8, 0, 1, 0, 0
NOTE, 152, 3, 4, 0, 0, 1, 1
NOTE, 152, 13, 16, 1, 1, 0, 0
NOTE, 152, 7, 8, 0, 0, 1, 1
NOTE, 152, 15, 16, 0, 1, 0, 0
NOTE, 153, 0, 1, 1, 0, 1, 1
NOTE, 153, 1, 8, 1, 0, 0, 0
NOTE, 153, 1, 4, 0, 1, 1, 1
NOTE, 153, 3, 8, 0, 0, 1, 0
NOTE, 153, 1, 2, 1, 0, 0, 1
NOTE, 153, 5, 8, 1, 0, 0, 0
NOTE, 153, 3, 4, 0, 1, 1, 0
NOTE, 153, 7, 8, 0, 0, 1, 0
NOTE, 154, 0, 1, 1, 1, 0, 1
NOTE, 154, 1, 8, 1, 0, 0, 0
NOTE, 154, 1, 4, 0, 1, 1, 1
NOTE, 154, 3, 8, 0, 0, 0, 1
NOTE, 154, 1, 2, 1, 1, 0, 0
NOTE, 154, 5, 8, 0, 1, 0, 0
NOTE, 154, 3, 4, 0, 0, 1, 1
NOTE, 154, 7, 8, 0, 0, 1, 0
NOTE, 155, 0, 1, 1, 1, 0, 1
NOTE, 155, 1, 8, 1, 0, 0, 0
NOTE, 155, 1, 4, 0, 1, 1, 1
NOTE, 155, 3, 8, 0, 0, 0, 1
NOTE, 155, 1, 2, 1, 1, 1, 0
NOTE, 155, 5, 8, 1, 0, 0, 1
NOTE, 155, 3, 4, 0, 1, 1, 1
NOTE, 155, 7, 8, 1, 0, 1, 0
NOTE, 156, 0, 1, 1, 1, 1, 1
NOTE, 156, 1, 8, 0, 1, 0, 1
NOTE, 156, 1, 4, 1, 1, 1, 0
NOTE, 156, 3, 8, 1, 0, 0, 1
NOTE, 156, 1, 2, 1, 1, 1, 1
NOTE, 156, 5, 8, 0, 0, 1, 1
NOTE, 156, 11, 16, 1, 1, 0, 0
NOTE, 156, 3, 4, 0, 0, 1, 1
NOTE, 156, 13, 16, 1, 1, 0, 0
NOTE, 156, 7, 8, 0, 0, 1, 1
NOTE, 156, 15, 16, 0, 1, 0, 0
NOTE, 157, 0, 1, 1, 0, 1, 1
NOTE, 157, 1, 8, 1, 0, 0, 0
NOTE, 157, 1, 4, 0, 1, 1, 1
NOTE, 157, 3, 8, 0, 0, 1, 0
NOTE, 157, 1, 2, 1, 0, 0, 1
NOTE, 157, 5, 8, 0, 0, 0, 1
NOTE, 157, 3, 4, 1, 1, 0, 0
NOTE, 157, 7, 8, 1, 0, 0, 0
NOTE, 158, 0, 1, 0, 1, 1, 1
NOTE, 158, 1, 8, 0, 0, 1, 0
NOTE, 158, 1, 4, 1, 1, 0, 1
NOTE, 158, 3, 8, 0, 1, 0, 0
NOTE, 158, 1, 2, 0, 0, 1, 1
NOTE, 158, 5, 8, 0, 0, 0, 1
NOTE, 158, 3, 4, 1, 1, 0, 0
NOTE, 158, 7, 8, 0, 1, 0, 0
NOTE, 159, 0, 1, 1, 0, 1, 1
NOTE, 159, 1, 8, 0, 0, 0, 1
NOTE, 159, 1, 4, 1, 1, 1, 0
NOTE, 159, 3, 8, 0, 1, 0, 0
NOTE, 159, 1, 2, 1, 0, 1, 1
NOTE, 159, 5, 8, 0, 1, 1, 0
NOTE, 159, 3, 4, 1, 1, 0, 1
NOTE, 159, 7, 8, 1, 0, 1, 0
NOTE, 160, 0, 1, 0, 1, 1, 1
NOTE, 160, 1, 8, 1, 0, 0, 1
NOTE, 160, 1, 4, 1, 1, 1, 0
NOTE, 160, 3, 8, 0, 0, 1, 1
NOTE, 160, 1, 2, 1, 1, 0, 1
NOTE, 160, 5, 8, 0, 1, 0, 0
NOTE, 160, 3, 4, 0, 0, 1, 1
NOTE, 160, 13, 16, 1, 1, 0, 0
NOTE, 160, 7, 8, 0, 0, 1, 1
NOTE, 160, 15, 16, 0, 1, 0, 0
NOTE, 161, 0, 1, 1, 0, 1, 1
NOTE, 161, 1, 8, 1, 1, 0, 0
NOTE, 161, 3, 16, 0, 0, 1, 1
NOTE, 161, 1, 4, 1, 1, 0, 0
NOTE, 161, 3, 8, 0, 0, 1, 1
NOTE, 161, 7, 16, 1, 1, 0, 0
NOTE, 161, 1, 2, 0, 0, 1, 1
NOTE, 161, 5, 8, 0, 1, 1, 0
NOTE, 161, 11, 16, 1, 0, 0, 1
NOTE, 161, 3, 4, 0, 1, 1, 0
NOTE, 161, 7, 8, 1, 1, 0, 0
NOTE, 161, 15, 16, 0, 0, 1, 0
NOTE, 162, 0, 1, 1, 1, 0, 1
NOTE, 162, 1, 8, 0, 0, 1, 1
NOTE, 162, 3, 16, 1, 1, 0, 0
NOTE, 162, 1, 4, 0, 0, 1, 1
NOTE, 162, 3, 8, 1, 0, 1, 0
NOTE, 162, 7, 16, 0, 1, 0, 1
NOTE, 162, 1, 2, 1, 0, 1, 0
NOTE, 162, 5, 8, 1, 1, 0, 0
NOTE, 162, 11, 16, 0, 0, 1, 1
NOTE, 162, 3, 4, 1, 1, 0, 0
NOTE, 162, 7, 8, 0, 1, 0, 1
NOTE, 162, 15, 16, 0, 0, 1, 0
NOTE, 163, 0, 1, 1, 1, 0, 1
NOTE, 163, 1, 16, 0, 0, 1, 0
NOTE, 163, 1, 8, 1, 1, 0, 0
NOTE, 163, 3, 16, 0, 0, 0, 1
NOTE, 163, 1, 4, 1, 0, 1, 0
NOTE, 163, 5, 16, 0, 1, 0, 0
NOTE, 163, 3, 8, 0, 0, 1, 1
NOTE, 163, 7, 16, 1, 0, 0, 0
NOTE, 163, 1, 2, 0, 1, 0, 1
NOTE, 163, 9, 16, 0, 0, 1, 0
NOTE, 163, 5, 8, 1, 1, 0, 0
NOTE, 163, 11, 16, 0, 0, 1, 0
NOTE, 163, 3, 4, 1, 0, 0, 1
NOTE, 163, 13, 16, 0, 1, 0, 0
NOTE, 163, 7, 8, 0, 0, 1, 1
NOTE, 163, 15, 16, 1, 0, 0, 0
NOTE, 164, 0, 1, 0, 0, 1, 1
NOTE, 164, 1, 16, 1, 1, 0, 0
NOTE, 164, 1, 8, 0, 0, 1, 1
NOTE, 164, 3, 16, 1, 1, 0, 0
NOTE, 164, 1, 4, 0, 0, 1, 1
NOTE, 164, 5, 16, 1, 1, 0, 0
NOTE, 164, 3, 8, 0, 0, 1, 1
NOTE, 164, 7, 16, 1, 1, 0, 0
NOTE, 164, 1, 2, 0, 0, 1, 1
NOTE, 164, 9, 16, 1, 1, 0, 0
NOTE, 164, 5, 8, 0, 0, 1, 1
NOTE, 164, 11, 16, 1, 1, 0, 0
NOTE, 164, 3, 4, 0, 0, 1, 1
NOTE, 164, 13, 16, 1, 1, 0, 0
NOTE, 164, 7, 8, 0, 0, 1, 1
NOTE, 164, 15, 16, 1, 1, 0, 0
NOTE, 165, 1, 8, 0, 0, 1, 0
NOTE, 165, 1, 4, 0, 2, 0, 0
NOTE, 165, 3, 8, 0, 3, 0, 1
NOTE, 165, 1, 2, 2, 0, 0, 0
NOTE, 165, 11, 16, 3, 0, 1, 0
SPEED, 165, 7, 8, 1.5
NOTE, 165, 7, 8, 0, 1, 1, 1
SPEED, 166, 0, 1, 0.5
SPEED, 166, 1, 8, 1.5
NOTE, 166, 1, 8, 1, 0, 1, 0
SPEED, 166, 3, 16, 0.5
SPEED, 166, 1, 4, 1.5
NOTE, 166, 1, 4, 1, 1, 0, 1
SPEED, 166, 5, 16, 0.5
SPEED, 166, 3, 8, 1.5
NOTE, 166, 3, 8, 0, 1, 1, 0
SPEED, 166, 1, 2, 0.3
SPEED, 166, 9, 16, 0.4
SPEED, 166, 5, 8, 0.5
SPEED, 166, 11, 16, 0.75
SPEED, 166, 3, 4, 1
NOTE, 166, 3, 4, 1, 1, 1, 1
