BPM, 230.00
OFFSET, -3.980
KeyMode: 4
SPEED, 1.0
NOTE, 1, 0, 1, 1, 1, 0, 0
NOTE, 1, 1, 8, 0, 0, 1, 1
NOTE, 1, 1, 4, 0, 0, 1, 0
NOTE, 1, 3, 8, 1, 1, 0, 0
NOTE, 1, 1, 2, 0, 0, 1, 0
NOTE, 1, 5, 8, 1, 0, 0, 0
NOTE, 1, 3, 4, 0, 1, 0, 1
NOTE, 1, 7, 8, 0, 1, 0, 0
NOTE, 2, 0, 1, 1, 0, 0, 1
NOTE, 2, 1, 8, 0, 0, 1, 0
NOTE, 2, 1, 4, 1, 1, 0, 0
NOTE, 2, 3, 8, 0, 0, 1, 1
NOTE, 2, 1, 2, 0, 0, 1, 0
NOTE, 2, 5, 8, 1, 1, 0, 0
NOTE, 2, 3, 4, 0, 0, 1, 0
NOTE, 2, 7, 8, 1, 0, 0, 0
NOTE, 3, 0, 1, 0, 1, 0, 1
NOTE, 3, 1, 8, 0, 1, 0, 0
NOTE, 3, 1, 4, 1, 0, 0, 1
NOTE, 3, 3, 8, 0, 0, 1, 0
NOTE, 3, 1, 2, 1, 1, 0, 0
NOTE, 3, 5, 8, 0, 0, 1, 1
NOTE, 3, 3, 4, 0, 0, 1, 0
NOTE, 3, 7, 8, 1, 1, 0, 0
NOTE, 4, 0, 1, 0, 0, 1, 0
NOTE, 4, 1, 8, 1, 0, 0, 0
NOTE, 4, 1, 4, 0, 1, 0, 1
NOTE, 4, 3, 8, 0, 1, 0, 0
NOTE, 4, 1, 2, 1, 0, 0, 1
NOTE, 4, 5, 8, 0, 0, 1, 0
NOTE, 4, 3, 4, 1, 1, 0, 0
NOTE, 4, 7, 8, 0, 0, 1, 1
NOTE, 5, 0, 1, 0, 0, 1, 0
NOTE, 5, 1, 8, 1, 1, 0, 0
NOTE, 5, 1, 4, 0, 0, 1, 0
NOTE, 5, 3, 8, 1, 0, 0, 0
NOTE, 5, 1, 2, 0, 1, 0, 1
NOTE, 5, 5, 8, 0, 1, 0, 0
NOTE, 5, 3, 4, 1, 0, 0, 1
NOTE, 5, 7, 8, 0, 0, 1, 0
NOTE, 6, 0, 1, 1, 1, 0, 0
NOTE, 6, 1, 8, 0, 0, 1, 1
NOTE, 6, 1, 4, 0, 0, 1, 0
NOTE, 6, 3, 8, 1, 1, 0, 0
NOTE, 6, 1, 2, 0, 0, 1, 0
NOTE, 6, 5, 8, 1, 0, 0, 0
NOTE, 6, 3, 4, 0, 1, 0, 1
NOTE, 6, 7, 8, 0, 1, 0, 0
NOTE, 7, 0, 1, 1, 0, 0, 1
NOTE, 7, 1, 8, 0, 0, 1, 0
NOTE, 7, 1, 4, 1, 1, 0, 0
NOTE, 7, 3, 8, 0, 0, 1, 1
NOTE, 7, 1, 2, 0, 0, 1, 0
NOTE, 7, 5, 8, 1, 1, 0, 0
NOTE, 7, 3, 4, 0, 0, 1, 0
NOTE, 7, 7, 8, 1, 0, 0, 0
NOTE, 8, 0, 1, 0, 0, 1, 1
NOTE, 8, 1, 8, 0, 0, 0, 1
NOTE, 8, 1, 4, 0, 1, 1, 0
NOTE, 8, 3, 8, 0, 0, 1, 0
NOTE, 8, 1, 2, 1, 0, 0, 1
NOTE, 8, 5, 8, 0, 1, 1, 0
NOTE, 8, 3, 4, 0, 0, 1, 0
NOTE, 8, 7, 8, 1, 1, 0, 0
NOTE, 9, 0, 1, 0, 0, 1, 0
NOTE, 9, 1, 8, 1, 0, 0, 0
NOTE, 9, 1, 4, 0, 1, 0, 1
NOTE, 9, 3, 8, 0, 1, 0, 0
NOTE, 9, 1, 2, 0, 0, 1, 1
NOTE, 9, 5, 8, 0, 1, 0, 0
NOTE, 9, 3, 4, 1, 0, 0, 1
NOTE, 9, 7, 8, 0, 0, 1, 0
NOTE, 10, 0, 1, 0, 1, 0, 0
NOTE, 10, 1, 8, 0, 0, 1, 1
NOTE, 10, 1, 4, 0, 1, 0, 0
NOTE, 10, 3, 8, 1, 0, 0, 0
NOTE, 10, 1, 2, 0, 1, 0, 1
NOTE, 10, 5, 8, 1, 0, 0, 0
NOTE, 10, 11, 16, 0, 0, 1, 0
NOTE, 10, 3, 4, 0, 1, 0, 0
NOTE, 10, 7, 8, 0, 0, 1, 0
SPEED, 11, 0, 1, 1
NOTE, 11, 0, 1, 1, 0, 0, 1
NOTE, 11, 1, 8, 1, 0, 0, 0
NOTE, 11, 3, 16, 0, 1, 0, 0
NOTE, 11, 1, 4, 0, 0, 1, 1
NOTE, 11, 3, 8, 0, 0, 0, 1
NOTE, 11, 7, 16, 0, 0, 1, 0
NOTE, 11, 1, 2, 1, 1, 0, 0
NOTE, 11, 5, 8, 0, 1, 0, 0
NOTE, 11, 11, 16, 0, 0, 1, 0
NOTE, 11, 3, 4, 1, 0, 0, 1
NOTE, 11, 7, 8, 0, 0, 1, 0
NOTE, 11, 15, 16, 0, 1, 0, 0
NOTE, 12, 0, 1, 1, 0, 0, 1
NOTE, 12, 1, 8, 0, 1, 0, 0
NOTE, 12, 3, 16, 0, 0, 1, 0
NOTE, 12, 1, 4, 1, 0, 0, 1
NOTE, 12, 3, 8, 1, 0, 0, 0
NOTE, 12, 7, 16, 0, 1, 0, 0
NOTE, 12, 1, 2, 0, 0, 1, 1
NOTE, 12, 5, 8, 0, 0, 0, 1
NOTE, 12, 11, 16, 0, 0, 1, 0
NOTE, 12, 3, 4, 1, 1, 0, 0
NOTE, 12, 7, 8, 0, 1, 0, 0
NOTE, 12, 15, 16, 0, 0, 1, 0
NOTE, 13, 0, 1, 1, 0, 0, 1
NOTE, 13, 1, 8, 0, 0, 1, 0
NOTE, 13, 3, 16, 0, 1, 0, 0
NOTE, 13, 1, 4, 1, 0, 0, 1
NOTE, 13, 3, 8, 0, 1, 0, 0
NOTE, 13, 7, 16, 0, 0, 1, 0
NOTE, 13, 1, 2, 1, 0, 0, 1
NOTE, 13, 5, 8, 1, 0, 0, 0
NOTE, 13, 11, 16, 0, 1, 0, 0
NOTE, 13, 3, 4, 0, 0, 1, 1
NOTE, 13, 7, 8, 0, 0, 0, 1
NOTE, 13, 15, 16, 0, 0, 1, 0
NOTE, 14, 0, 1, 1, 1, 0, 0
NOTE, 14, 1, 8, 0, 1, 0, 0
NOTE, 14, 3, 16, 0, 0, 1, 0
NOTE, 14, 1, 4, 1, 0, 0, 1
NOTE, 14, 3, 8, 0, 0, 1, 0
NOTE, 14, 7, 16, 0, 1, 0, 0
NOTE, 14, 1, 2, 1, 0, 0, 1
NOTE, 14, 5, 8, 0, 1, 0, 0
NOTE, 14, 11, 16, 0, 0, 1, 0
NOTE, 14, 3, 4, 1, 0, 0, 1
NOTE, 14, 7, 8, 0, 1, 0, 0
NOTE, 14, 15, 16, 1, 0, 0, 0
NOTE, 15, 0, 1, 0, 0, 1, 1
NOTE, 15, 1, 8, 0, 1, 0, 0
NOTE, 15, 3, 16, 0, 0, 1, 0
NOTE, 15, 1, 4, 1, 0, 0, 1
NOTE, 15, 3, 8, 1, 0, 0, 0
NOTE, 15, 7, 16, 0, 1, 0, 0
NOTE, 15, 1, 2, 0, 0, 1, 1
NOTE, 15, 5, 8, 0, 0, 0, 1
NOTE, 15, 11, 16, 0, 0, 1, 0
NOTE, 15, 3, 4, 1, 1, 0, 0
NOTE, 15, 7, 8, 0, 1, 0, 0
NOTE, 15, 15, 16, 0, 0, 1, 0
NOTE, 16, 0, 1, 1, 0, 0, 1
NOTE, 16, 1, 8, 0, 1, 1, 0
NOTE, 16, 1, 4, 0, 0, 1, 1
NOTE, 16, 3, 8, 1, 1, 0, 0
NOTE, 16, 1, 2, 0, 1, 1, 0
NOTE, 16, 5, 8, 1, 0, 0, 1
NOTE, 16, 3, 4, 0, 1, 0, 1
NOTE, 16, 7, 8, 1, 0, 1, 0
NOTE, 17, 0, 1, 0, 1, 0, 1
NOTE, 17, 1, 8, 0, 1, 1, 0
NOTE, 17, 1, 4, 1, 0, 0, 1
NOTE, 17, 3, 8, 0, 1, 1, 0
NOTE, 17, 1, 2, 0, 0, 1, 1
NOTE, 17, 5, 8, 1, 1, 0, 0
NOTE, 17, 3, 4, 0, 1, 1, 0
NOTE, 17, 7, 8, 1, 0, 0, 1
NOTE, 18, 0, 1, 0, 1, 0, 1
NOTE, 18, 1, 8, 1, 1, 0, 0
NOTE, 18, 1, 4, 0, 0, 1, 1
NOTE, 18, 3, 8, 0, 1, 1, 0
NOTE, 18, 1, 2, 1, 0, 0, 1
NOTE, 18, 5, 8, 0, 1, 1, 0
NOTE, 18, 3, 4, 1, 0, 0, 1
NOTE, 18, 7, 8, 0, 1, 0, 1
NOTE, 19, 0, 1, 0, 1, 1, 0
NOTE, 19, 1, 8, 1, 0, 1, 0
NOTE, 19, 1, 4, 0, 1, 0, 1
NOTE, 19, 3, 8, 1, 0, 1, 0
NOTE, 19, 1, 2, 0, 1, 0, 1
NOTE, 19, 5, 8, 0, 1, 1, 0
NOTE, 19, 3, 4, 1, 0, 0, 1
NOTE, 19, 7, 8, 0, 0, 1, 0
NOTE, 20, 0, 1, 0, 1, 0, 0
NOTE, 20, 1, 8, 1, 0, 0, 1
NOTE, 20, 1, 4, 0, 0, 1, 0
NOTE, 20, 3, 8, 0, 1, 0, 0
NOTE, 20, 1, 2, 1, 0, 0, 1
NOTE, 20, 9, 16, 0, 0, 1, 0
NOTE, 20, 5, 8, 0, 1, 0, 0
NOTE, 20, 11, 16, 0, 0, 1, 0
NOTE, 20, 3, 4, 0, 0, 0, 1
NOTE, 20, 13, 16, 1, 0, 0, 0
NOTE, 20, 7, 8, 0, 1, 0, 0
NOTE, 20, 15, 16, 0, 0, 1, 0
NOTE, 21, 0, 1, 0, 1, 0, 0
NOTE, 21, 1, 16, 0, 0, 1, 0
NOTE, 21, 1, 8, 1, 0, 0, 0
NOTE, 21, 3, 16, 0, 1, 0, 0
SPEED, 21, 1, 4, 1
NOTE, 21, 1, 4, 0, 0, 1, 1
NOTE, 21, 5, 8, 0, 0, 0, 1
NOTE, 21, 7, 8, 0, 0, 1, 0
NOTE, 22, 0, 1, 1, 0, 0, 0
NOTE, 22, 1, 4, 0, 1, 0, 0
NOTE, 22, 1, 2, 0, 0, 1, 0
NOTE, 22, 3, 4, 0, 0, 0, 1
NOTE, 23, 0, 1, 1, 0, 0, 0
NOTE, 23, 1, 4, 0, 1, 0, 0
NOTE, 23, 1, 2, 0, 0, 0, 1
NOTE, 24, 0, 1, 1, 0, 0, 0
NOTE, 24, 1, 4, 0, 0, 0, 1
NOTE, 24, 5, 8, 0, 0, 1, 0
NOTE, 24, 7, 8, 0, 0, 0, 1
NOTE, 25, 0, 1, 1, 0, 0, 0
NOTE, 25, 1, 4, 0, 1, 0, 0
NOTE, 25, 1, 2, 0, 0, 1, 0
NOTE, 25, 3, 4, 0, 0, 0, 1
NOTE, 26, 0, 1, 0, 0, 1, 0
NOTE, 26, 1, 8, 0, 1, 0, 0
NOTE, 26, 3, 8, 0, 1, 0, 0
NOTE, 26, 1, 2, 1, 0, 0, 0
NOTE, 26, 3, 4, 1, 0, 0, 0
NOTE, 27, 1, 4, 0, 0, 0, 1
NOTE, 27, 5, 8, 1, 0, 0, 0
NOTE, 27, 7, 8, 0, 1, 0, 0
NOTE, 28, 0, 1, 0, 0, 1, 0
NOTE, 28, 1, 4, 0, 1, 0, 0
NOTE, 28, 1, 2, 0, 0, 1, 0
NOTE, 28, 3, 4, 0, 0, 0, 1
NOTE, 29, 0, 1, 1, 0, 0, 0
NOTE, 29, 1, 4, 0, 1, 0, 0
NOTE, 29, 1, 2, 0, 0, 0, 1
NOTE, 30, 0, 1, 0, 1, 0, 0
NOTE, 30, 1, 4, 1, 0, 0, 0
NOTE, 30, 5, 8, 0, 0, 1, 0
NOTE, 30, 7, 8, 0, 1, 0, 0
NOTE, 31, 0, 1, 0, 0, 0, 1
NOTE, 31, 1, 4, 0, 0, 1, 0
NOTE, 31, 1, 2, 0, 1, 0, 0
NOTE, 31, 3, 4, 1, 0, 0, 0
NOTE, 32, 1, 4, 0, 0, 0, 1
NOTE, 32, 3, 8, 0, 0, 1, 0
NOTE, 32, 1, 2, 2, 1, 0, 0
NOTE, 32, 5, 8, 3, 0, 2, 0
NOTE, 32, 3, 4, 0, 2, 3, 0
NOTE, 32, 7, 8, 0, 3, 0, 2
NOTE, 33, 0, 1, 0, 0, 2, 3
NOTE, 33, 1, 8, 0, 0, 3, 2
SPEED, 33, 1, 4, 1
NOTE, 33, 1, 4, 1, 1, 1, 3
NOTE, 33, 3, 8, 1, 0, 1, 0
NOTE, 33, 1, 2, 0, 1, 0, 1
NOTE, 33, 5, 8, 0, 0, 1, 1
NOTE, 33, 3, 4, 1, 1, 0, 0
NOTE, 33, 7, 8, 0, 1, 0, 1
NOTE, 34, 0, 1, 1, 0, 1, 0
NOTE, 34, 1, 8, 1, 1, 0, 0
NOTE, 34, 1, 4, 0, 0, 1, 1
NOTE, 34, 3, 8, 1, 1, 0, 0
NOTE, 34, 1, 2, 0, 0, 1, 1
NOTE, 34, 5, 8, 0, 0, 1, 1
NOTE, 34, 3, 4, 1, 1, 0, 0
NOTE, 34, 7, 8, 1, 1, 0, 0
NOTE, 35, 0, 1, 0, 0, 1, 1
NOTE, 35, 1, 8, 0, 1, 0, 1
NOTE, 35, 1, 4, 0, 1, 1, 0
NOTE, 35, 3, 8, 1, 0, 0, 1
NOTE, 35, 1, 2, 0, 1, 0, 1
NOTE, 35, 5, 8, 0, 1, 1, 0
NOTE, 35, 3, 4, 1, 0, 1, 0
NOTE, 35, 7, 8, 0, 1, 0, 1
NOTE, 36, 0, 1, 1, 0, 1, 0
NOTE, 36, 1, 8, 0, 1, 1, 0
NOTE, 36, 1, 4, 1, 0, 0, 1
NOTE, 36, 3, 8, 1, 0, 1, 0
NOTE, 36, 1, 2, 0, 1, 0, 1
NOTE, 36, 5, 8, 1, 0, 1, 0
NOTE, 36, 3, 4, 0, 1, 0, 1
NOTE, 36, 7, 8, 0, 1, 1, 0
NOTE, 37, 0, 1, 1, 0, 0, 1
NOTE, 37, 1, 8, 0, 1, 0, 1
NOTE, 37, 1, 4, 1, 0, 1, 0
NOTE, 37, 3, 8, 0, 1, 0, 1
NOTE, 37, 1, 2, 0, 0, 1, 1
NOTE, 37, 5, 8, 0, 1, 1, 0
NOTE, 37, 3, 4, 1, 0, 0, 1
NOTE, 37, 7, 8, 1, 0, 1, 0
NOTE, 38, 0, 1, 0, 0, 1, 1
NOTE, 38, 1, 8, 1, 1, 0, 0
NOTE, 38, 1, 4, 1, 1, 0, 0
NOTE, 38, 3, 8, 0, 0, 1, 1
NOTE, 38, 1, 2, 1, 0, 0, 1
NOTE, 38, 5, 8, 1, 1, 0, 0
NOTE, 38, 3, 4, 0, 1, 1, 0
NOTE, 38, 7, 8, 1, 0, 1, 0
NOTE, 39, 0, 1, 0, 1, 0, 1
NOTE, 39, 1, 8, 1, 0, 1, 0
NOTE, 39, 1, 4, 0, 1, 1, 1
NOTE, 39, 1, 2, 1, 1, 0, 0
NOTE, 39, 5, 8, 1, 0, 1, 1
NOTE, 39, 7, 8, 0, 0, 1, 1
NOTE, 40, 0, 1, 1, 1, 0, 1
NOTE, 40, 1, 4, 1, 1, 0, 0
NOTE, 40, 3, 8, 1, 0, 1, 1
NOTE, 40, 1, 2, 0, 0, 1, 1
NOTE, 40, 5, 8, 1, 1, 0, 0
NOTE, 40, 3, 4, 1, 1, 0, 1
NOTE, 40, 7, 8, 0, 0, 1, 1
NOTE, 41, 0, 1, 1, 1, 0, 0
NOTE, 41, 1, 8, 0, 1, 1, 0
NOTE, 41, 1, 4, 1, 0, 0, 1
NOTE, 41, 3, 8, 1, 1, 0, 0
NOTE, 41, 1, 2, 0, 0, 1, 1
NOTE, 41, 5, 8, 0, 0, 1, 1
NOTE, 41, 3, 4, 1, 1, 0, 0
NOTE, 41, 7, 8, 1, 0, 0, 1
NOTE, 42, 0, 1, 0, 1, 1, 0
NOTE, 42, 1, 8, 1, 0, 1, 0
NOTE, 42, 1, 4, 0, 1, 0, 1
NOTE, 42, 3, 8, 0, 1, 1, 0
NOTE, 42, 1, 2, 1, 0, 1, 0
NOTE, 42, 5, 8, 0, 1, 0, 1
NOTE, 42, 3, 4, 1, 0, 1, 0
SPEED, 42, 7, 8, 1
NOTE, 42, 7, 8, 0, 1, 0, 0
NOTE, 43, 0, 1, 0, 0, 0, 1
NOTE, 43, 1, 4, 0, 0, 1, 0
NOTE, 43, 1, 2, 0, 1, 0, 0
SPEED, 43, 3, 4, 1
NOTE, 43, 3, 4, 1, 0, 1, 1
NOTE, 43, 7, 8, 1, 0, 0, 0
NOTE, 44, 0, 1, 0, 1, 1, 0
NOTE, 44, 1, 8, 0, 0, 1, 0
NOTE, 44, 1, 4, 1, 0, 0, 1
NOTE, 44, 3, 8, 0, 1, 1, 0
NOTE, 44, 1, 2, 1, 0, 0, 1
NOTE, 44, 5, 8, 0, 1, 0, 1
NOTE, 44, 3, 4, 1, 0, 1, 0
NOTE, 44, 7, 8, 1, 1, 0, 0
NOTE, 45, 0, 1, 0, 0, 1, 1
NOTE, 45, 1, 16, 1, 1, 0, 0
NOTE, 45, 1, 8, 0, 0, 1, 1
NOTE, 45, 3, 16, 1, 1, 0, 0
SPEED, 45, 1, 4, 1
NOTE, 45, 1, 4, 0, 0, 1, 1
NOTE, 45, 3, 8, 1, 1, 0, 1
NOTE, 45, 5, 8, 0, 1, 1, 1
NOTE, 45, 3, 4, 0, 1, 1, 1
NOTE, 46, 0, 1, 1, 1, 0, 1
NOTE, 46, 1, 8, 1, 1, 0, 1
NOTE, 46, 3, 8, 1, 1, 1, 0
NOTE, 46, 1, 2, 1, 1, 1, 0
NOTE, 46, 3, 4, 1, 0, 1, 1
NOTE, 46, 7, 8, 1, 0, 1, 1
NOTE, 47, 1, 8, 1, 1, 0, 1
NOTE, 47, 1, 4, 1, 1, 0, 1
NOTE, 47, 1, 2, 0, 1, 1, 1
NOTE, 47, 5, 8, 0, 1, 1, 1
NOTE, 47, 3, 4, 0, 1, 0, 0
NOTE, 47, 7, 8, 1, 0, 1, 1
NOTE, 48, 0, 1, 1, 0, 1, 1
SPEED, 48, 1, 4, 1
NOTE, 48, 1, 4, 1, 1, 0, 1
NOTE, 48, 3, 8, 1, 0, 1, 0
NOTE, 48, 1, 2, 0, 1, 1, 0
NOTE, 48, 5, 8, 0, 1, 0, 0
NOTE, 48, 3, 4, 1, 0, 1, 0
NOTE, 48, 7, 8, 1, 0, 0, 1
NOTE, 49, 0, 1, 0, 1, 1, 0
NOTE, 49, 1, 8, 0, 0, 1, 1
NOTE, 49, 1, 4, 1, 1, 0, 0
NOTE, 49, 3, 8, 0, 1, 0, 1
NOTE, 49, 1, 2, 1, 0, 1, 1
NOTE, 49, 5, 8, 1, 0, 1, 0
NOTE, 49, 3, 4, 0, 1, 0, 1
NOTE, 49, 13, 16, 1, 0, 0, 0
NOTE, 49, 7, 8, 0, 0, 1, 0
NOTE, 49, 15, 16, 0, 1, 0, 0
NOTE, 50, 0, 1, 1, 0, 0, 1
NOTE, 50, 1, 16, 0, 0, 1, 0
NOTE, 50, 1, 8, 0, 1, 0, 0
NOTE, 50, 3, 16, 1, 0, 0, 0
NOTE, 50, 1, 4, 0, 1, 0, 1
NOTE, 50, 5, 16, 0, 0, 1, 0
NOTE, 50, 3, 8, 1, 0, 0, 0
NOTE, 50, 1, 2, 0, 0, 1, 1
NOTE, 50, 5, 8, 0, 1, 1, 0
NOTE, 50, 3, 4, 0, 1, 0, 1
NOTE, 50, 7, 8, 1, 0, 1, 0
NOTE, 51, 0, 1, 1, 1, 0, 0
NOTE, 51, 1, 16, 0, 0, 1, 1
NOTE, 51, 1, 8, 1, 1, 0, 0
NOTE, 51, 3, 16, 0, 0, 1, 1
SPEED, 51, 1, 4, 1
NOTE, 51, 1, 4, 1, 1, 0, 0
NOTE, 51, 3, 8, 0, 1, 1, 1
NOTE, 51, 5, 8, 1, 1, 0, 1
NOTE, 51, 3, 4, 1, 1, 0, 1
NOTE, 51, 7, 8, 0, 0, 1, 0
NOTE, 52, 0, 1, 1, 1, 0, 1
NOTE, 52, 1, 8, 1, 1, 0, 1
NOTE, 52, 3, 8, 1, 0, 1, 1
NOTE, 52, 1, 2, 1, 0, 1, 1
NOTE, 52, 5, 8, 0, 1, 0, 0
NOTE, 52, 3, 4, 1, 0, 1, 1
NOTE, 52, 7, 8, 1, 0, 1, 1
NOTE, 53, 0, 1, 0, 0, 1, 0
NOTE, 53, 1, 8, 1, 1, 0, 1
NOTE, 53, 1, 4, 1, 1, 0, 1
NOTE, 53, 1, 2, 0, 1, 1, 1
NOTE, 53, 5, 8, 0, 1, 1, 1
NOTE, 53, 3, 4, 0, 0, 0, 1
NOTE, 53, 7, 8, 1, 1, 1, 0
NOTE, 54, 0, 1, 1, 1, 1, 0
NOTE, 54, 1, 8, 1, 0, 0, 0
SPEED, 54, 1, 4, 1
NOTE, 54, 1, 4, 0, 1, 1, 1
NOTE, 54, 3, 8, 0, 1, 0, 0
NOTE, 54, 1, 2, 1, 0, 1, 0
NOTE, 54, 5, 8, 0, 0, 0, 1
NOTE, 54, 3, 4, 1, 1, 1, 0
NOTE, 54, 7, 8, 0, 1, 1, 1
NOTE, 55, 0, 1, 1, 1, 1, 0
NOTE, 55, 1, 8, 0, 0, 0, 1
NOTE, 55, 1, 4, 1, 1, 0, 0
NOTE, 55, 3, 8, 0, 1, 0, 0
NOTE, 55, 1, 2, 0, 0, 1, 1
NOTE, 55, 5, 8, 0, 1, 1, 0
NOTE, 55, 3, 4, 1, 0, 0, 1
NOTE, 55, 7, 8, 0, 0, 1, 0
NOTE, 55, 15, 16, 0, 1, 0, 0
NOTE, 56, 0, 1, 1, 0, 0, 1
NOTE, 56, 1, 8, 0, 1, 1, 0
NOTE, 56, 1, 4, 1, 1, 0, 0
NOTE, 56, 3, 8, 1, 0, 0, 1
NOTE, 56, 1, 2, 0, 1, 1, 0
NOTE, 56, 5, 8, 0, 1, 1, 0
NOTE, 56, 3, 4, 1, 0, 0, 1
NOTE, 56, 7, 8, 0, 0, 1, 1
NOTE, 57, 0, 1, 1, 1, 0, 0
NOTE, 57, 1, 16, 0, 0, 1, 1
NOTE, 57, 1, 8, 1, 1, 0, 0
NOTE, 57, 3, 16, 0, 0, 1, 0
NOTE, 57, 1, 4, 1, 1, 0, 1
NOTE, 57, 3, 8, 1, 1, 1, 0
SPEED, 57, 5, 8, 1
NOTE, 57, 5, 8, 0, 0, 0, 1
NOTE, 57, 3, 4, 0, 1, 0, 0
NOTE, 57, 7, 8, 0, 0, 1, 0
NOTE, 58, 0, 1, 1, 0, 0, 0
NOTE, 58, 1, 8, 0, 0, 0, 1
NOTE, 58, 1, 4, 0, 1, 0, 0
NOTE, 58, 3, 8, 0, 0, 1, 0
SPEED, 58, 1, 2, 1
NOTE, 58, 1, 2, 1, 1, 0, 1
NOTE, 58, 5, 8, 1, 1, 0, 1
SPEED, 58, 7, 8, 1
NOTE, 58, 7, 8, 1, 0, 0, 0
NOTE, 59, 0, 1, 0, 0, 0, 1
NOTE, 59, 1, 8, 0, 1, 0, 0
NOTE, 59, 1, 4, 0, 0, 1, 0
NOTE, 59, 3, 8, 1, 0, 0, 0
NOTE, 59, 1, 2, 0, 0, 1, 0
NOTE, 59, 5, 8, 0, 1, 0, 0
SPEED, 59, 3, 4, 1
NOTE, 59, 3, 4, 1, 0, 1, 1
NOTE, 59, 7, 8, 1, 0, 1, 1
SPEED, 60, 1, 8, 1
NOTE, 60, 1, 8, 0, 0, 0, 1
NOTE, 60, 1, 4, 1, 0, 0, 0
NOTE, 60, 3, 8, 0, 1, 0, 0
NOTE, 60, 1, 2, 0, 0, 0, 1
NOTE, 60, 5, 8, 0, 0, 1, 0
NOTE, 60, 3, 4, 1, 0, 0, 0
NOTE, 60, 7, 8, 0, 1, 0, 0
NOTE, 61, 0, 1, 1, 0, 1, 1
NOTE, 61, 1, 8, 0, 1, 0, 0
NOTE, 61, 1, 4, 0, 0, 1, 0
NOTE, 61, 3, 8, 0, 1, 0, 0
NOTE, 61, 1, 2, 1, 0, 0, 1
NOTE, 61, 5, 8, 0, 0, 1, 0
SPEED, 61, 3, 4, 1
NOTE, 61, 3, 4, 1, 1, 0, 1
NOTE, 61, 7, 8, 1, 0, 0, 1
NOTE, 62, 0, 1, 0, 1, 1, 0
NOTE, 62, 1, 8, 0, 0, 1, 1
NOTE, 62, 1, 4, 1, 1, 0, 0
NOTE, 62, 5, 16, 0, 0, 1, 1
NOTE, 62, 3, 8, 1, 1, 0, 0
NOTE, 62, 7, 16, 0, 0, 1, 1
SPEED, 62, 1, 2, 1
NOTE, 62, 1, 2, 1, 1, 0, 0
SPEED, 62, 9, 16, 1
NOTE, 63, 0, 1, 1, 0, 0, 0
NOTE, 63, 1, 8, 0, 1, 0, 0
SPEED, 63, 1, 4, 1
NOTE, 63, 1, 4, 0, 0, 1, 1
SPEED, 63, 5, 16, 1
NOTE, 63, 1, 2, 0, 0, 0, 1
NOTE, 63, 3, 4, 0, 0, 1, 0
SPEED, 64, 0, 1, 1
NOTE, 64, 0, 1, 1, 1, 0, 0
SPEED, 64, 1, 16, 1
SPEED, 64, 3, 4, 1
NOTE, 64, 3, 4, 0, 0, 0, 1
NOTE, 64, 25, 32, 0, 0, 1, 0
NOTE, 64, 13, 16, 0, 1, 0, 0
NOTE, 65, 0, 1, 0, 0, 0, 1
NOTE, 65, 1, 32, 0, 0, 1, 0
NOTE, 65, 1, 16, 0, 1, 0, 0
NOTE, 65, 1, 4, 0, 0, 0, 1
NOTE, 65, 9, 32, 0, 0, 1, 0
NOTE, 65, 5, 16, 0, 1, 0, 0
SPEED, 65, 1, 2, 1
NOTE, 65, 1, 2, 1, 0, 0, 1
NOTE, 65, 5, 8, 0, 0, 1, 0
NOTE, 65, 11, 16, 0, 1, 0, 0
NOTE, 65, 3, 4, 1, 0, 0, 1
NOTE, 65, 7, 8, 1, 0, 0, 0
NOTE, 65, 15, 16, 0, 1, 0, 0
NOTE, 66, 0, 1, 0, 0, 1, 1
NOTE, 66, 1, 8, 0, 0, 0, 1
NOTE, 66, 3, 16, 0, 0, 1, 0
NOTE, 66, 1, 4, 1, 1, 0, 0
NOTE, 66, 3, 8, 0, 0, 1, 0
NOTE, 66, 7, 16, 0, 1, 0, 0
NOTE, 66, 1, 2, 1, 0, 0, 1
NOTE, 66, 5, 8, 0, 1, 0, 0
NOTE, 66, 11, 16, 0, 0, 1, 0
NOTE, 66, 3, 4, 1, 0, 0, 1
NOTE, 66, 7, 8, 1, 0, 0, 0
NOTE, 66, 15, 16, 0, 1, 0, 0
NOTE, 67, 0, 1, 0, 0, 1, 1
NOTE, 67, 1, 8, 0, 1, 0, 1
NOTE, 67, 1, 4, 1, 0, 1, 0
NOTE, 67, 3, 8, 1, 1, 0, 0
NOTE, 67, 1, 2, 0, 0, 1, 1
NOTE, 67, 5, 8, 0, 1, 0, 1
NOTE, 67, 3, 4, 1, 1, 0, 0
NOTE, 67, 7, 8, 0, 0, 1, 1
NOTE, 68, 0, 1, 1, 1, 0, 0
NOTE, 68, 1, 16, 0, 0, 1, 1
NOTE, 68, 1, 8, 1, 1, 0, 0
NOTE, 68, 1, 4, 0, 0, 1, 1
NOTE, 68, 5, 16, 1, 1, 0, 0
NOTE, 68, 3, 8, 0, 0, 1, 1
NOTE, 68, 7, 16, 0, 1, 0, 0
NOTE, 68, 1, 2, 1, 0, 0, 0
SPEED, 70, 3, 4, 1
NOTE, 70, 3, 4, 1, 0, 0, 0
NOTE, 71, 0, 1, 0, 1, 0, 0
NOTE, 71, 1, 4, 0, 0, 0, 1
NOTE, 71, 3, 8, 0, 0, 1, 0
NOTE, 71, 1, 2, 1, 1, 0, 0
NOTE, 71, 3, 4, 0, 0, 1, 0
NOTE, 72, 0, 1, 1, 0, 0, 1
NOTE, 72, 1, 4, 0, 1, 0, 0
NOTE, 72, 1, 2, 0, 0, 1, 0
NOTE, 72, 3, 4, 0, 1, 0, 0
NOTE, 72, 7, 8, 1, 0, 0, 0
NOTE, 73, 0, 1, 0, 0, 1, 1
NOTE, 73, 1, 4, 0, 1, 0, 0
NOTE, 73, 1, 2, 1, 0, 0, 1
NOTE, 73, 3, 4, 0, 1, 0, 0
NOTE, 74, 0, 1, 0, 0, 1, 0
NOTE, 74, 1, 4, 0, 1, 0, 0
NOTE, 74, 3, 8, 0, 0, 1, 0
NOTE, 74, 1, 2, 1, 1, 0, 0
NOTE, 74, 3, 4, 0, 0, 0, 1
NOTE, 75, 0, 1, 0, 0, 1, 0
NOTE, 75, 1, 4, 0, 1, 0, 0
NOTE, 75, 1, 2, 0, 0, 1, 0
NOTE, 75, 3, 4, 1, 0, 0, 0
NOTE, 75, 7, 8, 0, 0, 0, 1
NOTE, 76, 0, 1, 0, 1, 1, 0
NOTE, 76, 1, 4, 0, 0, 0, 1
NOTE, 76, 1, 2, 0, 1, 0, 0
NOTE, 76, 3, 4, 1, 0, 0, 0
NOTE, 77, 0, 1, 0, 0, 1, 0
NOTE, 77, 1, 4, 0, 1, 0, 0
NOTE, 77, 3, 8, 0, 0, 1, 0
NOTE, 77, 1, 2, 1, 1, 0, 0
NOTE, 77, 3, 4, 0, 0, 0, 1
NOTE, 78, 0, 1, 0, 1, 0, 0
NOTE, 78, 1, 4, 0, 0, 1, 0
NOTE, 78, 1, 2, 0, 1, 0, 0
NOTE, 78, 3, 4, 0, 0, 0, 1
NOTE, 78, 7, 8, 1, 0, 0, 0
NOTE, 79, 0, 1, 0, 1, 1, 0
NOTE, 79, 1, 4, 0, 0, 1, 0
NOTE, 79, 1, 2, 0, 0, 0, 1
NOTE, 79, 3, 4, 0, 0, 0, 1
NOTE, 80, 0, 1, 0, 1, 0, 0
NOTE, 80, 1, 8, 1, 0, 0, 0
NOTE, 80, 1, 4, 0, 0, 0, 1
NOTE, 80, 3, 8, 0, 0, 1, 0
NOTE, 80, 1, 2, 1, 1, 0, 0
NOTE, 80, 3, 4, 0, 1, 0, 0
NOTE, 81, 0, 1, 1, 0, 0, 0
NOTE, 81, 1, 4, 0, 0, 0, 1
NOTE, 81, 1, 2, 0, 1, 0, 0
NOTE, 81, 3, 4, 0, 1, 0, 0
NOTE, 82, 0, 1, 0, 0, 1, 1
NOTE, 82, 1, 4, 0, 0, 1, 0
NOTE, 82, 1, 2, 1, 0, 0, 0
NOTE, 82, 5, 8, 0, 1, 0, 0
SPEED, 82, 3, 4, 1
NOTE, 82, 3, 4, 1, 0, 1, 0
NOTE, 82, 7, 8, 0, 0, 0, 1
NOTE, 83, 0, 1, 1, 0, 0, 0
NOTE, 83, 1, 16, 0, 1, 0, 0
NOTE, 83, 1, 8, 1, 0, 0, 0
NOTE, 83, 3, 16, 0, 1, 0, 0
NOTE, 83, 1, 4, 0, 0, 1, 0
NOTE, 83, 5, 16, 0, 1, 0, 0
NOTE, 83, 3, 8, 0, 0, 0, 1
NOTE, 83, 7, 16, 0, 0, 1, 0
SPEED, 83, 1, 2, 1
NOTE, 83, 1, 2, 1, 1, 0, 1
NOTE, 83, 5, 8, 1, 1, 0, 1
SPEED, 83, 3, 4, 1
NOTE, 83, 3, 4, 1, 0, 1, 0
NOTE, 83, 7, 8, 0, 1, 0, 0
NOTE, 84, 0, 1, 1, 0, 0, 1
NOTE, 84, 1, 8, 0, 1, 1, 0
SPEED, 84, 1, 4, 1
NOTE, 84, 1, 4, 1, 0, 1, 0
NOTE, 84, 5, 16, 0, 1, 0, 0
NOTE, 84, 3, 8, 0, 0, 0, 1
NOTE, 84, 7, 16, 0, 0, 1, 0
NOTE, 84, 1, 2, 1, 1, 0, 0
NOTE, 84, 9, 16, 0, 0, 0, 1
NOTE, 84, 5, 8, 0, 0, 1, 0
NOTE, 84, 11, 16, 0, 1, 0, 0
NOTE, 84, 3, 4, 1, 0, 0, 1
NOTE, 84, 13, 16, 0, 1, 0, 0
NOTE, 84, 7, 8, 0, 0, 1, 0
NOTE, 84, 15, 16, 0, 1, 0, 0
SPEED, 85, 0, 1, 1
NOTE, 85, 0, 1, 1, 0, 1, 1
NOTE, 85, 1, 8, 1, 0, 1, 1
SPEED, 85, 1, 4, 1
NOTE, 85, 1, 4, 0, 1, 0, 1
NOTE, 85, 3, 8, 0, 0, 1, 0
NOTE, 85, 1, 2, 1, 0, 1, 0
NOTE, 85, 5, 8, 0, 1, 0, 1
NOTE, 85, 3, 4, 1, 0, 0, 1
NOTE, 85, 13, 16, 0, 1, 0, 0
NOTE, 85, 7, 8, 0, 0, 1, 0
NOTE, 85, 15, 16, 0, 1, 0, 0
NOTE, 86, 0, 1, 1, 0, 0, 1
NOTE, 86, 1, 16, 0, 0, 1, 0
NOTE, 86, 1, 8, 0, 1, 0, 0
NOTE, 86, 3, 16, 0, 0, 0, 1
NOTE, 86, 1, 4, 1, 0, 1, 0
NOTE, 86, 5, 16, 0, 1, 0, 0
NOTE, 86, 3, 8, 0, 0, 1, 0
NOTE, 86, 7, 16, 0, 0, 0, 1
SPEED, 86, 1, 2, 1
NOTE, 86, 1, 2, 1, 1, 1, 0
NOTE, 86, 5, 8, 1, 1, 1, 0
SPEED, 86, 3, 4, 1
NOTE, 86, 3, 4, 1, 0, 0, 1
NOTE, 86, 7, 8, 0, 1, 0, 0
NOTE, 87, 0, 1, 1, 0, 1, 0
NOTE, 87, 1, 8, 0, 1, 0, 1
NOTE, 87, 1, 4, 1, 0, 1, 0
NOTE, 87, 5, 16, 0, 1, 0, 0
NOTE, 87, 3, 8, 0, 0, 0, 1
NOTE, 87, 7, 16, 1, 0, 0, 0
NOTE, 87, 1, 2, 0, 1, 1, 0
NOTE, 87, 9, 16, 0, 0, 0, 1
NOTE, 87, 5, 8, 1, 0, 0, 0
NOTE, 87, 11, 16, 0, 0, 1, 0
NOTE, 87, 3, 4, 1, 1, 0, 0
NOTE, 87, 13, 16, 0, 0, 1, 0
NOTE, 87, 7, 8, 0, 0, 0, 1
NOTE, 87, 15, 16, 1, 0, 0, 0
SPEED, 88, 0, 1, 1
NOTE, 88, 0, 1, 0, 1, 1, 1
NOTE, 88, 1, 8, 0, 1, 1, 1
SPEED, 88, 1, 4, 1
NOTE, 88, 1, 4, 1, 0, 1, 0
NOTE, 88, 3, 8, 0, 1, 0, 0
NOTE, 88, 1, 2, 1, 0, 1, 0
NOTE, 88, 5, 8, 0, 0, 0, 1
NOTE, 88, 3, 4, 1, 1, 0, 0
NOTE, 88, 7, 8, 0, 1, 0, 1
NOTE, 89, 0, 1, 1, 0, 1, 0
NOTE, 89, 1, 8, 0, 1, 1, 0
NOTE, 89, 1, 4, 1, 0, 0, 1
NOTE, 89, 5, 16, 0, 1, 1, 0
NOTE, 89, 3, 8, 1, 0, 0, 1
NOTE, 89, 7, 16, 0, 1, 1, 0
SPEED, 89, 1, 2, 1
NOTE, 89, 1, 2, 1, 0, 0, 0
NOTE, 89, 7, 12, 0, 0, 1, 0
NOTE, 89, 2, 3, 0, 1, 0, 0
NOTE, 89, 3, 4, 1, 0, 0, 0
NOTE, 89, 5, 6, 0, 0, 1, 0
NOTE, 89, 11, 12, 0, 1, 0, 0
NOTE, 90, 0, 1, 0, 0, 0, 1
NOTE, 90, 1, 12, 0, 0, 1, 0
NOTE, 90, 1, 6, 1, 0, 0, 0
NOTE, 90, 1, 4, 0, 0, 0, 1
NOTE, 90, 1, 3, 0, 1, 0, 0
NOTE, 90, 5, 12, 0, 0, 1, 0
NOTE, 90, 1, 2, 1, 0, 0, 0
NOTE, 90, 7, 12, 0, 0, 0, 1
NOTE, 90, 2, 3, 0, 0, 1, 0
NOTE, 90, 3, 4, 0, 0, 0, 1
NOTE, 90, 5, 6, 0, 1, 0, 0
NOTE, 90, 11, 12, 0, 0, 1, 0
NOTE, 91, 0, 1, 0, 1, 0, 0
NOTE, 91, 1, 16, 1, 0, 0, 0
NOTE, 91, 1, 8, 0, 0, 0, 1
NOTE, 91, 3, 16, 0, 0, 1, 0
NOTE, 91, 1, 4, 0, 1, 0, 0
NOTE, 91, 5, 16, 1, 0, 0, 0
NOTE, 91, 3, 8, 0, 1, 0, 0
NOTE, 91, 7, 16, 0, 0, 1, 0
NOTE, 91, 1, 2, 0, 1, 0, 0
NOTE, 91, 9, 16, 1, 0, 0, 0
NOTE, 91, 5, 8, 0, 0, 1, 0
NOTE, 91, 11, 16, 0, 1, 0, 0
SPEED, 91, 3, 4, 1
NOTE, 91, 3, 4, 1, 0, 1, 1
NOTE, 91, 7, 8, 0, 1, 1, 0
NOTE, 92, 0, 1, 1, 1, 0, 1
NOTE, 92, 1, 8, 0, 1, 1, 0
NOTE, 92, 1, 4, 1, 0, 1, 1
NOTE, 92, 3, 8, 0, 1, 1, 0
NOTE, 92, 1, 2, 1, 1, 0, 1
NOTE, 92, 5, 8, 1, 1, 1, 0
NOTE, 92, 3, 4, 1, 0, 0, 1
NOTE, 92, 7, 8, 0, 1, 0, 1
NOTE, 93, 0, 1, 1, 1, 1, 0
NOTE, 93, 1, 8, 1, 0, 0, 0
NOTE, 93, 1, 4, 0, 1, 0, 1
NOTE, 93, 3, 8, 1, 1, 1, 0
NOTE, 93, 1, 2, 0, 0, 1, 1
NOTE, 93, 9, 16, 1, 1, 0, 0
NOTE, 93, 5, 8, 0, 0, 1, 1
NOTE, 93, 3, 4, 1, 1, 0, 1
NOTE, 93, 7, 8, 0, 0, 1, 0
NOTE, 94, 0, 1, 1, 1, 0, 1
NOTE, 94, 1, 8, 1, 1, 1, 0
NOTE, 94, 1, 4, 1, 0, 0, 1
NOTE, 94, 3, 8, 0, 1, 1, 0
NOTE, 94, 1, 2, 1, 1, 0, 1
NOTE, 94, 5, 8, 0, 0, 1, 0
NOTE, 94, 3, 4, 1, 1, 0, 0
NOTE, 94, 7, 8, 0, 1, 1, 1
NOTE, 95, 0, 1, 1, 0, 1, 1
NOTE, 95, 1, 8, 0, 1, 0, 0
NOTE, 95, 1, 4, 0, 1, 1, 1
NOTE, 95, 3, 8, 1, 0, 0, 0
NOTE, 95, 1, 2, 0, 1, 1, 1
NOTE, 95, 5, 8, 1, 0, 0, 1
NOTE, 95, 3, 4, 0, 1, 1, 0
NOTE, 95, 7, 8, 0, 1, 0, 1
NOTE, 96, 0, 1, 1, 0, 0, 1
NOTE, 96, 1, 8, 0, 1, 1, 0
NOTE, 96, 1, 4, 1, 0, 0, 1
NOTE, 96, 5, 16, 0, 1, 1, 0
NOTE, 96, 3, 8, 1, 0, 0, 1
NOTE, 96, 1, 2, 0, 0, 1, 1
NOTE, 96, 9, 16, 1, 1, 0, 0
NOTE, 96, 5, 8, 0, 0, 1, 1
NOTE, 96, 3, 4, 0, 1, 1, 0
NOTE, 96, 13, 16, 1, 0, 0, 1
NOTE, 96, 7, 8, 0, 1, 1, 0
NOTE, 97, 0, 1, 1, 1, 0, 0
NOTE, 97, 1, 16, 0, 0, 1, 0
NOTE, 97, 1, 8, 1, 0, 0, 0
NOTE, 97, 3, 16, 0, 1, 0, 0
NOTE, 97, 1, 4, 0, 0, 1, 0
NOTE, 97, 5, 16, 0, 1, 0, 0
NOTE, 97, 3, 8, 1, 0, 0, 0
NOTE, 97, 7, 16, 0, 0, 0, 1
NOTE, 97, 1, 2, 0, 0, 1, 0
NOTE, 97, 9, 16, 0, 1, 0, 0
NOTE, 97, 5, 8, 0, 0, 1, 0
NOTE, 97, 11, 16, 0, 1, 0, 0
NOTE, 97, 3, 4, 1, 0, 1, 1
NOTE, 97, 7, 8, 1, 1, 0, 0
NOTE, 98, 0, 1, 0, 1, 0, 1
NOTE, 98, 1, 8, 1, 0, 1, 0
NOTE, 98, 1, 4, 0, 0, 1, 1
NOTE, 98, 3, 8, 1, 1, 0, 0
SPEED, 98, 1, 2, 1
NOTE, 98, 1, 2, 1, 0, 1, 1
NOTE, 98, 9, 16, 0, 1, 0, 0
NOTE, 98, 5, 8, 0, 0, 1, 0
NOTE, 98, 11, 16, 1, 0, 0, 0
NOTE, 98, 3, 4, 0, 1, 0, 1
NOTE, 98, 13, 16, 0, 0, 1, 0
NOTE, 98, 7, 8, 0, 1, 0, 0
NOTE, 98, 15, 16, 1, 0, 0, 0
NOTE, 99, 0, 1, 0, 0, 1, 1
NOTE, 99, 1, 16, 0, 1, 0, 0
NOTE, 99, 1, 8, 1, 0, 0, 0
NOTE, 99, 3, 16, 0, 0, 1, 0
NOTE, 99, 1, 4, 0, 1, 0, 1
NOTE, 99, 3, 8, 1, 0, 1, 0
NOTE, 99, 1, 2, 1, 1, 0, 0
NOTE, 99, 5, 8, 0, 1, 1, 0
NOTE, 99, 3, 4, 1, 0, 0, 1
NOTE, 99, 7, 8, 0, 0, 1, 1
NOTE, 100, 0, 1, 1, 1, 0, 0
NOTE, 100, 1, 16, 0, 0, 1, 0
NOTE, 100, 1, 8, 0, 0, 0, 1
NOTE, 100, 3, 16, 1, 0, 0, 0
NOTE, 100, 1, 4, 0, 1, 1, 0
NOTE, 100, 5, 16, 1, 0, 0, 0
NOTE, 100, 3, 8, 0, 0, 0, 1
NOTE, 100, 7, 16, 0, 0, 1, 0
NOTE, 100, 1, 2, 1, 1, 0, 0
NOTE, 100, 9, 16, 0, 0, 1, 0
NOTE, 100, 5, 8, 1, 0, 0, 0
NOTE, 100, 11, 16, 0, 1, 0, 0
NOTE, 100, 3, 4, 0, 0, 1, 1
NOTE, 100, 7, 8, 1, 1, 0, 0
NOTE, 101, 0, 1, 1, 0, 0, 1
NOTE, 101, 1, 8, 0, 1, 1, 0
NOTE, 101, 1, 4, 0, 0, 1, 1
NOTE, 101, 3, 8, 1, 1, 0, 0
NOTE, 101, 1, 2, 0, 0, 1, 1
NOTE, 101, 9, 16, 0, 1, 0, 0
NOTE, 101, 5, 8, 0, 0, 1, 0
NOTE, 101, 11, 16, 0, 0, 0, 1
NOTE, 101, 3, 4, 1, 1, 0, 0
NOTE, 101, 13, 16, 0, 0, 1, 0
NOTE, 101, 7, 8, 1, 0, 0, 0
NOTE, 101, 15, 16, 0, 1, 0, 0
NOTE, 102, 0, 1, 0, 0, 1, 1
NOTE, 102, 1, 8, 1, 0, 0, 1
NOTE, 102, 1, 4, 0, 1, 1, 0
NOTE, 102, 3, 8, 1, 1, 0, 0
NOTE, 102, 1, 2, 0, 0, 1, 1
NOTE, 102, 5, 8, 1, 0, 0, 1
NOTE, 102, 3, 4, 0, 1, 1, 0
NOTE, 102, 7, 8, 0, 1, 0, 1
NOTE, 103, 0, 1, 1, 0, 1, 0
NOTE, 103, 1, 16, 0, 1, 0, 0
NOTE, 103, 1, 8, 0, 0, 0, 1
NOTE, 103, 3, 16, 0, 0, 1, 0
NOTE, 103, 1, 4, 1, 1, 0, 0
NOTE, 103, 5, 16, 0, 0, 0, 1
NOTE, 103, 3, 8, 1, 0, 0, 0
NOTE, 103, 7, 16, 0, 0, 1, 0
NOTE, 103, 1, 2, 0, 1, 0, 1
NOTE, 103, 9, 16, 0, 0, 1, 0
NOTE, 103, 5, 8, 1, 0, 0, 0
NOTE, 103, 11, 16, 0, 1, 0, 0
SPEED, 103, 3, 4, 1
NOTE, 103, 3, 4, 0, 0, 1, 1
NOTE, 103, 7, 8, 0, 0, 1, 1
NOTE, 104, 0, 1, 1, 1, 0, 0
NOTE, 104, 1, 16, 0, 0, 1, 1
NOTE, 104, 1, 8, 1, 1, 0, 0
NOTE, 104, 1, 4, 1, 0, 0, 1
NOTE, 104, 5, 16, 0, 1, 1, 0
NOTE, 104, 3, 8, 1, 0, 0, 1
SPEED, 104, 1, 2, 1
NOTE, 104, 1, 2, 0, 0, 1, 1
NOTE, 104, 9, 16, 0, 1, 0, 0
NOTE, 104, 5, 8, 0, 0, 1, 0
NOTE, 104, 11, 16, 0, 1, 0, 0
NOTE, 104, 3, 4, 1, 0, 0, 1
NOTE, 104, 7, 8, 0, 1, 1, 0
NOTE, 105, 0, 1, 0, 1, 0, 1
NOTE, 105, 1, 8, 1, 0, 1, 0
NOTE, 105, 1, 4, 1, 1, 0, 0
NOTE, 105, 5, 16, 0, 0, 1, 0
NOTE, 105, 3, 8, 0, 0, 0, 1
NOTE, 105, 7, 16, 0, 0, 1, 0
NOTE, 105, 1, 2, 1, 1, 0, 0
NOTE, 105, 5, 8, 1, 0, 0, 1
NOTE, 105, 3, 4, 0, 0, 1, 1
NOTE, 105, 7, 8, 1, 1, 0, 0
NOTE, 106, 0, 1, 0, 0, 1, 1
NOTE, 106, 1, 16, 0, 1, 0, 0
NOTE, 106, 1, 8, 1, 0, 0, 0
NOTE, 106, 3, 16, 0, 1, 0, 0
NOTE, 106, 1, 4, 0, 0, 1, 1
NOTE, 106, 3, 8, 1, 0, 0, 1
NOTE, 106, 1, 2, 0, 1, 1, 0
NOTE, 106, 5, 8, 1, 1, 0, 0
NOTE, 106, 3, 4, 0, 0, 1, 1
NOTE, 106, 13, 16, 0, 1, 0, 0
NOTE, 106, 7, 8, 0, 0, 1, 0
NOTE, 106, 15, 16, 0, 0, 0, 1
NOTE, 107, 0, 1, 1, 1, 0, 0
NOTE, 107, 1, 16, 0, 0, 1, 0
NOTE, 107, 1, 8, 0, 1, 0, 0
NOTE, 107, 3, 16, 1, 0, 0, 0
NOTE, 107, 1, 4, 0, 0, 1, 1
NOTE, 107, 3, 8, 0, 1, 1, 0
NOTE, 107, 1, 2, 1, 0, 0, 1
NOTE, 107, 9, 16, 0, 0, 1, 0
NOTE, 107, 5, 8, 0, 1, 0, 0
NOTE, 107, 11, 16, 1, 0, 0, 0
NOTE, 107, 3, 4, 0, 0, 1, 1
NOTE, 107, 13, 16, 0, 1, 0, 0
NOTE, 107, 7, 8, 0, 0, 0, 1
NOTE, 107, 15, 16, 0, 0, 1, 0
NOTE, 108, 0, 1, 1, 1, 0, 0
NOTE, 108, 1, 16, 0, 0, 1, 0
NOTE, 108, 1, 8, 0, 0, 0, 1
NOTE, 108, 3, 16, 1, 0, 0, 0
NOTE, 108, 1, 4, 0, 1, 1, 0
NOTE, 108, 5, 16, 0, 0, 0, 1
NOTE, 108, 3, 8, 0, 1, 0, 0
NOTE, 108, 7, 16, 0, 0, 1, 0
NOTE, 108, 1, 2, 1, 0, 0, 1
NOTE, 108, 9, 16, 0, 0, 1, 0
NOTE, 108, 5, 8, 0, 1, 0, 0
NOTE, 108, 11, 16, 1, 0, 0, 0
NOTE, 108, 3, 4, 0, 0, 1, 1
NOTE, 108, 13, 16, 0, 1, 0, 0
NOTE, 108, 7, 8, 1, 0, 0, 0
NOTE, 108, 15, 16, 0, 1, 0, 0
SPEED, 109, 0, 1, 1
NOTE, 109, 0, 1, 0, 0, 1, 1
NOTE, 109, 1, 8, 1, 0, 0, 1
NOTE, 109, 3, 16, 0, 1, 1, 0
NOTE, 109, 1, 4, 1, 0, 0, 1
NOTE, 109, 3, 8, 1, 1, 0, 0
NOTE, 109, 1, 2, 1, 1, 0, 0
NOTE, 109, 5, 8, 0, 1, 1, 0
NOTE, 109, 3, 4, 0, 0, 1, 1
NOTE, 109, 7, 8, 1, 0, 0, 1
NOTE, 110, 0, 1, 1, 1, 0, 0
NOTE, 110, 1, 16, 0, 0, 1, 1
NOTE, 110, 1, 8, 1, 1, 0, 0
NOTE, 110, 1, 4, 0, 0, 1, 1
NOTE, 110, 5, 16, 1, 1, 0, 0
NOTE, 110, 3, 8, 0, 0, 1, 1
NOTE, 110, 1, 2, 0, 1, 0, 1
SPEED, 110, 3, 4, 1
NOTE, 110, 3, 4, 1, 0, 0, 1
NOTE, 110, 13, 16, 0, 1, 0, 0
NOTE, 110, 7, 8, 0, 0, 1, 0
NOTE, 110, 15, 16, 0, 1, 0, 0
NOTE, 111, 0, 1, 1, 0, 0, 1
NOTE, 111, 1, 16, 0, 0, 1, 0
NOTE, 111, 1, 8, 0, 1, 0, 0
NOTE, 111, 3, 16, 1, 0, 0, 0
NOTE, 111, 1, 4, 0, 0, 1, 1
NOTE, 111, 3, 8, 0, 1, 1, 0
NOTE, 111, 1, 2, 1, 0, 0, 1
NOTE, 111, 5, 8, 1, 1, 0, 0
NOTE, 111, 3, 4, 0, 0, 1, 1
NOTE, 111, 7, 8, 0, 1, 1, 0
NOTE, 112, 0, 1, 1, 0, 0, 1
NOTE, 112, 1, 16, 0, 0, 1, 0
NOTE, 112, 1, 8, 0, 1, 0, 0
NOTE, 112, 3, 16, 1, 0, 0, 0
NOTE, 112, 1, 4, 0, 1, 0, 1
NOTE, 112, 5, 16, 0, 0, 1, 0
NOTE, 112, 3, 8, 1, 0, 0, 0
NOTE, 112, 7, 16, 0, 1, 0, 0
NOTE, 112, 1, 2, 0, 0, 1, 1
NOTE, 112, 9, 16, 0, 1, 0, 0
NOTE, 112, 5, 8, 1, 0, 0, 0
NOTE, 112, 11, 16, 0, 0, 1, 0
NOTE, 112, 3, 4, 0, 1, 0, 1
NOTE, 112, 7, 8, 1, 0, 0, 1
NOTE, 113, 0, 1, 0, 1, 1, 0
NOTE, 113, 1, 8, 0, 0, 1, 1
SPEED, 113, 1, 4, 1
NOTE, 113, 1, 4, 1, 1, 0, 0
NOTE, 113, 5, 16, 0, 0, 1, 1
NOTE, 113, 3, 8, 1, 1, 0, 0
NOTE, 113, 7, 16, 0, 0, 1, 1
NOTE, 113, 1, 2, 1, 1, 0, 0
NOTE, 113, 5, 8, 1, 0, 1, 1
NOTE, 113, 7, 8, 1, 1, 0, 1
NOTE, 114, 0, 1, 1, 1, 0, 1
NOTE, 114, 1, 8, 0, 0, 1, 0
NOTE, 114, 1, 4, 1, 0, 1, 1
NOTE, 114, 3, 8, 1, 0, 1, 1
NOTE, 114, 5, 8, 1, 1, 1, 0
NOTE, 114, 3, 4, 1, 1, 1, 0
NOTE, 114, 7, 8, 0, 0, 0, 1
SPEED, 115, 0, 1, 1
NOTE, 115, 0, 1, 1, 1, 0, 0
NOTE, 115, 1, 16, 0, 0, 1, 0
NOTE, 115, 1, 8, 1, 0, 0, 0
NOTE, 115, 3, 16, 0, 0, 0, 1
NOTE, 115, 1, 4, 0, 1, 1, 0
NOTE, 115, 5, 16, 1, 0, 0, 0
NOTE, 115, 3, 8, 0, 0, 0, 1
NOTE, 115, 7, 16, 0, 0, 1, 0
NOTE, 115, 1, 2, 1, 1, 0, 0
NOTE, 115, 9, 16, 0, 0, 1, 0
NOTE, 115, 5, 8, 1, 0, 0, 0
NOTE, 115, 11, 16, 0, 1, 0, 0
SPEED, 115, 3, 4, 1
NOTE, 115, 3, 4, 0, 0, 1, 1
NOTE, 115, 7, 8, 0, 0, 1, 1
NOTE, 116, 0, 1, 1, 1, 0, 0
NOTE, 116, 1, 16, 0, 0, 1, 1
NOTE, 116, 1, 8, 1, 1, 0, 0
NOTE, 116, 1, 4, 1, 0, 0, 1
NOTE, 116, 5, 16, 0, 1, 1, 0
NOTE, 116, 3, 8, 1, 0, 0, 1
SPEED, 116, 1, 2, 1
NOTE, 116, 1, 2, 0, 0, 1, 1
NOTE, 116, 9, 16, 0, 1, 0, 0
NOTE, 116, 5, 8, 0, 0, 1, 0
NOTE, 116, 11, 16, 1, 0, 0, 0
NOTE, 116, 3, 4, 0, 1, 0, 1
NOTE, 116, 13, 16, 0, 0, 1, 0
NOTE, 116, 7, 8, 1, 1, 0, 0
NOTE, 117, 0, 1, 0, 0, 1, 1
NOTE, 117, 1, 8, 0, 1, 0, 1
NOTE, 117, 1, 4, 1, 1, 0, 0
NOTE, 117, 5, 16, 0, 0, 0, 1
NOTE, 117, 3, 8, 1, 0, 0, 0
NOTE, 117, 7, 16, 0, 0, 1, 0
NOTE, 117, 1, 2, 0, 1, 0, 1
NOTE, 117, 9, 16, 0, 0, 1, 0
NOTE, 117, 5, 8, 1, 0, 0, 0
NOTE, 117, 11, 16, 0, 0, 0, 1
NOTE, 117, 3, 4, 0, 1, 1, 0
NOTE, 117, 13, 16, 1, 0, 0, 0
NOTE, 117, 7, 8, 0, 1, 0, 0
NOTE, 117, 15, 16, 0, 0, 1, 0
NOTE, 118, 0, 1, 1, 0, 0, 1
NOTE, 118, 1, 12, 0, 1, 0, 0
NOTE, 118, 1, 6, 0, 0, 0, 1
NOTE, 118, 1, 4, 0, 1, 1, 0
NOTE, 118, 1, 3, 1, 0, 0, 0
NOTE, 118, 5, 12, 0, 0, 1, 0
NOTE, 118, 1, 2, 1, 1, 0, 0
NOTE, 118, 7, 12, 0, 0, 0, 1
NOTE, 118, 2, 3, 0, 1, 0, 0
NOTE, 118, 3, 4, 1, 0, 0, 1
NOTE, 118, 5, 6, 0, 0, 1, 0
NOTE, 118, 11, 12, 1, 0, 0, 0
NOTE, 119, 0, 1, 0, 1, 1, 0
NOTE, 119, 1, 12, 0, 0, 0, 1
NOTE, 119, 1, 6, 0, 1, 0, 0
NOTE, 119, 1, 4, 0, 0, 1, 1
NOTE, 119, 1, 3, 1, 0, 0, 0
NOTE, 119, 5, 12, 0, 0, 1, 0
SPEED, 119, 1, 2, 1
NOTE, 119, 1, 2, 0, 1, 0, 1
NOTE, 119, 5, 8, 0, 1, 0, 1
NOTE, 119, 3, 4, 1, 0, 1, 0
NOTE, 119, 7, 8, 1, 1, 0, 0
NOTE, 120, 0, 1, 0, 0, 1, 1
NOTE, 120, 1, 8, 0, 1, 0, 1
NOTE, 120, 1, 4, 1, 0, 1, 0
NOTE, 120, 3, 8, 1, 0, 1, 0
NOTE, 120, 1, 2, 0, 1, 0, 1
NOTE, 120, 5, 8, 1, 0, 1, 0
NOTE, 120, 3, 4, 0, 0, 1, 1
NOTE, 120, 7, 8, 1, 1, 0, 0
SPEED, 121, 0, 1, 1
NOTE, 121, 0, 1, 1, 0, 1, 0
NOTE, 121, 1, 16, 0, 1, 0, 0
NOTE, 121, 1, 8, 0, 0, 1, 1
NOTE, 121, 3, 16, 1, 0, 0, 0
NOTE, 121, 1, 4, 0, 1, 0, 1
NOTE, 121, 5, 16, 0, 0, 1, 0
NOTE, 121, 3, 8, 1, 1, 0, 0
NOTE, 121, 7, 16, 0, 0, 1, 0
NOTE, 121, 1, 2, 1, 1, 0, 0
NOTE, 121, 9, 16, 0, 0, 1, 1
NOTE, 121, 5, 8, 1, 1, 0, 0
NOTE, 121, 11, 16, 0, 0, 1, 1
NOTE, 121, 3, 4, 1, 1, 0, 0
NOTE, 122, 0, 1, 1, 1, 0, 0
NOTE, 122, 1, 4, 0, 1, 1, 0
NOTE, 122, 1, 2, 1, 0, 1, 1
NOTE, 122, 5, 8, 1, 0, 1, 1
NOTE, 122, 3, 4, 0, 0, 1, 0
NOTE, 122, 7, 8, 1, 1, 0, 1
NOTE, 123, 0, 1, 1, 1, 0, 1
NOTE, 123, 1, 8, 1, 0, 0, 0
NOTE, 123, 1, 4, 0, 1, 1, 1
NOTE, 123, 3, 8, 0, 0, 1, 0
NOTE, 123, 1, 2, 1, 1, 0, 0
NOTE, 123, 9, 16, 0, 0, 1, 1
NOTE, 123, 5, 8, 1, 1, 0, 0
NOTE, 123, 3, 4, 1, 0, 1, 1
NOTE, 123, 7, 8, 0, 0, 1, 0
NOTE, 124, 0, 1, 1, 1, 0, 1
NOTE, 124, 1, 8, 1, 1, 0, 1
NOTE, 124, 1, 4, 1, 0, 0, 0
NOTE, 124, 3, 8, 0, 1, 1, 1
NOTE, 124, 1, 2, 0, 1, 1, 1
NOTE, 124, 5, 8, 0, 0, 1, 0
NOTE, 124, 3, 4, 1, 1, 0, 1
NOTE, 124, 7, 8, 0, 1, 0, 0
NOTE, 125, 0, 1, 0, 0, 1, 1
NOTE, 125, 1, 16, 1, 1, 0, 0
NOTE, 125, 1, 8, 0, 0, 1, 1
NOTE, 125, 1, 4, 1, 1, 0, 1
NOTE, 125, 3, 8, 1, 0, 0, 0
NOTE, 125, 1, 2, 0, 1, 1, 1
NOTE, 125, 5, 8, 0, 1, 1, 1
NOTE, 125, 3, 4, 0, 0, 1, 0
NOTE, 125, 7, 8, 1, 1, 0, 1
NOTE, 126, 0, 1, 1, 1, 0, 1
NOTE, 126, 1, 8, 0, 1, 0, 0
NOTE, 126, 1, 4, 1, 0, 1, 1
NOTE, 126, 3, 8, 0, 0, 0, 1
NOTE, 126, 1, 2, 1, 1, 0, 0
NOTE, 126, 9, 16, 0, 0, 1, 1
NOTE, 126, 5, 8, 1, 1, 0, 0
NOTE, 126, 3, 4, 1, 0, 1, 1
NOTE, 126, 7, 8, 0, 0, 1, 0
NOTE, 127, 0, 1, 1, 1, 0, 1
NOTE, 127, 1, 8, 1, 1, 0, 1
NOTE, 127, 1, 4, 0, 1, 0, 0
NOTE, 127, 3, 8, 1, 0, 1, 1
NOTE, 127, 1, 2, 1, 0, 1, 1
NOTE, 127, 5, 8, 0, 1, 0, 0
NOTE, 127, 3, 4, 0, 0, 1, 1
NOTE, 127, 7, 8, 1, 1, 0, 0
NOTE, 128, 0, 1, 0, 0, 1, 1
NOTE, 128, 1, 16, 1, 1, 0, 0
NOTE, 128, 1, 8, 0, 0, 1, 1
NOTE, 128, 1, 4, 1, 1, 0, 0
NOTE, 128, 5, 16, 0, 0, 1, 1
NOTE, 128, 3, 8, 1, 1, 0, 0
NOTE, 128, 7, 16, 0, 0, 1, 1
SPEED, 128, 1, 2, 1
NOTE, 128, 1, 2, 1, 1, 0, 0
NOTE, 128, 9, 16, 0, 0, 0, 1
NOTE, 128, 5, 8, 0, 0, 1, 0
NOTE, 128, 11, 16, 0, 1, 0, 0
NOTE, 128, 3, 4, 1, 0, 0, 1
NOTE, 128, 13, 16, 0, 1, 0, 0
NOTE, 128, 7, 8, 0, 0, 1, 0
NOTE, 128, 15, 16, 0, 0, 0, 1
NOTE, 129, 0, 1, 1, 1, 0, 0
NOTE, 129, 1, 16, 0, 0, 1, 0
NOTE, 129, 1, 8, 0, 1, 0, 0
NOTE, 129, 3, 16, 1, 0, 0, 0
NOTE, 129, 1, 4, 0, 0, 1, 1
NOTE, 129, 3, 8, 1, 0, 0, 1
NOTE, 129, 1, 2, 0, 1, 1, 0
NOTE, 129, 5, 8, 1, 0, 0, 1
NOTE, 129, 3, 4, 1, 1, 0, 0
NOTE, 129, 13, 16, 0, 0, 1, 0
NOTE, 129, 7, 8, 0, 0, 0, 1
NOTE, 129, 15, 16, 1, 0, 0, 0
NOTE, 130, 0, 1, 0, 1, 1, 0
NOTE, 130, 1, 16, 0, 0, 0, 1
NOTE, 130, 1, 8, 1, 0, 0, 0
NOTE, 130, 3, 16, 0, 1, 0, 0
NOTE, 130, 1, 4, 0, 0, 1, 1
NOTE, 130, 5, 16, 0, 1, 0, 0
NOTE, 130, 3, 8, 1, 0, 0, 0
NOTE, 130, 7, 16, 0, 0, 0, 1
NOTE, 130, 1, 2, 1, 0, 1, 0
NOTE, 130, 9, 16, 0, 1, 0, 0
NOTE, 130, 5, 8, 0, 0, 0, 1
NOTE, 130, 11, 16, 0, 0, 1, 0
NOTE, 130, 3, 4, 1, 1, 0, 0
NOTE, 130, 7, 8, 0, 1, 0, 1
NOTE, 131, 0, 1, 1, 0, 0, 1
NOTE, 131, 1, 8, 1, 0, 1, 0
NOTE, 131, 3, 16, 0, 1, 0, 0
NOTE, 131, 1, 4, 0, 0, 1, 1
NOTE, 131, 5, 16, 0, 1, 0, 0
NOTE, 131, 3, 8, 0, 0, 0, 1
NOTE, 131, 7, 16, 0, 0, 1, 0
SPEED, 131, 1, 2, 1
NOTE, 131, 1, 2, 1, 1, 0, 0
NOTE, 131, 5, 8, 1, 1, 0, 0
NOTE, 131, 3, 4, 0, 0, 1, 1
NOTE, 131, 7, 8, 0, 0, 1, 1
NOTE, 132, 0, 1, 1, 1, 0, 0
NOTE, 132, 1, 8, 1, 1, 0, 0
NOTE, 132, 1, 4, 0, 0, 1, 1
NOTE, 132, 3, 8, 0, 0, 1, 1
NOTE, 132, 1, 2, 1, 1, 0, 0
NOTE, 132, 5, 8, 0, 0, 1, 1
NOTE, 132, 3, 4, 1, 1, 0, 0
NOTE, 132, 7, 8, 0, 0, 1, 1
NOTE, 133, 0, 1, 1, 1, 0, 0
NOTE, 133, 1, 16, 0, 0, 1, 1
NOTE, 133, 1, 8, 1, 1, 0, 0
NOTE, 133, 3, 16, 0, 0, 1, 1
NOTE, 133, 1, 4, 1, 1, 0, 0
NOTE, 133, 5, 16, 0, 0, 1, 1
NOTE, 133, 3, 8, 1, 1, 0, 0
NOTE, 133, 7, 16, 0, 0, 1, 1
NOTE, 133, 1, 2, 1, 1, 0, 0
NOTE, 133, 9, 16, 0, 0, 1, 1
NOTE, 133, 5, 8, 1, 1, 0, 0
NOTE, 133, 11, 16, 0, 0, 1, 0
NOTE, 133, 3, 4, 1, 0, 0, 1
NOTE, 133, 13, 16, 0, 1, 0, 0
NOTE, 133, 7, 8, 0, 0, 1, 1
NOTE, 133, 15, 16, 0, 1, 0, 0
NOTE, 134, 0, 1, 1, 0, 1, 0
NOTE, 134, 1, 16, 0, 1, 0, 0
NOTE, 134, 1, 8, 1, 0, 0, 1
NOTE, 134, 3, 16, 0, 0, 1, 0
NOTE, 134, 1, 4, 0, 1, 0, 1
NOTE, 134, 5, 16, 0, 0, 1, 0
NOTE, 134, 3, 8, 0, 1, 0, 0
SPEED, 134, 1, 2, 1
NOTE, 134, 1, 2, 1, 0, 0, 1
NOTE, 134, 5, 8, 0, 1, 0, 0
NOTE, 134, 3, 4, 0, 0, 1, 0
NOTE, 134, 7, 8, 1, 0, 0, 0
NOTE, 135, 0, 1, 0, 1, 0, 0
NOTE, 135, 1, 8, 0, 0, 1, 0
NOTE, 135, 1, 4, 0, 0, 0, 1
NOTE, 135, 3, 8, 0, 0, 1, 0
NOTE, 135, 1, 2, 0, 1, 0, 0
NOTE, 135, 5, 8, 0, 0, 0, 1
NOTE, 135, 3, 4, 0, 0, 1, 0
NOTE, 135, 7, 8, 0, 1, 0, 0
NOTE, 136, 0, 1, 1, 0, 0, 0
NOTE, 136, 1, 8, 0, 1, 0, 0
NOTE, 136, 1, 4, 0, 0, 1, 0
NOTE, 136, 3, 8, 1, 0, 0, 0
NOTE, 136, 1, 2, 0, 1, 0, 0
NOTE, 136, 5, 8, 0, 0, 1, 0
NOTE, 136, 3, 4, 0, 0, 0, 1
NOTE, 136, 7, 8, 0, 0, 1, 0
NOTE, 137, 0, 1, 0, 1, 0, 0
NOTE, 137, 1, 8, 0, 0, 0, 1
NOTE, 137, 1, 4, 0, 0, 1, 0
NOTE, 137, 3, 8, 0, 1, 0, 0
NOTE, 137, 1, 2, 1, 0, 0, 0
NOTE, 137, 5, 8, 0, 1, 0, 0
NOTE, 137, 3, 4, 0, 0, 1, 0
NOTE, 137, 7, 8, 1, 0, 0, 0
NOTE, 138, 0, 1, 0, 1, 0, 0
NOTE, 138, 1, 8, 0, 0, 1, 0
NOTE, 138, 1, 4, 0, 0, 0, 1
NOTE, 138, 3, 8, 0, 0, 1, 0
NOTE, 138, 1, 2, 0, 1, 0, 0
NOTE, 138, 5, 8, 0, 0, 0, 1
NOTE, 138, 3, 4, 0, 0, 1, 0
NOTE, 138, 7, 8, 0, 1, 0, 0
NOTE, 139, 0, 1, 1, 0, 0, 0
NOTE, 139, 1, 8, 0, 1, 0, 0
NOTE, 139, 1, 4, 0, 0, 1, 0
NOTE, 139, 3, 8, 1, 0, 0, 0
NOTE, 139, 1, 2, 0, 1, 0, 0
NOTE, 139, 5, 8, 0, 0, 1, 0
NOTE, 139, 3, 4, 0, 0, 0, 1
NOTE, 139, 7, 8, 0, 0, 1, 0
NOTE, 140, 0, 1, 0, 1, 0, 0
NOTE, 140, 1, 8, 0, 0, 0, 1
NOTE, 140, 1, 4, 0, 0, 1, 0
NOTE, 140, 3, 8, 0, 1, 0, 0
