BPM, 174.00
OFFSET, -0.605
KeyMode: 4
SPEED, 1.00
SPEED, 27, 0, 1, 1.00
SPEED, 46, 5, 8, 1.00
SPEED, 65, 0, 1, 1.00
SPEED, 80, 0, 1, 1.00
SPEED, 88, 0, 1, 0.96
SPEED, 88, 1, 4, 0.92
SPEED, 88, 1, 2, 0.88
SPEED, 88, 3, 4, 0.84
SPEED, 89, 0, 1, 0.80
SPEED, 96, 5, 8, 0.90
SPEED, 101, 0, 1, 0.95
SPEED, 102, 0, 1, 1.00
SPEED, 103, 0, 1, 1.05
SPEED, 104, 0, 1, 2.00
SPEED, 104, 1, 2, 1.50
SPEED, 105, 0, 1, 1.00
SPEED, 109, 0, 1, 1.00
SPEED, 111, 29, 32, 3.50
SPEED, 111, 31, 32, 1.50
SPEED, 112, 1, 32, 1.00
SPEED, 128, 25, 32, 5.00
NOTE, 1, 0, 1, 0, 0, 0, 1
NOTE, 1, 1, 4, 1, 0, 0, 0
NOTE, 1, 1, 2, 0, 0, 0, 2
NOTE, 1, 7, 8, 0, 0, 0, 3
NOTE, 2, 0, 1, 0, 0, 1, 0
NOTE, 2, 1, 4, 0, 1, 0, 0
NOTE, 2, 1, 2, 2, 0, 0, 0
NOTE, 2, 7, 8, 3, 0, 0, 0
NOTE, 3, 0, 1, 0, 0, 1, 0
NOTE, 3, 1, 8, 0, 1, 0, 0
NOTE, 3, 1, 4, 0, 0, 1, 1
NOTE, 3, 1, 2, 0, 1, 0, 0
NOTE, 3, 5, 8, 0, 0, 1, 0
NOTE, 3, 3, 4, 1, 0, 0, 1
NOTE, 4, 0, 1, 0, 0, 0, 1
NOTE, 4, 1, 8, 0, 0, 1, 0
NOTE, 4, 3, 16, 0, 1, 0, 0
NOTE, 4, 3, 8, 0, 0, 0, 1
NOTE, 4, 1, 2, 0, 1, 0, 0
NOTE, 4, 5, 8, 0, 0, 1, 0
NOTE, 4, 3, 4, 1, 0, 0, 0
NOTE, 5, 0, 1, 0, 0, 0, 1
NOTE, 5, 1, 8, 0, 1, 0, 0
NOTE, 5, 1, 4, 0, 0, 0, 1
NOTE, 5, 3, 8, 0, 1, 0, 0
NOTE, 5, 1, 2, 1, 0, 0, 2
NOTE, 5, 5, 8, 0, 0, 1, 0
NOTE, 5, 11, 16, 0, 1, 0, 0
NOTE, 5, 3, 4, 1, 0, 0, 0
NOTE, 5, 7, 8, 0, 0, 1, 3
NOTE, 6, 0, 1, 0, 0, 0, 1
NOTE, 6, 1, 8, 1, 0, 0, 0
NOTE, 6, 1, 4, 0, 0, 0, 1
NOTE, 6, 3, 8, 1, 0, 0, 0
NOTE, 6, 1, 2, 0, 2, 1, 0
NOTE, 6, 5, 8, 0, 0, 0, 1
NOTE, 6, 11, 16, 0, 0, 1, 0
NOTE, 6, 3, 4, 1, 0, 0, 0
NOTE, 6, 7, 8, 0, 3, 0, 1
NOTE, 7, 0, 1, 1, 0, 0, 0
NOTE, 7, 1, 8, 0, 1, 0, 0
NOTE, 7, 1, 4, 0, 0, 1, 1
NOTE, 7, 3, 8, 0, 1, 0, 0
NOTE, 7, 1, 2, 1, 0, 0, 0
NOTE, 7, 5, 8, 0, 0, 1, 0
NOTE, 7, 3, 4, 0, 1, 0, 1
NOTE, 7, 7, 8, 1, 0, 0, 0
NOTE, 8, 0, 1, 0, 0, 1, 1
NOTE, 8, 1, 4, 0, 1, 1, 0
NOTE, 8, 1, 2, 1, 1, 0, 0
NOTE, 9, 0, 1, 0, 0, 1, 1
NOTE, 9, 1, 8, 1, 0, 0, 0
NOTE, 9, 1, 4, 0, 0, 1, 1
NOTE, 9, 3, 8, 0, 1, 0, 0
NOTE, 9, 1, 2, 1, 0, 0, 1
NOTE, 9, 5, 8, 0, 0, 1, 0
NOTE, 9, 11, 16, 0, 1, 0, 0
NOTE, 9, 3, 4, 1, 0, 0, 1
NOTE, 9, 7, 8, 0, 0, 1, 0
NOTE, 10, 0, 1, 1, 1, 0, 0
NOTE, 10, 1, 8, 0, 0, 0, 1
NOTE, 10, 1, 4, 1, 1, 0, 0
NOTE, 10, 3, 8, 0, 0, 1, 0
NOTE, 10, 1, 2, 1, 0, 0, 1
NOTE, 10, 5, 8, 0, 1, 0, 0
NOTE, 10, 11, 16, 0, 0, 1, 0
NOTE, 10, 3, 4, 1, 1, 0, 0
NOTE, 10, 7, 8, 0, 0, 1, 1
NOTE, 11, 0, 1, 0, 1, 0, 0
NOTE, 11, 1, 8, 1, 0, 0, 1
NOTE, 11, 1, 4, 0, 2, 1, 0
NOTE, 11, 3, 8, 0, 0, 0, 1
NOTE, 11, 1, 2, 1, 3, 2, 0
NOTE, 11, 5, 8, 0, 0, 0, 1
NOTE, 11, 2, 3, 0, 1, 0, 0
NOTE, 11, 11, 16, 0, 0, 3, 0
NOTE, 11, 3, 4, 1, 0, 0, 1
NOTE, 11, 7, 8, 0, 1, 0, 0
NOTE, 12, 0, 1, 0, 0, 1, 1
NOTE, 12, 1, 8, 1, 0, 0, 0
NOTE, 12, 1, 4, 0, 1, 1, 0
NOTE, 12, 3, 8, 1, 0, 0, 0
NOTE, 12, 1, 2, 0, 0, 1, 2
NOTE, 12, 11, 16, 0, 0, 0, 3
NOTE, 12, 3, 4, 2, 1, 0, 0
NOTE, 12, 15, 16, 3, 0, 0, 0
NOTE, 13, 0, 1, 0, 0, 1, 1
NOTE, 13, 1, 8, 0, 1, 0, 0
NOTE, 13, 1, 4, 1, 0, 0, 1
NOTE, 13, 3, 8, 0, 1, 1, 0
NOTE, 13, 1, 2, 1, 0, 0, 0
NOTE, 13, 9, 16, 0, 1, 0, 0
NOTE, 13, 11, 16, 1, 0, 0, 1
NOTE, 13, 3, 4, 0, 0, 1, 0
NOTE, 13, 7, 8, 1, 1, 0, 0
NOTE, 14, 0, 1, 0, 0, 1, 1
NOTE, 14, 1, 8, 1, 0, 0, 0
NOTE, 14, 1, 4, 0, 0, 1, 1
NOTE, 14, 3, 8, 0, 1, 0, 0
NOTE, 14, 1, 2, 1, 0, 0, 1
NOTE, 14, 9, 16, 0, 1, 0, 0
NOTE, 14, 11, 16, 0, 0, 0, 1
NOTE, 14, 3, 4, 0, 1, 1, 0
NOTE, 14, 7, 8, 1, 0, 0, 1
NOTE, 15, 0, 1, 1, 1, 0, 0
NOTE, 15, 1, 8, 0, 0, 1, 0
NOTE, 15, 1, 4, 1, 1, 0, 0
NOTE, 15, 3, 8, 0, 0, 0, 1
NOTE, 15, 1, 2, 0, 1, 1, 0
NOTE, 15, 5, 8, 0, 0, 0, 1
NOTE, 15, 3, 4, 0, 1, 1, 0
NOTE, 15, 7, 8, 1, 0, 0, 0
NOTE, 16, 0, 1, 0, 0, 1, 1
NOTE, 16, 1, 8, 0, 1, 0, 0
NOTE, 16, 1, 4, 1, 0, 0, 0
NOTE, 16, 3, 8, 0, 1, 0, 0
NOTE, 16, 1, 2, 1, 0, 0, 1
NOTE, 16, 3, 4, 0, 0, 2, 0
NOTE, 17, 0, 1, 1, 1, 3, 0
NOTE, 17, 1, 8, 0, 0, 1, 0
NOTE, 17, 1, 4, 1, 1, 0, 0
NOTE, 17, 3, 8, 0, 0, 1, 0
NOTE, 17, 1, 2, 0, 0, 1, 1
NOTE, 17, 5, 8, 0, 1, 0, 0
NOTE, 17, 3, 4, 0, 0, 1, 1
NOTE, 17, 7, 8, 0, 1, 0, 0
NOTE, 18, 0, 1, 1, 0, 1, 0
NOTE, 18, 1, 8, 0, 1, 0, 0
NOTE, 18, 1, 4, 1, 0, 1, 0
NOTE, 18, 3, 8, 0, 0, 0, 1
NOTE, 18, 1, 2, 0, 1, 0, 1
NOTE, 18, 5, 8, 0, 0, 1, 0
NOTE, 18, 3, 4, 0, 1, 0, 1
NOTE, 18, 7, 8, 1, 0, 0, 0
NOTE, 19, 0, 1, 1, 0, 1, 0
NOTE, 19, 1, 8, 1, 0, 0, 0
NOTE, 19, 1, 4, 0, 1, 0, 1
NOTE, 19, 3, 8, 0, 1, 0, 0
NOTE, 19, 1, 2, 0, 0, 1, 1
NOTE, 19, 5, 8, 0, 0, 1, 0
NOTE, 19, 3, 4, 1, 0, 0, 1
NOTE, 19, 13, 16, 0, 0, 1, 0
NOTE, 19, 7, 8, 0, 1, 0, 0
NOTE, 20, 0, 1, 1, 0, 1, 1
NOTE, 20, 1, 8, 0, 0, 1, 1
NOTE, 20, 1, 4, 1, 1, 1, 0
NOTE, 20, 3, 8, 0, 1, 1, 0
NOTE, 20, 1, 2, 1, 1, 0, 1
NOTE, 20, 3, 4, 0, 2, 2, 0
NOTE, 20, 15, 16, 0, 3, 3, 0
NOTE, 21, 0, 1, 0, 0, 1, 1
NOTE, 21, 1, 8, 0, 1, 0, 0
NOTE, 21, 1, 4, 1, 1, 0, 0
NOTE, 21, 3, 8, 0, 0, 1, 0
NOTE, 21, 1, 2, 0, 1, 0, 1
NOTE, 21, 5, 8, 1, 0, 0, 0
NOTE, 21, 3, 4, 1, 0, 1, 0
NOTE, 21, 7, 8, 0, 0, 0, 1
NOTE, 22, 0, 1, 0, 1, 1, 0
NOTE, 22, 1, 8, 1, 0, 0, 0
NOTE, 22, 1, 4, 0, 1, 1, 0
NOTE, 22, 3, 8, 0, 0, 0, 1
NOTE, 22, 1, 2, 0, 0, 1, 1
NOTE, 22, 5, 8, 0, 1, 0, 0
NOTE, 22, 3, 4, 1, 1, 0, 0
NOTE, 22, 7, 8, 0, 0, 1, 0
NOTE, 23, 0, 1, 0, 1, 0, 1
NOTE, 23, 1, 4, 1, 0, 0, 0
NOTE, 23, 7, 16, 0, 1, 0, 0
NOTE, 23, 1, 2, 0, 0, 0, 1
NOTE, 23, 5, 8, 0, 0, 1, 0
NOTE, 23, 3, 4, 0, 1, 0, 0
NOTE, 23, 7, 8, 0, 0, 1, 0
NOTE, 24, 0, 1, 1, 0, 0, 1
NOTE, 24, 1, 8, 0, 0, 1, 0
NOTE, 24, 3, 16, 0, 1, 0, 0
NOTE, 24, 1, 4, 1, 0, 0, 1
NOTE, 24, 3, 8, 0, 1, 1, 0
NOTE, 24, 7, 16, 0, 0, 0, 1
NOTE, 24, 1, 2, 1, 0, 1, 0
NOTE, 24, 5, 8, 0, 1, 0, 1
NOTE, 24, 3, 4, 0, 1, 1, 0
NOTE, 24, 7, 8, 0, 0, 1, 1
NOTE, 25, 0, 1, 0, 1, 1, 0
NOTE, 25, 1, 8, 1, 0, 0, 0
NOTE, 25, 1, 4, 0, 1, 1, 0
NOTE, 25, 3, 8, 1, 0, 0, 0
NOTE, 25, 1, 2, 1, 1, 0, 0
NOTE, 25, 5, 8, 1, 0, 1, 0
NOTE, 25, 3, 4, 0, 1, 0, 1
NOTE, 25, 7, 8, 0, 0, 1, 1
NOTE, 26, 0, 1, 2, 0, 0, 2
NOTE, 26, 3, 16, 3, 0, 0, 3
NOTE, 27, 0, 1, 2, 1, 0, 1
NOTE, 27, 1, 8, 0, 0, 1, 0
NOTE, 27, 3, 16, 3, 0, 0, 0
NOTE, 27, 1, 4, 1, 0, 1, 2
NOTE, 27, 3, 8, 0, 1, 0, 0
NOTE, 27, 7, 16, 0, 0, 0, 3
NOTE, 27, 1, 2, 0, 0, 1, 1
NOTE, 27, 5, 8, 0, 1, 1, 0
NOTE, 27, 3, 4, 1, 1, 0, 0
NOTE, 27, 7, 8, 0, 1, 2, 1
NOTE, 28, 0, 1, 1, 0, 0, 0
NOTE, 28, 1, 16, 0, 0, 3, 0
NOTE, 28, 1, 8, 1, 2, 0, 1
NOTE, 28, 1, 4, 0, 0, 1, 0
NOTE, 28, 5, 16, 0, 3, 0, 0
NOTE, 28, 3, 8, 0, 1, 1, 0
NOTE, 28, 1, 2, 0, 1, 1, 2
NOTE, 28, 5, 8, 1, 0, 0, 0
NOTE, 28, 11, 16, 0, 0, 0, 3
NOTE, 28, 3, 4, 2, 1, 1, 0
NOTE, 28, 7, 8, 0, 0, 0, 1
NOTE, 28, 15, 16, 3, 0, 0, 0
NOTE, 29, 0, 1, 0, 2, 1, 1
NOTE, 29, 1, 8, 1, 0, 0, 0
NOTE, 29, 3, 16, 0, 3, 0, 0
NOTE, 29, 1, 4, 1, 1, 2, 0
NOTE, 29, 3, 8, 0, 0, 0, 1
NOTE, 29, 7, 16, 0, 0, 3, 0
NOTE, 29, 1, 2, 0, 1, 0, 1
NOTE, 29, 5, 8, 0, 1, 1, 0
NOTE, 29, 3, 4, 1, 0, 1, 0
NOTE, 29, 7, 8, 0, 1, 0, 0
NOTE, 30, 0, 1, 1, 0, 0, 1
NOTE, 30, 1, 8, 0, 0, 1, 0
NOTE, 30, 1, 4, 1, 1, 0, 0
NOTE, 30, 3, 8, 0, 0, 0, 1
NOTE, 30, 1, 2, 1, 1, 0, 2
NOTE, 30, 5, 8, 0, 0, 1, 0
NOTE, 30, 11, 16, 0, 0, 0, 3
NOTE, 30, 3, 4, 2, 1, 1, 0
NOTE, 30, 7, 8, 0, 0, 0, 1
NOTE, 30, 15, 16, 3, 0, 0, 0
NOTE, 31, 0, 1, 0, 0, 1, 1
NOTE, 31, 1, 8, 0, 1, 1, 0
NOTE, 31, 1, 4, 1, 1, 0, 0
NOTE, 31, 3, 8, 0, 0, 1, 0
NOTE, 31, 1, 2, 0, 1, 0, 0
NOTE, 31, 9, 16, 0, 0, 1, 0
NOTE, 31, 5, 8, 2, 0, 0, 2
NOTE, 31, 13, 16, 3, 0, 0, 3
NOTE, 31, 7, 8, 0, 0, 1, 0
NOTE, 32, 0, 1, 0, 1, 0, 1
NOTE, 32, 1, 8, 0, 1, 1, 0
NOTE, 32, 1, 4, 1, 0, 1, 0
NOTE, 32, 3, 8, 0, 1, 1, 0
NOTE, 32, 1, 2, 0, 0, 1, 0
NOTE, 32, 9, 16, 0, 1, 0, 0
NOTE, 32, 5, 8, 2, 0, 0, 2
NOTE, 32, 13, 16, 3, 0, 0, 3
NOTE, 32, 7, 8, 0, 1, 0, 0
NOTE, 33, 0, 1, 0, 0, 1, 1
NOTE, 33, 1, 8, 0, 1, 0, 1
NOTE, 33, 1, 4, 1, 1, 0, 0
NOTE, 33, 3, 8, 1, 0, 1, 0
NOTE, 33, 1, 2, 0, 0, 1, 1
NOTE, 33, 5, 8, 0, 1, 1, 0
NOTE, 33, 3, 4, 1, 1, 0, 0
NOTE, 33, 7, 8, 2, 0, 1, 2
NOTE, 34, 1, 16, 3, 0, 0, 3
NOTE, 34, 1, 8, 0, 1, 1, 0
NOTE, 34, 1, 4, 1, 0, 0, 1
NOTE, 34, 3, 8, 0, 1, 1, 0
NOTE, 34, 1, 2, 1, 0, 1, 0
NOTE, 34, 5, 8, 0, 1, 1, 0
NOTE, 34, 3, 4, 1, 1, 0, 1
NOTE, 35, 0, 1, 11_4, 0, 0, 2
NOTE, 35, 1, 8, 11_4, 0, 2, 3
NOTE, 35, 1, 4, 11_4, 2, 3, 1
NOTE, 35, 3, 8, 11_4, 3, 0, 2
NOTE, 35, 1, 2, 11_4, 0, 2, 3
NOTE, 35, 5, 8, 11_4, 2, 3, 0
NOTE, 35, 3, 4, 11_4, 3, 0, 2
NOTE, 35, 7, 8, 11_4, 0, 2, 3
NOTE, 36, 0, 1, 11_4, 2, 3, 0
NOTE, 36, 1, 8, 11_4, 3, 0, 2
NOTE, 36, 1, 4, 11_4, 0, 2, 3
NOTE, 36, 3, 8, 11_4, 2, 3, 0
NOTE, 36, 1, 2, 11_3, 3, 0, 2
NOTE, 36, 5, 8, 11_4, 0, 2, 3
NOTE, 36, 3, 4, 11_4, 2, 3, 0
NOTE, 36, 7, 8, 11_4, 3, 0, 0
NOTE, 37, 0, 1, 1, 0, 0, 1
NOTE, 37, 1, 8, 0, 0, 1, 0
NOTE, 37, 1, 4, 2, 1, 0, 0
NOTE, 37, 3, 8, 0, 0, 1, 0
NOTE, 37, 7, 16, 3, 0, 0, 0
NOTE, 37, 1, 2, 0, 2, 0, 1
NOTE, 37, 5, 8, 0, 0, 1, 0
NOTE, 37, 11, 16, 0, 3, 0, 0
NOTE, 37, 3, 4, 1, 0, 0, 2
NOTE, 37, 7, 8, 0, 1, 0, 0
NOTE, 37, 15, 16, 0, 0, 0, 3
NOTE, 38, 0, 1, 1, 0, 2, 1
NOTE, 38, 1, 8, 0, 1, 0, 0
NOTE, 38, 1, 4, 1, 2, 3, 1
NOTE, 38, 3, 8, 0, 0, 1, 0
NOTE, 38, 1, 2, 2, 3, 1, 2
NOTE, 38, 3, 4, 3, 1, 1, 3
NOTE, 39, 0, 1, 0, 0, 1, 1
NOTE, 39, 1, 8, 0, 1, 1, 0
NOTE, 39, 1, 4, 0, 1, 0, 1
NOTE, 39, 3, 8, 1, 0, 1, 0
NOTE, 39, 1, 2, 1, 0, 0, 1
NOTE, 39, 9, 16, 0, 0, 1, 0
NOTE, 39, 5, 8, 1, 2, 0, 0
NOTE, 39, 3, 4, 0, 0, 1, 1
NOTE, 39, 13, 16, 0, 3, 0, 0
NOTE, 39, 7, 8, 1, 0, 0, 1
NOTE, 40, 0, 1, 0, 1, 0, 1
NOTE, 40, 1, 8, 0, 1, 1, 0
NOTE, 40, 1, 4, 1, 0, 1, 0
NOTE, 40, 3, 8, 0, 1, 1, 0
NOTE, 40, 1, 2, 1, 0, 0, 1
NOTE, 40, 9, 16, 0, 1, 0, 0
NOTE, 40, 5, 8, 0, 0, 2, 1
NOTE, 40, 3, 4, 1, 1, 0, 0
NOTE, 40, 13, 16, 0, 0, 3, 0
NOTE, 40, 7, 8, 1, 0, 0, 1
NOTE, 41, 0, 1, 2, 1, 1, 0
NOTE, 41, 1, 8, 0, 0, 0, 1
NOTE, 41, 3, 16, 3, 0, 0, 0
NOTE, 41, 1, 4, 0, 1, 2, 1
NOTE, 41, 3, 8, 1, 0, 0, 0
NOTE, 41, 7, 16, 0, 0, 3, 0
NOTE, 41, 1, 2, 1, 0, 0, 1
NOTE, 41, 5, 8, 0, 0, 1, 0
NOTE, 41, 3, 4, 0, 1, 0, 0
NOTE, 41, 7, 8, 0, 0, 1, 2
NOTE, 42, 1, 8, 0, 1, 0, 3
NOTE, 42, 1, 4, 0, 0, 0, 1
NOTE, 42, 3, 8, 0, 0, 1, 0
NOTE, 42, 1, 2, 1, 0, 0, 0
NOTE, 42, 5, 8, 0, 0, 1, 0
NOTE, 42, 3, 4, 0, 0, 0, 1
NOTE, 42, 7, 8, 2, 0, 0, 0
NOTE, 43, 0, 1, 0, 0, 1, 1
NOTE, 43, 1, 8, 0, 1, 0, 0
NOTE, 43, 1, 4, 0, 0, 1, 1
NOTE, 43, 3, 8, 0, 1, 0, 0
NOTE, 43, 1, 2, 0, 1, 0, 0
NOTE, 43, 9, 16, 0, 0, 1, 0
NOTE, 43, 5, 8, 0, 0, 0, 2
NOTE, 43, 7, 8, 0, 0, 1, 3
NOTE, 44, 0, 1, 0, 1, 0, 1
NOTE, 44, 1, 8, 0, 0, 1, 0
NOTE, 44, 1, 4, 0, 1, 0, 1
NOTE, 44, 3, 8, 0, 0, 1, 0
NOTE, 44, 1, 2, 0, 1, 0, 0
NOTE, 44, 9, 16, 0, 0, 1, 0
NOTE, 44, 5, 8, 0, 0, 0, 2
NOTE, 44, 7, 8, 3, 1, 0, 3
NOTE, 45, 0, 1, 1, 0, 0, 0
NOTE, 45, 1, 8, 0, 1, 0, 0
NOTE, 45, 1, 4, 1, 0, 0, 1
NOTE, 45, 3, 8, 0, 0, 1, 0
NOTE, 45, 1, 2, 0, 1, 0, 0
NOTE, 45, 5, 8, 0, 0, 1, 0
NOTE, 45, 3, 4, 1, 0, 0, 1
NOTE, 45, 7, 8, 0, 1, 0, 0
NOTE, 46, 0, 1, 0, 0, 1, 1
NOTE, 46, 1, 8, 0, 1, 0, 0
NOTE, 46, 3, 16, 1, 0, 0, 0
NOTE, 46, 1, 4, 0, 0, 1, 1
NOTE, 46, 3, 8, 0, 1, 0, 0
NOTE, 46, 7, 16, 1, 0, 0, 0
NOTE, 46, 1, 2, 0, 1, 1, 0
NOTE, 46, 5, 8, 0, 0, 0, 1
NOTE, 46, 3, 4, 0, 1, 0, 0
NOTE, 46, 7, 8, 1, 0, 0, 0
NOTE, 47, 0, 1, 0, 1, 1, 2
NOTE, 47, 1, 8, 1, 0, 0, 0
NOTE, 47, 3, 16, 0, 0, 0, 3
NOTE, 47, 1, 4, 0, 1, 2, 1
NOTE, 47, 3, 8, 1, 0, 0, 0
NOTE, 47, 7, 16, 0, 0, 3, 0
NOTE, 47, 1, 2, 1, 2, 0, 1
NOTE, 47, 9, 16, 0, 0, 1, 0
NOTE, 47, 5, 8, 0, 0, 0, 2
NOTE, 47, 11, 16, 0, 3, 0, 0
NOTE, 47, 3, 4, 2, 0, 1, 0
NOTE, 47, 13, 16, 0, 0, 0, 3
NOTE, 47, 7, 8, 0, 1, 0, 0
NOTE, 47, 15, 16, 3, 0, 0, 0
NOTE, 48, 0, 1, 0, 1, 1, 2
NOTE, 48, 1, 8, 1, 0, 0, 0
NOTE, 48, 3, 16, 0, 0, 0, 3
NOTE, 48, 1, 4, 0, 1, 2, 1
NOTE, 48, 3, 8, 1, 0, 0, 0
NOTE, 48, 7, 16, 0, 0, 3, 0
NOTE, 48, 1, 2, 0, 2, 1, 1
NOTE, 48, 5, 8, 1, 0, 0, 0
NOTE, 48, 11, 16, 0, 3, 0, 2
NOTE, 48, 3, 4, 2, 0, 1, 0
NOTE, 48, 7, 8, 0, 1, 0, 3
NOTE, 48, 15, 16, 3, 0, 0, 0
NOTE, 49, 0, 1, 0, 0, 1, 1
NOTE, 49, 1, 8, 1, 0, 0, 0
NOTE, 49, 1, 4, 0, 1, 1, 0
NOTE, 49, 3, 8, 0, 0, 0, 1
NOTE, 49, 1, 2, 1, 1, 0, 0
NOTE, 49, 5, 8, 0, 0, 1, 0
NOTE, 49, 3, 4, 1, 0, 0, 1
NOTE, 49, 7, 8, 0, 0, 1, 0
NOTE, 50, 0, 1, 0, 0, 1, 1
NOTE, 50, 1, 8, 0, 1, 0, 1
NOTE, 50, 1, 4, 0, 1, 1, 0
NOTE, 50, 3, 8, 1, 0, 1, 0
NOTE, 50, 1, 2, 2, 0, 0, 2
NOTE, 50, 11, 16, 3, 0, 0, 3
NOTE, 50, 3, 4, 0, 2, 2, 0
NOTE, 50, 7, 8, 0, 3, 3, 0
NOTE, 51, 0, 1, 1, 1, 0, 1
NOTE, 51, 1, 8, 0, 1, 1, 0
NOTE, 51, 1, 4, 0, 1, 0, 1
NOTE, 51, 3, 8, 1, 0, 1, 0
NOTE, 51, 1, 2, 1, 0, 0, 1
NOTE, 51, 5, 8, 0, 1, 0, 0
NOTE, 51, 11, 16, 1, 0, 2, 2
NOTE, 51, 3, 4, 0, 1, 0, 0
NOTE, 51, 7, 8, 0, 1, 3, 3
NOTE, 52, 0, 1, 1, 0, 1, 1
NOTE, 52, 1, 8, 0, 1, 1, 0
NOTE, 52, 1, 4, 0, 0, 1, 1
NOTE, 52, 3, 8, 1, 1, 0, 0
NOTE, 52, 1, 2, 0, 1, 1, 0
NOTE, 52, 5, 8, 1, 0, 0, 0
NOTE, 52, 11, 16, 0, 1, 2, 2
NOTE, 52, 3, 4, 1, 0, 0, 0
NOTE, 52, 7, 8, 0, 1, 3, 3
NOTE, 53, 0, 1, 1, 0, 1, 1
NOTE, 53, 1, 8, 0, 1, 1, 0
NOTE, 53, 1, 4, 0, 0, 1, 1
NOTE, 53, 3, 8, 1, 0, 1, 0
NOTE, 53, 1, 2, 1, 1, 0, 0
NOTE, 53, 5, 8, 0, 1, 1, 0
NOTE, 53, 3, 4, 0, 1, 0, 1
NOTE, 53, 7, 8, 0, 1, 1, 0
NOTE, 54, 0, 1, 1, 0, 1, 0
NOTE, 54, 1, 8, 0, 1, 1, 0
NOTE, 54, 1, 4, 0, 1, 0, 1
NOTE, 54, 3, 8, 0, 1, 1, 0
NOTE, 54, 1, 2, 1, 0, 0, 1
NOTE, 54, 3, 4, 0, 2, 2, 0
NOTE, 54, 15, 16, 0, 3, 3, 0
NOTE, 55, 0, 1, 1, 1, 0, 0
NOTE, 55, 1, 8, 0, 0, 1, 0
NOTE, 55, 1, 4, 0, 1, 1, 0
NOTE, 55, 3, 8, 0, 0, 0, 1
NOTE, 55, 1, 2, 0, 1, 1, 0
NOTE, 55, 5, 8, 1, 0, 0, 0
NOTE, 55, 3, 4, 0, 0, 1, 1
NOTE, 55, 7, 8, 0, 1, 0, 0
NOTE, 56, 0, 1, 1, 0, 1, 0
NOTE, 56, 1, 8, 0, 0, 0, 1
NOTE, 56, 1, 4, 1, 0, 1, 0
NOTE, 56, 3, 8, 0, 1, 0, 0
NOTE, 56, 1, 2, 0, 1, 0, 1
NOTE, 56, 5, 8, 0, 0, 1, 0
NOTE, 56, 3, 4, 0, 1, 0, 1
NOTE, 56, 7, 8, 1, 0, 0, 0
NOTE, 57, 0, 1, 1, 0, 1, 0
NOTE, 57, 1, 8, 0, 0, 1, 0
NOTE, 57, 1, 4, 0, 1, 0, 1
NOTE, 57, 3, 8, 0, 1, 0, 0
NOTE, 57, 1, 2, 1, 0, 0, 1
NOTE, 57, 5, 8, 0, 1, 0, 0
NOTE, 57, 3, 4, 1, 0, 0, 1
NOTE, 57, 13, 16, 0, 0, 1, 0
NOTE, 57, 7, 8, 0, 1, 0, 0
NOTE, 58, 0, 1, 1, 0, 1, 1
NOTE, 58, 1, 8, 0, 1, 1, 0
NOTE, 58, 1, 4, 1, 1, 1, 0
NOTE, 58, 3, 8, 1, 1, 0, 0
NOTE, 58, 1, 2, 0, 1, 1, 1
NOTE, 58, 3, 4, 0, 2, 2, 0
NOTE, 58, 15, 16, 0, 3, 3, 0
NOTE, 59, 0, 1, 0, 0, 1, 1
NOTE, 59, 1, 8, 0, 0, 1, 0
NOTE, 59, 1, 4, 1, 1, 0, 0
NOTE, 59, 3, 8, 0, 1, 0, 0
NOTE, 59, 1, 2, 0, 1, 0, 1
NOTE, 59, 5, 8, 0, 1, 0, 0
NOTE, 59, 3, 4, 1, 0, 1, 0
NOTE, 59, 7, 8, 0, 0, 1, 0
NOTE, 60, 0, 1, 1, 0, 1, 0
NOTE, 60, 1, 8, 1, 0, 0, 0
NOTE, 60, 1, 4, 0, 1, 0, 1
NOTE, 60, 3, 8, 0, 0, 0, 1
NOTE, 60, 1, 2, 0, 0, 1, 1
NOTE, 60, 5, 8, 0, 0, 1, 0
NOTE, 60, 3, 4, 1, 1, 0, 0
NOTE, 60, 7, 8, 0, 1, 0, 0
NOTE, 61, 0, 1, 1, 0, 0, 1
NOTE, 61, 1, 4, 0, 0, 1, 0
NOTE, 61, 7, 16, 1, 0, 0, 0
NOTE, 61, 1, 2, 0, 1, 0, 0
NOTE, 61, 5, 8, 0, 0, 1, 0
NOTE, 61, 3, 4, 1, 0, 0, 0
NOTE, 61, 7, 8, 0, 1, 0, 0
NOTE, 62, 0, 1, 0, 0, 1, 1
NOTE, 62, 1, 8, 0, 1, 0, 0
NOTE, 62, 3, 16, 0, 0, 1, 0
NOTE, 62, 1, 4, 1, 0, 0, 1
NOTE, 62, 3, 8, 0, 1, 1, 0
NOTE, 62, 7, 16, 0, 0, 0, 1
NOTE, 62, 1, 2, 1, 0, 1, 0
NOTE, 62, 5, 8, 0, 1, 0, 1
NOTE, 62, 3, 4, 0, 1, 1, 0
NOTE, 62, 7, 8, 0, 0, 1, 1
NOTE, 63, 0, 1, 0, 1, 1, 0
NOTE, 63, 1, 8, 1, 0, 0, 0
NOTE, 63, 1, 4, 0, 1, 1, 0
NOTE, 63, 3, 8, 0, 0, 0, 1
NOTE, 63, 1, 2, 1, 1, 0, 0
NOTE, 63, 5, 8, 1, 0, 1, 0
NOTE, 63, 3, 4, 0, 1, 0, 1
NOTE, 63, 7, 8, 0, 0, 1, 1
NOTE, 64, 0, 1, 2, 0, 0, 2
NOTE, 64, 3, 16, 3, 0, 0, 3
NOTE, 65, 0, 1, 2, 1, 1, 0
NOTE, 65, 3, 16, 3, 0, 0, 0
NOTE, 65, 1, 4, 0, 1, 1, 2
NOTE, 65, 7, 16, 0, 0, 0, 3
NOTE, 65, 1, 2, 0, 1, 0, 1
NOTE, 65, 5, 8, 0, 1, 1, 0
NOTE, 65, 3, 4, 1, 0, 1, 0
NOTE, 65, 7, 8, 1, 1, 0, 2
NOTE, 66, 1, 16, 0, 0, 0, 3
NOTE, 66, 1, 8, 2, 1, 1, 0
NOTE, 66, 5, 16, 3, 0, 0, 0
NOTE, 66, 3, 8, 0, 0, 1, 1
NOTE, 66, 1, 2, 1, 0, 0, 2
NOTE, 66, 5, 8, 0, 1, 0, 0
NOTE, 66, 11, 16, 0, 0, 0, 3
NOTE, 66, 3, 4, 2, 0, 1, 0
NOTE, 66, 7, 8, 0, 1, 0, 0
NOTE, 66, 15, 16, 3, 0, 0, 0
NOTE, 67, 0, 1, 0, 2, 1, 1
NOTE, 67, 3, 16, 0, 3, 0, 0
NOTE, 67, 1, 4, 1, 1, 2, 0
NOTE, 67, 7, 16, 0, 0, 3, 0
NOTE, 67, 1, 2, 0, 1, 0, 1
NOTE, 67, 5, 8, 0, 1, 1, 0
NOTE, 67, 3, 4, 1, 0, 1, 0
NOTE, 67, 7, 8, 0, 1, 0, 0
NOTE, 68, 0, 1, 0, 0, 1, 1
NOTE, 68, 1, 8, 0, 1, 0, 0
NOTE, 68, 1, 4, 1, 0, 1, 0
NOTE, 68, 3, 8, 0, 1, 0, 0
NOTE, 68, 1, 2, 0, 0, 1, 2
NOTE, 68, 5, 8, 0, 1, 0, 0
NOTE, 68, 11, 16, 0, 0, 0, 3
NOTE, 68, 3, 4, 2, 0, 1, 0
NOTE, 68, 7, 8, 0, 1, 0, 0
NOTE, 68, 15, 16, 3, 0, 0, 0
NOTE, 69, 0, 1, 0, 0, 1, 1
NOTE, 69, 1, 8, 0, 1, 0, 1
NOTE, 69, 1, 4, 1, 0, 1, 0
NOTE, 69, 3, 8, 1, 0, 0, 0
NOTE, 69, 1, 2, 0, 1, 0, 0
NOTE, 69, 9, 16, 0, 0, 1, 0
NOTE, 69, 5, 8, 2, 2, 0, 0
NOTE, 69, 13, 16, 3, 3, 0, 0
NOTE, 69, 7, 8, 0, 0, 1, 0
NOTE, 70, 0, 1, 0, 0, 1, 1
NOTE, 70, 1, 8, 0, 1, 0, 1
NOTE, 70, 1, 4, 1, 0, 1, 0
NOTE, 70, 3, 8, 1, 1, 0, 0
NOTE, 70, 1, 2, 0, 0, 1, 0
NOTE, 70, 9, 16, 0, 1, 0, 0
NOTE, 70, 5, 8, 0, 0, 2, 2
NOTE, 70, 13, 16, 0, 0, 3, 3
NOTE, 70, 7, 8, 0, 1, 0, 0
NOTE, 71, 0, 1, 0, 0, 1, 1
NOTE, 71, 1, 8, 0, 1, 1, 0
NOTE, 71, 1, 4, 1, 1, 0, 0
NOTE, 71, 3, 8, 0, 1, 1, 0
NOTE, 71, 1, 2, 0, 1, 0, 1
NOTE, 71, 5, 8, 0, 1, 1, 0
NOTE, 71, 3, 4, 1, 0, 1, 0
NOTE, 71, 7, 8, 2, 1, 0, 2
NOTE, 72, 1, 16, 3, 0, 0, 3
NOTE, 72, 1, 8, 0, 1, 1, 0
NOTE, 72, 1, 4, 1, 0, 0, 0
NOTE, 72, 3, 8, 0, 1, 1, 0
NOTE, 72, 1, 2, 0, 1, 0, 1
NOTE, 72, 5, 8, 0, 1, 1, 0
NOTE, 72, 3, 4, 1, 0, 1, 1
NOTE, 73, 0, 1, 11_4, 0, 2, 0
NOTE, 73, 1, 8, 11_4, 2, 3, 0
NOTE, 73, 1, 4, 11_4, 3, 2, 0
NOTE, 73, 3, 8, 11_4, 2, 3, 0
NOTE, 73, 1, 2, 11_4, 3, 2, 0
NOTE, 73, 5, 8, 11_4, 2, 3, 0
NOTE, 73, 3, 4, 11_4, 3, 2, 0
NOTE, 73, 7, 8, 11_4, 2, 3, 0
NOTE, 74, 0, 1, 11_4, 3, 2, 0
NOTE, 74, 1, 8, 11_4, 2, 3, 0
NOTE, 74, 1, 4, 11_4, 3, 2, 0
NOTE, 74, 3, 8, 11_4, 2, 3, 0
NOTE, 74, 1, 2, 11_4, 3, 2, 0
NOTE, 74, 5, 8, 11_4, 2, 3, 0
NOTE, 74, 3, 4, 11_4, 3, 0, 2
NOTE, 74, 7, 8, 0, 0, 1, 3
NOTE, 75, 0, 1, 1, 0, 0, 1
NOTE, 75, 1, 8, 0, 0, 1, 0
NOTE, 75, 1, 4, 2, 1, 0, 1
NOTE, 75, 3, 8, 0, 0, 1, 0
NOTE, 75, 7, 16, 3, 0, 0, 0
NOTE, 75, 1, 2, 0, 2, 1, 1
NOTE, 75, 5, 8, 1, 0, 0, 0
NOTE, 75, 11, 16, 0, 3, 0, 0
NOTE, 75, 3, 4, 1, 0, 1, 2
NOTE, 75, 7, 8, 0, 1, 0, 0
NOTE, 75, 15, 16, 0, 0, 0, 3
NOTE, 76, 0, 1, 1, 0, 2, 1
NOTE, 76, 1, 8, 0, 1, 0, 0
NOTE, 76, 1, 4, 1, 2, 3, 1
NOTE, 76, 3, 8, 0, 0, 1, 0
NOTE, 76, 1, 2, 2, 3, 1, 2
NOTE, 76, 3, 4, 3, 1, 1, 3
NOTE, 77, 0, 1, 0, 0, 1, 1
NOTE, 77, 1, 8, 0, 1, 1, 0
NOTE, 77, 1, 4, 0, 1, 0, 1
NOTE, 77, 3, 8, 1, 0, 1, 0
NOTE, 77, 1, 2, 1, 0, 0, 1
NOTE, 77, 9, 16, 0, 0, 1, 0
NOTE, 77, 5, 8, 1, 2, 0, 0
NOTE, 77, 11, 16, 0, 0, 1, 0
NOTE, 77, 3, 4, 1, 0, 0, 1
NOTE, 77, 13, 16, 0, 3, 0, 0
NOTE, 77, 7, 8, 0, 0, 1, 1
NOTE, 78, 0, 1, 0, 1, 0, 1
NOTE, 78, 1, 8, 0, 1, 1, 0
NOTE, 78, 1, 4, 1, 0, 1, 0
NOTE, 78, 3, 8, 0, 1, 1, 0
NOTE, 78, 1, 2, 1, 0, 0, 1
NOTE, 78, 9, 16, 0, 1, 0, 0
NOTE, 78, 5, 8, 0, 0, 2, 1
NOTE, 78, 11, 16, 0, 1, 0, 0
NOTE, 78, 3, 4, 1, 0, 0, 1
NOTE, 78, 13, 16, 0, 0, 3, 0
NOTE, 78, 7, 8, 0, 1, 1, 0
NOTE, 79, 0, 1, 2, 0, 1, 1
NOTE, 79, 1, 8, 0, 1, 0, 0
NOTE, 79, 3, 16, 3, 0, 0, 0
NOTE, 79, 1, 4, 0, 1, 2, 1
NOTE, 79, 3, 8, 1, 0, 0, 0
NOTE, 79, 7, 16, 0, 0, 3, 0
NOTE, 79, 1, 2, 1, 0, 0, 1
NOTE, 79, 5, 8, 0, 0, 1, 1
NOTE, 79, 3, 4, 1, 1, 0, 0
NOTE, 79, 7, 8, 0, 0, 1, 2
NOTE, 80, 1, 8, 0, 1, 0, 3
NOTE, 80, 1, 4, 0, 0, 0, 1
NOTE, 80, 3, 8, 0, 1, 0, 0
NOTE, 80, 1, 2, 0, 0, 1, 0
NOTE, 80, 5, 8, 1, 0, 0, 0
NOTE, 80, 3, 4, 0, 0, 1, 0
NOTE, 81, 0, 1, 0, 2, 2, 0
NOTE, 81, 1, 2, 0, 3, 3, 0
NOTE, 81, 19, 32, 11_4, 0, 0, 0
NOTE, 81, 23, 32, 0, 0, 11_2, 0
NOTE, 81, 27, 32, 11_2, 0, 0, 0
NOTE, 82, 0, 1, 0, 0, 2, 2
NOTE, 82, 1, 2, 0, 0, 3, 3
NOTE, 82, 5, 8, 11_4, 0, 0, 0
NOTE, 82, 3, 4, 11_2, 0, 0, 0
NOTE, 82, 7, 8, 0, 0, 11_2, 0
NOTE, 83, 0, 1, 2, 0, 0, 2
NOTE, 83, 1, 2, 3, 0, 0, 3
NOTE, 83, 19, 32, 0, 11_1, 11_2, 0
NOTE, 83, 23, 32, 11_3, 0, 0, 0
NOTE, 83, 27, 32, 11_2, 0, 11_1, 0
NOTE, 84, 0, 1, 0, 0, 2, 0
NOTE, 84, 3, 8, 0, 1, 3, 0
NOTE, 84, 1, 2, 2, 0, 0, 1
NOTE, 84, 7, 8, 3, 0, 0, 0
NOTE, 85, 0, 1, 0, 2, 2, 0
NOTE, 85, 1, 2, 0, 3, 3, 0
NOTE, 85, 5, 8, 1, 0, 0, 1
NOTE, 85, 23, 32, 0, 1, 0, 0
NOTE, 85, 7, 8, 0, 0, 1, 0
NOTE, 86, 0, 1, 2, 0, 0, 2
NOTE, 86, 1, 2, 3, 0, 0, 3
NOTE, 86, 5, 8, 1, 0, 0, 1
NOTE, 86, 23, 32, 0, 0, 1, 0
NOTE, 86, 7, 8, 0, 1, 0, 0
NOTE, 87, 0, 1, 0, 2, 0, 0
NOTE, 87, 1, 2, 0, 3, 0, 0
NOTE, 87, 19, 32, 1, 0, 0, 1
NOTE, 87, 23, 32, 0, 1, 1, 0
NOTE, 87, 7, 8, 1, 0, 0, 1
NOTE, 88, 0, 1, 0, 1, 0, 0
NOTE, 88, 1, 4, 0, 0, 0, 2
NOTE, 88, 1, 2, 0, 0, 2, 3
NOTE, 88, 11, 16, 0, 0, 3, 0
NOTE, 88, 3, 4, 0, 2, 0, 0
NOTE, 88, 15, 16, 0, 3, 0, 0
NOTE, 89, 0, 1, 2, 0, 1, 0
NOTE, 89, 1, 32, 0, 0, 0, 1
NOTE, 89, 5, 8, 3, 0, 0, 0
NOTE, 90, 0, 1, 1, 2, 0, 0
NOTE, 90, 1, 32, 0, 0, 0, 1
NOTE, 90, 1, 4, 0, 3, 0, 2
NOTE, 90, 7, 16, 0, 0, 0, 3
NOTE, 90, 1, 2, 0, 0, 2, 0
NOTE, 90, 11, 16, 0, 0, 3, 0
NOTE, 90, 3, 4, 0, 2, 0, 0
NOTE, 90, 15, 16, 0, 3, 0, 0
NOTE, 91, 0, 1, 2, 0, 0, 1
NOTE, 91, 1, 32, 0, 0, 1, 0
NOTE, 91, 7, 8, 3, 0, 0, 0
NOTE, 92, 0, 1, 0, 1, 0, 0
NOTE, 92, 1, 32, 0, 0, 1, 0
NOTE, 92, 1, 16, 0, 0, 0, 1
NOTE, 92, 5, 8, 0, 0, 1, 1
NOTE, 92, 3, 4, 0, 1, 0, 0
NOTE, 92, 7, 8, 1, 0, 0, 0
NOTE, 93, 0, 1, 0, 2, 1, 0
NOTE, 93, 1, 32, 0, 0, 0, 1
NOTE, 93, 3, 16, 0, 3, 0, 0
NOTE, 93, 1, 4, 0, 0, 2, 0
NOTE, 93, 7, 16, 0, 0, 3, 0
NOTE, 93, 1, 2, 0, 0, 0, 2
NOTE, 93, 11, 16, 0, 0, 0, 3
NOTE, 93, 3, 4, 0, 2, 0, 0
NOTE, 93, 15, 16, 0, 3, 0, 0
NOTE, 94, 0, 1, 0, 0, 1, 2
NOTE, 94, 1, 32, 1, 0, 0, 0
NOTE, 94, 3, 16, 0, 0, 0, 3
NOTE, 94, 1, 4, 0, 0, 2, 0
NOTE, 94, 7, 16, 0, 0, 3, 0
NOTE, 94, 1, 2, 0, 2, 0, 0
NOTE, 94, 11, 16, 0, 3, 0, 0
NOTE, 94, 3, 4, 0, 0, 2, 0
NOTE, 94, 15, 16, 0, 0, 3, 0
NOTE, 95, 0, 1, 2, 1, 0, 0
NOTE, 95, 1, 32, 0, 0, 1, 0
NOTE, 95, 3, 16, 3, 0, 0, 0
NOTE, 95, 1, 4, 0, 2, 0, 0
NOTE, 95, 7, 16, 0, 3, 0, 0
NOTE, 95, 1, 2, 0, 0, 2, 0
NOTE, 95, 11, 16, 0, 0, 3, 0
NOTE, 95, 3, 4, 0, 0, 0, 2
NOTE, 95, 15, 16, 0, 0, 0, 3
NOTE, 96, 0, 1, 2, 2, 0, 1
NOTE, 96, 1, 32, 0, 0, 1, 0
NOTE, 96, 3, 16, 3, 3, 0, 0
NOTE, 96, 1, 4, 0, 0, 1, 1
NOTE, 96, 1, 2, 0, 1, 0, 0
NOTE, 96, 5, 8, 1, 0, 0, 1
NOTE, 96, 3, 4, 1, 0, 1, 0
NOTE, 96, 7, 8, 1, 0, 0, 1
NOTE, 97, 0, 1, 0, 0, 1, 1
NOTE, 97, 1, 8, 1, 0, 0, 0
NOTE, 97, 1, 4, 0, 1, 1, 0
NOTE, 97, 3, 8, 0, 0, 0, 1
NOTE, 97, 7, 16, 0, 0, 1, 0
NOTE, 97, 1, 2, 1, 1, 0, 0
NOTE, 97, 9, 16, 0, 0, 0, 1
NOTE, 97, 5, 8, 1, 0, 0, 0
NOTE, 97, 3, 4, 0, 1, 1, 0
NOTE, 97, 13, 16, 0, 0, 0, 1
NOTE, 97, 7, 8, 1, 0, 0, 0
NOTE, 97, 15, 16, 0, 1, 0, 0
NOTE, 98, 0, 1, 0, 0, 1, 1
NOTE, 98, 1, 8, 1, 0, 0, 0
NOTE, 98, 1, 4, 0, 1, 0, 1
NOTE, 98, 3, 8, 0, 0, 1, 0
NOTE, 98, 1, 2, 1, 1, 0, 0
NOTE, 98, 5, 8, 0, 0, 0, 1
NOTE, 98, 11, 16, 0, 0, 1, 0
NOTE, 98, 3, 4, 1, 1, 0, 0
NOTE, 98, 13, 16, 0, 0, 0, 1
NOTE, 98, 7, 8, 0, 0, 1, 0
NOTE, 98, 15, 16, 0, 1, 0, 0
NOTE, 99, 0, 1, 1, 0, 1, 0
NOTE, 99, 1, 8, 0, 0, 0, 1
NOTE, 99, 1, 4, 0, 1, 1, 0
NOTE, 99, 3, 8, 1, 0, 0, 0
NOTE, 99, 7, 16, 0, 0, 1, 0
NOTE, 99, 1, 2, 0, 1, 0, 1
NOTE, 99, 9, 16, 0, 0, 1, 0
NOTE, 99, 5, 8, 1, 1, 0, 0
NOTE, 99, 3, 4, 0, 0, 1, 1
NOTE, 99, 13, 16, 0, 1, 0, 0
NOTE, 99, 7, 8, 1, 0, 0, 1
NOTE, 99, 15, 16, 0, 1, 0, 0
NOTE, 100, 0, 1, 1, 0, 1, 1
NOTE, 100, 1, 8, 0, 0, 1, 1
NOTE, 100, 1, 4, 0, 1, 1, 0
NOTE, 100, 3, 8, 0, 1, 1, 0
NOTE, 100, 1, 2, 1, 0, 0, 1
NOTE, 101, 0, 1, 2, 0, 1, 1
NOTE, 101, 3, 16, 3, 0, 0, 0
NOTE, 101, 1, 4, 0, 1, 1, 0
NOTE, 101, 7, 16, 0, 0, 1, 0
NOTE, 101, 1, 2, 0, 1, 0, 0
NOTE, 101, 9, 16, 1, 0, 0, 1
NOTE, 101, 5, 8, 0, 1, 1, 0
NOTE, 101, 3, 4, 0, 1, 0, 1
NOTE, 101, 13, 16, 0, 0, 1, 0
NOTE, 101, 7, 8, 1, 0, 0, 1
NOTE, 101, 15, 16, 0, 1, 0, 0
NOTE, 102, 0, 1, 1, 0, 2, 1
NOTE, 102, 3, 16, 0, 1, 3, 0
NOTE, 102, 1, 4, 1, 0, 0, 1
NOTE, 102, 5, 16, 0, 0, 1, 0
NOTE, 102, 3, 8, 1, 1, 0, 0
NOTE, 102, 7, 16, 0, 0, 0, 1
NOTE, 102, 1, 2, 0, 1, 1, 0
NOTE, 102, 5, 8, 1, 1, 0, 0
NOTE, 102, 3, 4, 0, 1, 1, 0
NOTE, 102, 7, 8, 0, 1, 0, 1
NOTE, 103, 0, 1, 1, 1, 0, 0
NOTE, 103, 1, 8, 0, 0, 1, 0
NOTE, 103, 1, 4, 0, 1, 0, 1
NOTE, 103, 3, 8, 1, 0, 0, 0
NOTE, 103, 1, 2, 1, 1, 0, 0
NOTE, 103, 5, 8, 1, 0, 1, 0
NOTE, 103, 3, 4, 0, 1, 1, 0
NOTE, 103, 13, 16, 1, 0, 0, 0
NOTE, 103, 7, 8, 0, 1, 0, 1
NOTE, 103, 15, 16, 1, 0, 0, 0
NOTE, 104, 0, 1, 0, 1, 1, 0
NOTE, 105, 0, 1, 2, 1, 0, 0
NOTE, 105, 3, 16, 3, 0, 0, 0
NOTE, 105, 1, 4, 0, 0, 1, 2
NOTE, 105, 7, 16, 0, 0, 0, 3
NOTE, 105, 1, 2, 0, 1, 0, 1
NOTE, 105, 5, 8, 0, 1, 0, 0
NOTE, 105, 3, 4, 1, 0, 1, 0
NOTE, 105, 7, 8, 1, 2, 0, 0
NOTE, 106, 1, 16, 0, 3, 0, 0
NOTE, 106, 1, 8, 0, 0, 2, 1
NOTE, 106, 1, 4, 1, 0, 0, 0
NOTE, 106, 5, 16, 0, 0, 3, 0
NOTE, 106, 3, 8, 0, 0, 0, 1
NOTE, 106, 1, 2, 1, 0, 2, 0
NOTE, 106, 5, 8, 0, 0, 0, 1
NOTE, 106, 11, 16, 0, 0, 3, 0
NOTE, 106, 3, 4, 0, 2, 0, 1
NOTE, 106, 7, 8, 1, 0, 0, 0
NOTE, 106, 15, 16, 0, 3, 0, 0
NOTE, 107, 0, 1, 2, 0, 1, 0
NOTE, 107, 3, 16, 3, 0, 0, 0
NOTE, 107, 1, 4, 0, 1, 0, 2
NOTE, 107, 7, 16, 0, 0, 0, 3
NOTE, 107, 1, 2, 0, 1, 0, 1
NOTE, 107, 5, 8, 0, 0, 1, 0
NOTE, 107, 3, 4, 1, 1, 0, 0
NOTE, 107, 7, 8, 0, 2, 1, 0
NOTE, 108, 1, 16, 0, 3, 0, 0
NOTE, 108, 1, 8, 0, 0, 1, 0
NOTE, 108, 1, 4, 1, 0, 0, 1
NOTE, 108, 3, 8, 0, 1, 0, 0
NOTE, 108, 1, 2, 0, 0, 0, 2
NOTE, 108, 11, 16, 0, 0, 0, 3
NOTE, 108, 3, 4, 2, 0, 0, 0
NOTE, 108, 15, 16, 3, 0, 0, 0
NOTE, 109, 0, 1, 0, 0, 1, 1
NOTE, 109, 1, 8, 0, 0, 1, 0
NOTE, 109, 1, 4, 1, 1, 0, 0
NOTE, 109, 3, 8, 1, 0, 0, 0
NOTE, 109, 1, 2, 0, 1, 0, 0
NOTE, 109, 9, 16, 0, 0, 1, 0
NOTE, 109, 5, 8, 2, 0, 0, 2
NOTE, 109, 13, 16, 3, 0, 0, 3
NOTE, 109, 7, 8, 0, 1, 0, 0
NOTE, 110, 0, 1, 0, 0, 1, 1
NOTE, 110, 1, 8, 0, 0, 1, 0
NOTE, 110, 1, 4, 1, 1, 0, 0
NOTE, 110, 3, 8, 0, 1, 0, 0
NOTE, 110, 1, 2, 0, 0, 1, 0
NOTE, 110, 9, 16, 0, 1, 0, 0
NOTE, 110, 5, 8, 2, 0, 0, 2
NOTE, 110, 13, 16, 3, 0, 0, 3
NOTE, 110, 7, 8, 0, 1, 0, 0
NOTE, 111, 0, 1, 11_1, 0, 0, 0
NOTE, 111, 1, 16, 11_4, 0, 0, 0
NOTE, 111, 1, 8, 0, 11_1, 0, 0
NOTE, 111, 3, 16, 11_4, 0, 0, 0
NOTE, 111, 1, 4, 11_1, 0, 0, 0
NOTE, 111, 5, 16, 11_4, 0, 0, 0
NOTE, 111, 3, 8, 0, 11_1, 0, 0
NOTE, 111, 7, 16, 11_4, 0, 0, 0
NOTE, 111, 1, 2, 11_1, 0, 0, 0
NOTE, 111, 9, 16, 11_4, 0, 0, 0
NOTE, 111, 5, 8, 0, 11_1, 0, 0
NOTE, 111, 11, 16, 11_4, 0, 0, 0
NOTE, 111, 3, 4, 11_1, 0, 0, 0
NOTE, 111, 13, 16, 11_4, 0, 0, 0
NOTE, 111, 7, 8, 12_2, 0, 12_2, 0
NOTE, 112, 0, 1, 13_2, 0, 13_2, 0
NOTE, 112, 1, 8, 0, 0, 11_2, 11_1
NOTE, 112, 1, 4, 0, 11_2, 11_1, 0
NOTE, 112, 3, 8, 11_2, 11_1, 0, 0
NOTE, 112, 1, 2, 11_2, 11_1, 0, 0
NOTE, 112, 5, 8, 0, 11_2, 11_1, 0
NOTE, 112, 3, 4, 11_2, 0, 11_2, 0
NOTE, 113, 0, 1, 11_4, 0, 12_1, 0
NOTE, 113, 1, 8, 11_1, 11_3, 0, 0
NOTE, 113, 1, 4, 11_4, 12_1, 13_1, 0
NOTE, 113, 3, 8, 11_3, 0, 0, 11_1
NOTE, 113, 1, 2, 11_4, 13_1, 12_1, 0
NOTE, 113, 5, 8, 11_1, 11_3, 0, 0
NOTE, 113, 3, 4, 11_4, 12_1, 13_1, 0
NOTE, 113, 7, 8, 11_3, 0, 0, 11_1
NOTE, 114, 0, 1, 11_4, 13_1, 12_1, 0
NOTE, 114, 1, 8, 11_1, 11_3, 0, 0
NOTE, 114, 1, 4, 11_4, 12_1, 13_1, 0
NOTE, 114, 3, 8, 11_3, 0, 0, 11_1
NOTE, 114, 1, 2, 11_4, 13_1, 12_1, 0
NOTE, 114, 5, 8, 11_1, 11_3, 0, 0
NOTE, 114, 3, 4, 11_4, 0, 13_1, 0
NOTE, 114, 7, 8, 11_4, 0, 0, 0
NOTE, 115, 0, 1, 1, 0, 1, 0
NOTE, 115, 1, 4, 2, 1, 1, 0
NOTE, 115, 3, 8, 0, 0, 0, 1
NOTE, 115, 7, 16, 3, 0, 0, 0
NOTE, 115, 1, 2, 0, 1, 2, 1
NOTE, 115, 5, 8, 1, 0, 0, 0
NOTE, 115, 11, 16, 0, 0, 3, 0
NOTE, 115, 3, 4, 1, 1, 0, 2
NOTE, 115, 7, 8, 0, 0, 1, 0
NOTE, 115, 15, 16, 0, 0, 0, 3
NOTE, 116, 0, 1, 1, 0, 2, 1
NOTE, 116, 1, 16, 0, 1, 0, 0
NOTE, 116, 1, 8, 0, 0, 0, 1
NOTE, 116, 3, 16, 0, 0, 3, 0
NOTE, 116, 1, 4, 1, 2, 0, 1
NOTE, 116, 5, 16, 0, 0, 1, 0
NOTE, 116, 3, 8, 1, 0, 0, 0
NOTE, 116, 7, 16, 0, 3, 0, 0
NOTE, 116, 1, 2, 2, 0, 1, 1
NOTE, 116, 9, 16, 0, 1, 0, 0
NOTE, 116, 5, 8, 0, 0, 1, 0
NOTE, 116, 3, 4, 3, 1, 1, 0
NOTE, 116, 7, 8, 1, 0, 0, 1
NOTE, 117, 0, 1, 0, 0, 1, 2
NOTE, 117, 1, 8, 1, 1, 0, 3
NOTE, 117, 1, 4, 0, 1, 2, 0
NOTE, 117, 3, 8, 1, 0, 3, 1
NOTE, 117, 1, 2, 1, 0, 0, 0
NOTE, 117, 9, 16, 0, 1, 0, 0
NOTE, 117, 5, 8, 0, 0, 2, 1
NOTE, 117, 11, 16, 0, 1, 0, 0
NOTE, 117, 3, 4, 1, 0, 0, 0
NOTE, 117, 13, 16, 0, 1, 3, 0
NOTE, 117, 7, 8, 1, 0, 0, 1
NOTE, 118, 0, 1, 0, 2, 1, 0
NOTE, 118, 1, 8, 1, 3, 0, 1
NOTE, 118, 1, 4, 2, 1, 0, 0
NOTE, 118, 3, 8, 3, 0, 1, 1
NOTE, 118, 1, 2, 0, 0, 0, 1
NOTE, 118, 9, 16, 0, 0, 1, 0
NOTE, 118, 5, 8, 1, 2, 0, 0
NOTE, 118, 11, 16, 0, 0, 1, 0
NOTE, 118, 3, 4, 0, 0, 0, 1
NOTE, 118, 13, 16, 0, 3, 1, 0
NOTE, 118, 7, 8, 1, 0, 0, 1
NOTE, 119, 0, 1, 0, 1, 1, 0
NOTE, 119, 1, 4, 0, 0, 1, 2
NOTE, 119, 7, 16, 0, 0, 0, 3
NOTE, 119, 1, 2, 0, 1, 1, 0
NOTE, 119, 5, 8, 0, 0, 0, 1
NOTE, 119, 3, 4, 0, 0, 1, 0
NOTE, 119, 7, 8, 2, 0, 0, 0
NOTE, 120, 1, 16, 3, 0, 0, 0
NOTE, 120, 1, 8, 0, 1, 0, 0
NOTE, 120, 1, 4, 0, 0, 0, 1
NOTE, 120, 3, 8, 0, 0, 1, 0
NOTE, 120, 1, 2, 1, 0, 0, 0
NOTE, 120, 5, 8, 0, 1, 0, 0
NOTE, 120, 3, 4, 0, 0, 0, 1
NOTE, 120, 7, 8, 0, 0, 1, 0
NOTE, 121, 0, 1, 2, 0, 1, 1
NOTE, 121, 1, 8, 0, 1, 0, 0
NOTE, 121, 1, 4, 0, 0, 1, 1
NOTE, 121, 3, 8, 0, 1, 0, 0
NOTE, 121, 1, 2, 0, 0, 0, 1
NOTE, 121, 9, 16, 0, 0, 1, 0
NOTE, 121, 5, 8, 0, 1, 0, 0
NOTE, 121, 11, 16, 3, 0, 0, 0
NOTE, 121, 7, 8, 1, 1, 0, 0
NOTE, 122, 0, 1, 0, 1, 1, 2
NOTE, 122, 1, 8, 1, 0, 0, 3
NOTE, 122, 1, 4, 0, 1, 2, 1
NOTE, 122, 3, 8, 1, 0, 3, 0
NOTE, 122, 1, 2, 1, 0, 0, 2
NOTE, 122, 9, 16, 0, 1, 0, 0
NOTE, 122, 5, 8, 2, 0, 0, 0
NOTE, 122, 13, 16, 3, 0, 0, 3
NOTE, 122, 7, 8, 0, 1, 1, 0
NOTE, 123, 0, 1, 2, 0, 1, 1
NOTE, 123, 1, 8, 0, 1, 1, 0
NOTE, 123, 1, 4, 0, 0, 1, 2
NOTE, 123, 3, 8, 0, 1, 0, 3
NOTE, 123, 1, 2, 0, 1, 1, 0
NOTE, 123, 5, 8, 0, 0, 1, 1
NOTE, 123, 11, 16, 0, 1, 0, 0
NOTE, 123, 3, 4, 0, 0, 1, 2
NOTE, 123, 7, 8, 0, 1, 0, 3
NOTE, 124, 0, 1, 0, 1, 0, 1
NOTE, 124, 1, 8, 0, 0, 1, 1
NOTE, 124, 1, 4, 0, 0, 1, 2
NOTE, 124, 3, 8, 0, 1, 0, 0
NOTE, 124, 7, 16, 3, 0, 0, 3
NOTE, 124, 1, 2, 0, 1, 1, 0
NOTE, 124, 5, 8, 0, 0, 1, 1
NOTE, 124, 11, 16, 0, 1, 0, 0
NOTE, 124, 3, 4, 1, 0, 0, 2
NOTE, 124, 7, 8, 0, 1, 1, 3
NOTE, 125, 0, 1, 0, 1, 1, 2
NOTE, 125, 1, 8, 1, 0, 0, 3
NOTE, 125, 1, 4, 0, 1, 2, 1
NOTE, 125, 3, 8, 1, 0, 3, 0
NOTE, 125, 1, 2, 1, 0, 0, 0
NOTE, 125, 9, 16, 0, 1, 0, 0
NOTE, 125, 5, 8, 2, 0, 1, 2
NOTE, 125, 3, 4, 0, 1, 1, 0
NOTE, 125, 13, 16, 3, 0, 0, 3
NOTE, 125, 7, 8, 0, 1, 0, 0
NOTE, 126, 0, 1, 2, 0, 1, 1
NOTE, 126, 1, 8, 3, 1, 0, 0
NOTE, 126, 1, 4, 0, 2, 1, 1
NOTE, 126, 3, 8, 1, 3, 0, 0
NOTE, 126, 1, 2, 0, 0, 0, 1
NOTE, 126, 9, 16, 0, 0, 1, 0
NOTE, 126, 5, 8, 2, 1, 0, 2
NOTE, 126, 3, 4, 0, 1, 1, 0
NOTE, 126, 13, 16, 3, 0, 0, 3
NOTE, 126, 7, 8, 0, 0, 1, 0
NOTE, 127, 0, 1, 2, 0, 1, 1
NOTE, 127, 1, 8, 0, 1, 1, 0
NOTE, 127, 1, 4, 0, 0, 1, 2
NOTE, 127, 3, 8, 0, 1, 0, 3
NOTE, 127, 1, 2, 0, 1, 1, 0
NOTE, 127, 5, 8, 0, 0, 1, 1
NOTE, 127, 3, 4, 0, 2, 0, 1
NOTE, 127, 7, 8, 0, 3, 1, 0
NOTE, 128, 0, 1, 3, 0, 1, 1
NOTE, 128, 1, 8, 0, 1, 1, 1
NOTE, 128, 1, 4, 1, 1, 0, 1
NOTE, 128, 3, 8, 1, 1, 1, 0
NOTE, 128, 1, 2, 1, 0, 0, 1
NOTE, 128, 5, 8, 0, 0, 0, 2
NOTE, 128, 3, 4, 2, 0, 0, 3
NOTE, 128, 15, 16, 3, 0, 0, 0
