BPM, 132.00
OFFSET, 0.248
KeyMode: 4
SPEED, 1.0
NOTE, 2, 3, 4, 0, 1, 0, 0
NOTE, 3, 0, 1, 0, 1, 0, 0
NOTE, 3, 1, 4, 0, 1, 0, 0
NOTE, 3, 3, 8, 0, 0, 0, 2
NOTE, 3, 1, 2, 0, 0, 1, 3
NOTE, 3, 9, 16, 0, 1, 0, 0
NOTE, 3, 5, 8, 1, 0, 0, 0
NOTE, 3, 3, 4, 0, 1, 2, 1
NOTE, 3, 7, 8, 0, 0, 3, 0
NOTE, 4, 0, 1, 1, 2, 1, 0
NOTE, 4, 5, 32, 0, 3, 0, 1
NOTE, 4, 13, 64, 0, 0, 1, 0
NOTE, 4, 1, 4, 1, 1, 0, 0
NOTE, 4, 5, 16, 0, 0, 0, 1
NOTE, 4, 3, 8, 0, 0, 1, 0
NOTE, 4, 7, 16, 0, 1, 0, 0
NOTE, 4, 1, 2, 1, 0, 0, 1
NOTE, 4, 9, 16, 0, 0, 1, 0
NOTE, 4, 5, 8, 0, 1, 0, 1
NOTE, 4, 11, 16, 0, 0, 2, 0
NOTE, 4, 3, 4, 1, 1, 3, 0
NOTE, 4, 13, 16, 0, 0, 0, 1
NOTE, 4, 7, 8, 2, 0, 0, 0
NOTE, 5, 0, 1, 3, 1, 1, 2
NOTE, 5, 5, 32, 0, 0, 1, 3
NOTE, 5, 3, 16, 0, 2, 0, 0
NOTE, 5, 1, 4, 1, 3, 0, 1
NOTE, 5, 3, 8, 0, 1, 0, 0
NOTE, 5, 1, 2, 0, 0, 1, 1
NOTE, 5, 9, 16, 0, 1, 0, 0
NOTE, 5, 5, 8, 2, 0, 0, 0
NOTE, 5, 23, 32, 3, 0, 0, 0
NOTE, 5, 3, 4, 0, 0, 1, 1
NOTE, 5, 13, 16, 0, 1, 0, 0
NOTE, 5, 7, 8, 0, 1, 0, 0
NOTE, 6, 0, 1, 1, 0, 1, 0
NOTE, 6, 1, 16, 0, 0, 1, 0
NOTE, 6, 3, 16, 0, 0, 0, 2
NOTE, 6, 1, 4, 0, 1, 0, 0
NOTE, 6, 5, 16, 0, 0, 0, 3
NOTE, 6, 3, 8, 0, 0, 1, 0
NOTE, 6, 7, 16, 2, 1, 0, 0
NOTE, 6, 1, 2, 3, 0, 0, 1
NOTE, 6, 9, 16, 0, 0, 1, 0
NOTE, 6, 5, 8, 0, 1, 0, 1
NOTE, 6, 11, 16, 1, 0, 0, 0
NOTE, 6, 3, 4, 0, 0, 1, 1
NOTE, 6, 13, 16, 0, 1, 0, 0
NOTE, 6, 7, 8, 0, 0, 1, 0
NOTE, 6, 15, 16, 0, 2, 0, 0
NOTE, 7, 0, 1, 1, 3, 0, 1
NOTE, 7, 1, 8, 0, 0, 2, 0
NOTE, 7, 3, 16, 0, 2, 3, 0
NOTE, 7, 1, 4, 1, 3, 0, 0
NOTE, 7, 3, 8, 0, 0, 0, 2
NOTE, 7, 1, 2, 1, 1, 0, 3
NOTE, 7, 9, 16, 0, 0, 1, 0
NOTE, 7, 5, 8, 2, 0, 0, 0
NOTE, 7, 3, 4, 3, 1, 1, 0
NOTE, 8, 0, 1, 0, 1, 1, 1
NOTE, 8, 3, 16, 0, 1, 0, 0
NOTE, 8, 5, 16, 0, 1, 0, 0
NOTE, 8, 3, 8, 0, 0, 1, 0
NOTE, 8, 7, 16, 0, 0, 0, 1
NOTE, 8, 1, 2, 1, 2, 1, 0
NOTE, 8, 5, 8, 0, 3, 0, 1
NOTE, 8, 3, 4, 1, 0, 1, 0
NOTE, 9, 0, 1, 0, 2, 1, 1
NOTE, 9, 1, 8, 0, 3, 1, 0
NOTE, 9, 3, 16, 0, 0, 0, 1
NOTE, 9, 1, 4, 1, 0, 1, 0
NOTE, 9, 3, 8, 0, 0, 0, 2
NOTE, 9, 1, 2, 1, 0, 2, 3
NOTE, 9, 5, 8, 0, 2, 3, 0
NOTE, 9, 3, 4, 0, 3, 1, 1
NOTE, 9, 13, 16, 1, 0, 0, 0
NOTE, 9, 7, 8, 0, 1, 0, 0
NOTE, 10, 0, 1, 0, 0, 0, 1
NOTE, 10, 1, 16, 0, 0, 1, 0
NOTE, 10, 3, 16, 0, 2, 0, 0
NOTE, 10, 1, 4, 0, 0, 1, 0
NOTE, 10, 5, 16, 1, 3, 0, 0
NOTE, 10, 3, 8, 0, 0, 2, 0
NOTE, 10, 7, 16, 1, 0, 3, 0
NOTE, 10, 1, 2, 0, 1, 0, 1
NOTE, 10, 19, 32, 2, 0, 0, 0
NOTE, 10, 23, 32, 3, 0, 1, 0
NOTE, 10, 3, 4, 0, 1, 0, 1
NOTE, 10, 13, 16, 0, 0, 1, 0
NOTE, 10, 15, 16, 1, 0, 0, 0
NOTE, 11, 0, 1, 0, 0, 1, 1
NOTE, 11, 1, 8, 1, 0, 0, 0
NOTE, 11, 3, 16, 0, 0, 1, 1
NOTE, 11, 3, 8, 2, 0, 0, 0
NOTE, 11, 1, 2, 3, 0, 0, 2
NOTE, 11, 3, 4, 1, 1, 1, 3
NOTE, 11, 7, 8, 1, 0, 0, 0
NOTE, 11, 15, 16, 0, 0, 1, 0
NOTE, 12, 0, 1, 0, 1, 0, 1
NOTE, 12, 1, 4, 1, 0, 1, 0
NOTE, 12, 7, 16, 0, 1, 1, 0
NOTE, 12, 5, 8, 0, 0, 0, 1
NOTE, 12, 3, 4, 0, 1, 1, 0
NOTE, 12, 7, 8, 1, 0, 0, 0
NOTE, 13, 0, 1, 0, 1, 1, 0
NOTE, 13, 7, 8, 0, 1, 0, 0
NOTE, 13, 15, 16, 1, 0, 0, 0
NOTE, 14, 0, 1, 0, 0, 1, 1
NOTE, 14, 1, 4, 1, 1, 0, 0
NOTE, 14, 7, 16, 0, 0, 0, 1
NOTE, 14, 5, 8, 1, 0, 0, 0
NOTE, 14, 7, 8, 0, 0, 1, 0
NOTE, 15, 1, 8, 0, 1, 0, 0
NOTE, 15, 1, 4, 1, 1, 1, 1
NOTE, 15, 3, 8, 2, 0, 0, 0
NOTE, 15, 1, 2, 3, 1, 0, 1
NOTE, 15, 9, 16, 0, 0, 1, 0
NOTE, 15, 5, 8, 1, 1, 0, 0
NOTE, 15, 3, 4, 0, 0, 1, 1
NOTE, 16, 0, 1, 1, 1, 0, 1
NOTE, 16, 5, 32, 1, 0, 0, 0
NOTE, 16, 13, 64, 0, 1, 0, 0
NOTE, 16, 5, 16, 1, 0, 0, 0
NOTE, 16, 3, 8, 0, 0, 1, 0
NOTE, 16, 7, 16, 0, 1, 0, 0
NOTE, 16, 1, 2, 0, 0, 1, 1
NOTE, 16, 9, 16, 1, 0, 0, 0
NOTE, 16, 5, 8, 0, 0, 1, 0
NOTE, 16, 11, 16, 0, 1, 0, 0
NOTE, 16, 3, 4, 1, 0, 1, 0
NOTE, 16, 13, 16, 0, 0, 0, 1
NOTE, 16, 7, 8, 0, 1, 0, 0
NOTE, 17, 0, 1, 1, 0, 1, 1
NOTE, 17, 5, 32, 0, 1, 0, 0
NOTE, 17, 13, 64, 0, 0, 0, 1
NOTE, 17, 3, 8, 1, 0, 1, 0
NOTE, 17, 1, 2, 1, 1, 0, 0
NOTE, 17, 9, 16, 0, 0, 1, 0
NOTE, 17, 5, 8, 0, 0, 0, 1
NOTE, 17, 13, 16, 1, 0, 0, 0
NOTE, 17, 7, 8, 0, 0, 0, 1
NOTE, 18, 0, 1, 1, 1, 0, 0
NOTE, 18, 1, 16, 0, 0, 0, 1
NOTE, 18, 3, 16, 0, 0, 1, 0
NOTE, 18, 1, 4, 0, 1, 0, 1
NOTE, 18, 3, 8, 1, 0, 0, 0
NOTE, 18, 7, 16, 0, 2, 0, 0
NOTE, 18, 1, 2, 0, 3, 0, 0
NOTE, 18, 9, 16, 0, 0, 1, 0
NOTE, 18, 5, 8, 0, 0, 0, 1
NOTE, 18, 11, 16, 0, 0, 1, 0
NOTE, 18, 3, 4, 0, 1, 0, 1
NOTE, 18, 13, 16, 0, 0, 1, 0
NOTE, 18, 7, 8, 1, 0, 0, 0
NOTE, 18, 15, 16, 0, 0, 0, 1
NOTE, 19, 0, 1, 0, 1, 1, 0
NOTE, 19, 1, 8, 0, 0, 0, 1
NOTE, 19, 3, 16, 2, 0, 0, 0
NOTE, 19, 1, 4, 0, 1, 1, 0
NOTE, 19, 5, 16, 3, 0, 0, 1
NOTE, 19, 3, 8, 0, 0, 1, 0
NOTE, 19, 7, 16, 0, 1, 0, 0
NOTE, 19, 1, 2, 1, 0, 0, 1
NOTE, 19, 9, 16, 0, 1, 0, 0
NOTE, 19, 5, 8, 0, 0, 1, 1
NOTE, 19, 11, 16, 0, 1, 0, 0
NOTE, 19, 3, 4, 1, 0, 1, 2
NOTE, 19, 7, 8, 0, 1, 0, 3
NOTE, 19, 15, 16, 2, 0, 0, 0
NOTE, 20, 0, 1, 0, 0, 1, 1
NOTE, 20, 1, 16, 3, 1, 0, 0
NOTE, 20, 3, 16, 0, 0, 2, 0
NOTE, 20, 1, 4, 0, 1, 3, 1
NOTE, 20, 5, 16, 1, 0, 0, 0
NOTE, 20, 3, 8, 0, 0, 2, 0
NOTE, 20, 1, 2, 1, 1, 3, 0
NOTE, 20, 5, 8, 0, 0, 0, 1
NOTE, 20, 3, 4, 2, 1, 1, 0
NOTE, 20, 7, 8, 3, 0, 0, 1
NOTE, 20, 15, 16, 0, 0, 2, 0
NOTE, 21, 0, 1, 0, 1, 3, 1
NOTE, 21, 1, 16, 1, 0, 0, 0
NOTE, 21, 1, 8, 0, 0, 0, 1
NOTE, 21, 3, 16, 0, 0, 1, 0
NOTE, 21, 1, 4, 1, 1, 0, 0
NOTE, 21, 5, 16, 0, 0, 1, 0
NOTE, 21, 3, 8, 0, 1, 0, 1
NOTE, 21, 7, 16, 0, 0, 1, 0
NOTE, 21, 1, 2, 1, 2, 0, 1
NOTE, 21, 5, 8, 0, 3, 1, 0
NOTE, 21, 3, 4, 1, 1, 1, 1
NOTE, 22, 0, 1, 1, 1, 1, 1
NOTE, 22, 1, 8, 1, 0, 0, 0
NOTE, 22, 3, 16, 0, 1, 0, 0
NOTE, 22, 1, 4, 0, 0, 1, 2
NOTE, 22, 3, 8, 1, 0, 1, 3
NOTE, 22, 7, 16, 0, 1, 0, 1
NOTE, 22, 9, 16, 1, 0, 0, 0
NOTE, 22, 5, 8, 0, 0, 2, 0
NOTE, 22, 3, 4, 0, 2, 3, 1
NOTE, 22, 7, 8, 1, 3, 0, 0
NOTE, 22, 15, 16, 0, 0, 0, 2
NOTE, 23, 1, 16, 0, 0, 2, 0
NOTE, 23, 1, 8, 2, 0, 0, 0
NOTE, 23, 1, 4, 3, 1, 3, 3
NOTE, 23, 3, 8, 2, 0, 0, 2
NOTE, 23, 3, 4, 3, 1, 1, 3
NOTE, 23, 7, 8, 0, 0, 1, 0
NOTE, 23, 15, 16, 0, 1, 0, 0
NOTE, 24, 0, 1, 0, 0, 1, 1
NOTE, 24, 1, 8, 0, 1, 0, 0
NOTE, 24, 3, 16, 0, 0, 1, 0
NOTE, 24, 1, 4, 2, 1, 0, 1
NOTE, 24, 7, 16, 3, 1, 1, 0
NOTE, 24, 5, 8, 0, 0, 0, 2
NOTE, 24, 7, 8, 0, 1, 0, 3
NOTE, 25, 1, 8, 1, 0, 0, 0
NOTE, 25, 3, 16, 0, 0, 0, 1
NOTE, 25, 1, 4, 2, 1, 0, 0
NOTE, 25, 3, 8, 3, 0, 1, 0
NOTE, 25, 7, 16, 0, 2, 0, 0
NOTE, 25, 9, 16, 0, 3, 1, 0
NOTE, 25, 5, 8, 0, 0, 0, 1
NOTE, 25, 3, 4, 2, 1, 1, 1
NOTE, 26, 0, 1, 3, 1, 1, 2
NOTE, 26, 1, 4, 1, 1, 1, 3
NOTE, 26, 3, 8, 0, 0, 0, 1
NOTE, 26, 7, 16, 0, 0, 2, 0
NOTE, 26, 1, 2, 1, 1, 0, 1
NOTE, 26, 5, 8, 1, 1, 3, 0
NOTE, 26, 3, 4, 0, 1, 1, 0
NOTE, 26, 7, 8, 0, 0, 1, 1
NOTE, 27, 0, 1, 0, 1, 1, 0
NOTE, 27, 1, 8, 0, 2, 1, 0
NOTE, 27, 1, 4, 1, 0, 0, 1
NOTE, 27, 3, 8, 0, 0, 1, 0
NOTE, 27, 7, 16, 1, 0, 0, 0
NOTE, 27, 9, 16, 0, 0, 1, 0
NOTE, 27, 5, 8, 0, 3, 0, 2
NOTE, 27, 3, 4, 1, 1, 0, 3
NOTE, 27, 15, 16, 0, 0, 0, 1
NOTE, 28, 0, 1, 1, 1, 0, 0
NOTE, 28, 1, 16, 0, 0, 1, 0
NOTE, 28, 1, 8, 0, 1, 0, 0
NOTE, 28, 3, 16, 0, 0, 0, 2
NOTE, 28, 1, 4, 1, 1, 0, 0
NOTE, 28, 5, 16, 0, 0, 0, 3
NOTE, 28, 7, 16, 1, 0, 0, 0
NOTE, 28, 1, 2, 0, 0, 1, 1
NOTE, 28, 9, 16, 0, 1, 0, 0
NOTE, 28, 5, 8, 0, 0, 1, 0
NOTE, 28, 11, 16, 2, 0, 0, 0
NOTE, 28, 3, 4, 0, 0, 1, 1
NOTE, 28, 13, 16, 3, 0, 0, 0
NOTE, 28, 7, 8, 0, 0, 2, 0
NOTE, 29, 0, 1, 0, 2, 3, 0
NOTE, 29, 1, 8, 0, 3, 0, 2
NOTE, 29, 3, 16, 1, 0, 1, 0
NOTE, 29, 3, 8, 0, 0, 0, 3
NOTE, 29, 1, 2, 1, 1, 1, 0
NOTE, 29, 5, 8, 0, 0, 0, 1
NOTE, 29, 3, 4, 0, 2, 1, 0
NOTE, 29, 15, 16, 1, 3, 0, 0
NOTE, 30, 1, 8, 0, 0, 1, 0
NOTE, 30, 3, 16, 0, 1, 0, 0
NOTE, 30, 1, 4, 1, 0, 1, 0
NOTE, 30, 5, 16, 0, 1, 0, 0
NOTE, 30, 3, 8, 0, 0, 1, 0
NOTE, 30, 7, 16, 0, 1, 0, 0
NOTE, 30, 1, 2, 1, 0, 1, 0
NOTE, 30, 9, 16, 0, 0, 0, 1
NOTE, 30, 5, 8, 0, 0, 1, 0
NOTE, 30, 3, 4, 1, 0, 1, 1
NOTE, 30, 7, 8, 0, 1, 1, 1
NOTE, 31, 0, 1, 1, 1, 1, 0
NOTE, 31, 1, 8, 0, 0, 1, 1
NOTE, 31, 3, 16, 1, 1, 0, 0
NOTE, 31, 3, 8, 2, 0, 0, 2
NOTE, 31, 3, 4, 3, 1, 1, 3
NOTE, 31, 7, 8, 0, 1, 0, 0
NOTE, 31, 15, 16, 0, 0, 1, 0
NOTE, 32, 0, 1, 1, 1, 0, 0
NOTE, 32, 1, 8, 0, 0, 1, 0
NOTE, 32, 3, 16, 0, 1, 0, 0
NOTE, 32, 1, 4, 1, 0, 1, 2
NOTE, 32, 7, 16, 0, 1, 1, 3
NOTE, 32, 5, 8, 2, 0, 0, 0
NOTE, 32, 7, 8, 3, 0, 1, 0
NOTE, 33, 1, 8, 0, 0, 0, 1
NOTE, 33, 3, 16, 1, 0, 0, 0
NOTE, 33, 1, 4, 0, 0, 1, 2
NOTE, 33, 3, 8, 0, 1, 0, 3
NOTE, 33, 7, 16, 0, 0, 2, 0
NOTE, 33, 9, 16, 0, 1, 3, 0
NOTE, 33, 5, 8, 1, 0, 0, 0
NOTE, 33, 3, 4, 1, 1, 1, 2
NOTE, 34, 0, 1, 2, 1, 1, 3
NOTE, 34, 1, 4, 3, 1, 1, 1
NOTE, 34, 3, 8, 0, 0, 1, 0
NOTE, 34, 7, 16, 2, 0, 0, 0
NOTE, 34, 1, 2, 0, 1, 0, 1
NOTE, 34, 5, 8, 3, 1, 2, 0
NOTE, 34, 3, 4, 1, 1, 0, 0
NOTE, 34, 7, 8, 0, 0, 3, 1
NOTE, 35, 1, 8, 0, 1, 0, 0
NOTE, 35, 3, 16, 0, 0, 0, 1
NOTE, 35, 1, 4, 2, 1, 0, 0
NOTE, 35, 3, 8, 0, 0, 0, 1
NOTE, 35, 7, 16, 0, 0, 2, 0
NOTE, 35, 9, 16, 3, 1, 3, 0
NOTE, 35, 5, 8, 0, 0, 0, 2
NOTE, 35, 3, 4, 1, 1, 0, 3
NOTE, 35, 15, 16, 1, 0, 0, 0
NOTE, 36, 0, 1, 0, 1, 1, 0
NOTE, 36, 1, 16, 0, 0, 0, 1
NOTE, 36, 1, 8, 0, 0, 1, 0
NOTE, 36, 3, 16, 0, 2, 0, 0
NOTE, 36, 1, 4, 1, 0, 1, 0
NOTE, 36, 5, 16, 0, 3, 0, 0
NOTE, 36, 7, 16, 0, 0, 0, 1
NOTE, 36, 1, 2, 0, 1, 1, 0
NOTE, 36, 9, 16, 1, 0, 0, 0
NOTE, 36, 5, 8, 0, 1, 0, 0
NOTE, 36, 11, 16, 0, 0, 2, 0
NOTE, 36, 3, 4, 0, 1, 0, 1
NOTE, 36, 13, 16, 0, 0, 3, 0
NOTE, 36, 7, 8, 2, 0, 0, 0
NOTE, 37, 0, 1, 3, 2, 1, 0
NOTE, 37, 1, 8, 0, 3, 1, 0
NOTE, 37, 3, 16, 1, 0, 0, 1
NOTE, 37, 1, 2, 0, 1, 0, 1
NOTE, 37, 5, 8, 2, 0, 0, 0
NOTE, 37, 3, 4, 3, 2, 1, 1
NOTE, 37, 15, 16, 1, 3, 0, 0
NOTE, 38, 1, 8, 0, 0, 0, 1
NOTE, 38, 3, 16, 0, 0, 1, 0
NOTE, 38, 1, 4, 1, 2, 0, 0
NOTE, 38, 7, 16, 0, 0, 1, 0
NOTE, 38, 1, 2, 1, 3, 0, 0
NOTE, 38, 5, 8, 0, 0, 0, 1
NOTE, 38, 3, 4, 1, 1, 1, 1
NOTE, 38, 7, 8, 0, 0, 1, 0
NOTE, 39, 0, 1, 1, 1, 0, 1
NOTE, 39, 1, 8, 1, 1, 0, 0
NOTE, 39, 3, 16, 0, 0, 1, 1
NOTE, 39, 3, 4, 0, 1, 1, 0
NOTE, 39, 7, 8, 1, 0, 0, 0
NOTE, 39, 15, 16, 2, 0, 0, 0
NOTE, 40, 1, 16, 0, 0, 0, 1
NOTE, 40, 1, 8, 3, 0, 0, 2
NOTE, 40, 1, 4, 0, 1, 0, 0
NOTE, 40, 5, 16, 0, 2, 0, 3
NOTE, 40, 7, 16, 0, 0, 1, 0
NOTE, 40, 1, 2, 0, 3, 2, 0
NOTE, 40, 5, 8, 1, 0, 0, 0
NOTE, 40, 11, 16, 2, 0, 3, 0
NOTE, 40, 13, 16, 0, 0, 0, 1
NOTE, 40, 7, 8, 3, 0, 0, 2
NOTE, 41, 0, 1, 0, 1, 0, 0
NOTE, 41, 1, 16, 0, 2, 0, 3
NOTE, 41, 3, 16, 0, 0, 1, 0
NOTE, 41, 1, 4, 0, 3, 2, 0
NOTE, 41, 3, 8, 0, 1, 0, 0
NOTE, 41, 7, 16, 0, 2, 3, 0
NOTE, 41, 9, 16, 0, 0, 1, 0
NOTE, 41, 5, 8, 0, 3, 2, 0
NOTE, 41, 3, 4, 1, 0, 0, 0
NOTE, 41, 13, 16, 2, 0, 3, 0
NOTE, 41, 15, 16, 0, 0, 0, 1
NOTE, 42, 0, 1, 3, 0, 0, 2
NOTE, 42, 1, 8, 1, 0, 0, 0
NOTE, 42, 3, 16, 2, 0, 0, 3
NOTE, 42, 5, 16, 0, 0, 0, 1
NOTE, 42, 3, 8, 3, 0, 0, 2
NOTE, 42, 1, 2, 0, 1, 0, 0
NOTE, 42, 9, 16, 0, 2, 0, 3
NOTE, 42, 11, 16, 0, 0, 1, 0
NOTE, 42, 3, 4, 0, 3, 2, 0
NOTE, 42, 7, 8, 1, 0, 0, 0
NOTE, 42, 15, 16, 2, 0, 3, 0
NOTE, 43, 1, 8, 3, 1, 0, 0
NOTE, 43, 1, 4, 0, 1, 0, 2
NOTE, 43, 3, 8, 0, 0, 2, 0
NOTE, 43, 1, 2, 1, 2, 3, 3
NOTE, 43, 5, 8, 2, 0, 0, 0
NOTE, 43, 3, 4, 3, 3, 0, 0
NOTE, 43, 13, 16, 0, 0, 0, 1
NOTE, 43, 7, 8, 0, 0, 0, 2
NOTE, 44, 0, 1, 1, 0, 0, 0
NOTE, 44, 1, 16, 2, 0, 0, 3
NOTE, 44, 3, 16, 0, 0, 1, 0
NOTE, 44, 1, 4, 3, 0, 2, 0
NOTE, 44, 3, 8, 0, 1, 0, 0
NOTE, 44, 7, 16, 0, 2, 3, 0
NOTE, 44, 9, 16, 0, 0, 0, 1
NOTE, 44, 5, 8, 0, 3, 0, 2
NOTE, 44, 3, 4, 1, 0, 0, 0
NOTE, 44, 13, 16, 2, 0, 0, 3
NOTE, 44, 15, 16, 0, 0, 1, 0
NOTE, 45, 0, 1, 3, 0, 2, 0
NOTE, 45, 1, 8, 0, 1, 0, 0
NOTE, 45, 3, 16, 0, 2, 3, 0
NOTE, 45, 5, 16, 0, 0, 1, 0
NOTE, 45, 3, 8, 0, 3, 2, 0
NOTE, 45, 1, 2, 0, 1, 0, 0
NOTE, 45, 9, 16, 0, 2, 3, 0
NOTE, 45, 11, 16, 0, 0, 0, 1
NOTE, 45, 3, 4, 0, 3, 0, 2
NOTE, 45, 7, 8, 1, 0, 0, 0
NOTE, 45, 15, 16, 2, 0, 0, 3
NOTE, 46, 1, 16, 0, 0, 0, 1
NOTE, 46, 1, 8, 3, 0, 0, 2
NOTE, 46, 1, 4, 1, 0, 0, 0
NOTE, 46, 5, 16, 2, 0, 0, 3
NOTE, 46, 7, 16, 0, 0, 1, 0
NOTE, 46, 1, 2, 3, 0, 2, 0
NOTE, 46, 5, 8, 0, 1, 0, 0
NOTE, 46, 11, 16, 0, 2, 3, 0
NOTE, 46, 13, 16, 0, 0, 0, 1
NOTE, 46, 7, 8, 0, 3, 0, 2
NOTE, 47, 0, 1, 1, 0, 0, 0
NOTE, 47, 1, 16, 2, 0, 0, 3
NOTE, 47, 3, 16, 0, 0, 0, 1
NOTE, 47, 1, 4, 3, 0, 0, 2
NOTE, 47, 3, 8, 2, 0, 0, 0
NOTE, 47, 1, 2, 3, 1, 1, 3
NOTE, 47, 9, 16, 1, 0, 0, 0
NOTE, 47, 5, 8, 0, 0, 0, 1
NOTE, 47, 3, 4, 1, 1, 1, 1
NOTE, 48, 0, 1, 0, 2, 0, 0
NOTE, 48, 5, 32, 1, 3, 0, 0
NOTE, 48, 3, 16, 0, 0, 1, 0
NOTE, 48, 1, 4, 1, 1, 0, 0
NOTE, 48, 5, 16, 0, 0, 0, 1
NOTE, 48, 3, 8, 0, 1, 0, 0
NOTE, 48, 7, 16, 0, 0, 1, 1
NOTE, 48, 1, 2, 1, 1, 0, 0
NOTE, 48, 9, 16, 0, 0, 0, 1
NOTE, 48, 5, 8, 1, 1, 1, 0
NOTE, 48, 11, 16, 0, 0, 0, 1
NOTE, 48, 3, 4, 1, 1, 0, 0
NOTE, 48, 25, 32, 0, 0, 1, 0
NOTE, 48, 13, 16, 0, 0, 0, 1
NOTE, 48, 7, 8, 0, 1, 0, 0
NOTE, 49, 0, 1, 0, 0, 2, 2
NOTE, 49, 3, 16, 0, 1, 3, 3
NOTE, 49, 3, 8, 2, 0, 0, 0
NOTE, 49, 1, 2, 3, 1, 0, 1
NOTE, 49, 9, 16, 0, 0, 1, 0
NOTE, 49, 5, 8, 0, 2, 0, 0
NOTE, 49, 23, 32, 0, 3, 0, 0
NOTE, 49, 3, 4, 1, 0, 0, 1
NOTE, 49, 13, 16, 0, 0, 1, 0
NOTE, 49, 7, 8, 0, 0, 0, 2
NOTE, 50, 0, 1, 1, 0, 0, 3
NOTE, 50, 1, 16, 0, 2, 0, 0
NOTE, 50, 3, 16, 1, 3, 0, 0
NOTE, 50, 1, 4, 0, 0, 1, 1
NOTE, 50, 5, 16, 1, 0, 0, 0
NOTE, 50, 3, 8, 0, 0, 1, 0
NOTE, 50, 7, 16, 0, 1, 0, 0
NOTE, 50, 9, 16, 0, 0, 0, 1
NOTE, 50, 5, 8, 0, 1, 0, 0
NOTE, 50, 11, 16, 0, 0, 1, 0
NOTE, 50, 3, 4, 1, 1, 0, 0
NOTE, 50, 13, 16, 0, 0, 1, 0
NOTE, 50, 7, 8, 1, 0, 0, 0
NOTE, 50, 15, 16, 0, 0, 0, 1
NOTE, 51, 0, 1, 0, 1, 1, 0
NOTE, 51, 1, 16, 1, 0, 0, 0
NOTE, 51, 1, 8, 0, 0, 1, 0
NOTE, 51, 3, 16, 0, 2, 0, 0
NOTE, 51, 1, 4, 1, 3, 0, 1
NOTE, 51, 3, 8, 0, 0, 2, 0
NOTE, 51, 1, 2, 0, 1, 3, 1
NOTE, 51, 9, 16, 1, 0, 0, 0
NOTE, 51, 5, 8, 0, 0, 1, 0
NOTE, 51, 3, 4, 1, 1, 0, 1
NOTE, 52, 0, 1, 1, 1, 0, 2
NOTE, 52, 5, 32, 0, 0, 1, 3
NOTE, 52, 3, 16, 0, 1, 0, 0
NOTE, 52, 5, 16, 1, 0, 0, 0
NOTE, 52, 3, 8, 0, 0, 1, 0
NOTE, 52, 7, 16, 0, 1, 0, 0
NOTE, 52, 1, 2, 0, 0, 1, 1
NOTE, 52, 9, 16, 1, 0, 0, 0
NOTE, 52, 5, 8, 0, 1, 1, 0
NOTE, 52, 11, 16, 1, 0, 0, 0
NOTE, 52, 3, 4, 0, 1, 1, 1
NOTE, 53, 0, 1, 2, 0, 2, 1
NOTE, 53, 5, 32, 3, 1, 3, 0
NOTE, 53, 3, 16, 0, 0, 0, 1
NOTE, 53, 5, 16, 1, 0, 0, 0
NOTE, 53, 3, 8, 0, 1, 0, 0
NOTE, 53, 1, 2, 1, 0, 0, 1
NOTE, 53, 9, 16, 0, 0, 1, 0
NOTE, 53, 5, 8, 0, 1, 0, 0
NOTE, 53, 3, 4, 0, 0, 1, 1
NOTE, 53, 13, 16, 1, 1, 0, 0
NOTE, 53, 7, 8, 0, 1, 0, 0
NOTE, 54, 0, 1, 1, 0, 1, 1
NOTE, 54, 1, 16, 0, 0, 1, 0
NOTE, 54, 3, 16, 0, 0, 0, 1
NOTE, 54, 1, 4, 1, 1, 1, 0
NOTE, 54, 3, 8, 0, 0, 0, 1
NOTE, 54, 7, 16, 0, 0, 2, 0
NOTE, 54, 1, 2, 0, 1, 3, 0
NOTE, 54, 9, 16, 1, 0, 0, 0
NOTE, 54, 5, 8, 0, 1, 0, 0
NOTE, 54, 11, 16, 0, 0, 1, 0
NOTE, 54, 3, 4, 0, 1, 0, 1
NOTE, 54, 13, 16, 0, 0, 1, 0
NOTE, 54, 7, 8, 0, 1, 0, 0
NOTE, 54, 15, 16, 1, 0, 0, 0
NOTE, 55, 0, 1, 0, 1, 1, 0
NOTE, 55, 1, 16, 0, 0, 0, 1
NOTE, 55, 1, 8, 1, 0, 0, 0
NOTE, 55, 3, 16, 0, 2, 2, 0
NOTE, 55, 1, 4, 0, 3, 3, 1
NOTE, 55, 3, 8, 0, 2, 2, 0
NOTE, 55, 1, 2, 1, 0, 0, 1
NOTE, 55, 3, 4, 1, 3, 3, 1
NOTE, 55, 7, 8, 0, 0, 1, 0
NOTE, 55, 15, 16, 0, 1, 0, 0
NOTE, 56, 0, 1, 0, 0, 1, 1
NOTE, 56, 1, 8, 0, 1, 0, 0
NOTE, 56, 3, 16, 0, 0, 1, 0
NOTE, 56, 1, 4, 2, 1, 0, 1
NOTE, 56, 7, 16, 3, 1, 1, 0
NOTE, 56, 1, 2, 1, 0, 0, 0
NOTE, 56, 5, 8, 0, 0, 0, 2
NOTE, 56, 7, 8, 0, 1, 0, 3
NOTE, 57, 1, 8, 1, 0, 0, 0
NOTE, 57, 3, 16, 0, 0, 0, 1
NOTE, 57, 1, 4, 2, 1, 0, 0
NOTE, 57, 3, 8, 3, 0, 1, 0
NOTE, 57, 7, 16, 0, 2, 0, 0
NOTE, 57, 9, 16, 0, 3, 1, 0
NOTE, 57, 5, 8, 0, 0, 0, 1
NOTE, 57, 3, 4, 2, 1, 1, 1
NOTE, 57, 7, 8, 0, 0, 1, 0
NOTE, 58, 0, 1, 3, 1, 1, 2
NOTE, 58, 1, 8, 0, 1, 0, 0
NOTE, 58, 1, 4, 1, 1, 1, 3
NOTE, 58, 7, 16, 0, 0, 2, 0
NOTE, 58, 1, 2, 1, 1, 0, 1
NOTE, 58, 5, 8, 1, 1, 3, 0
NOTE, 58, 3, 4, 0, 1, 1, 0
NOTE, 58, 7, 8, 0, 0, 1, 1
NOTE, 59, 0, 1, 0, 1, 1, 0
NOTE, 59, 1, 8, 0, 2, 1, 0
NOTE, 59, 3, 16, 1, 0, 0, 0
NOTE, 59, 1, 4, 0, 0, 0, 1
NOTE, 59, 3, 8, 0, 0, 1, 0
NOTE, 59, 7, 16, 1, 0, 0, 0
NOTE, 59, 9, 16, 0, 0, 1, 0
NOTE, 59, 5, 8, 0, 3, 0, 2
NOTE, 59, 3, 4, 1, 1, 0, 3
NOTE, 59, 15, 16, 0, 0, 0, 1
NOTE, 60, 0, 1, 1, 1, 0, 0
NOTE, 60, 1, 16, 0, 0, 1, 0
NOTE, 60, 1, 8, 0, 1, 0, 0
NOTE, 60, 3, 16, 0, 0, 0, 2
NOTE, 60, 1, 4, 1, 1, 0, 0
NOTE, 60, 5, 16, 0, 0, 0, 3
NOTE, 60, 7, 16, 1, 0, 0, 0
NOTE, 60, 1, 2, 0, 0, 1, 1
NOTE, 60, 9, 16, 0, 1, 0, 0
NOTE, 60, 5, 8, 0, 0, 1, 0
NOTE, 60, 11, 16, 2, 0, 0, 0
NOTE, 60, 3, 4, 0, 0, 1, 1
NOTE, 60, 13, 16, 3, 0, 0, 0
NOTE, 60, 7, 8, 0, 0, 2, 0
NOTE, 61, 0, 1, 0, 2, 3, 0
NOTE, 61, 1, 8, 0, 3, 0, 2
NOTE, 61, 3, 16, 1, 0, 1, 0
NOTE, 61, 3, 8, 0, 0, 0, 3
NOTE, 61, 1, 2, 1, 1, 1, 0
NOTE, 61, 5, 8, 0, 0, 0, 1
NOTE, 61, 3, 4, 0, 2, 1, 0
NOTE, 61, 15, 16, 1, 3, 0, 0
NOTE, 62, 1, 8, 0, 0, 1, 0
NOTE, 62, 3, 16, 0, 1, 0, 0
NOTE, 62, 1, 4, 0, 0, 0, 2
NOTE, 62, 7, 16, 0, 0, 2, 3
NOTE, 62, 1, 2, 1, 1, 0, 0
NOTE, 62, 5, 8, 0, 0, 3, 1
NOTE, 62, 3, 4, 1, 0, 1, 1
NOTE, 62, 7, 8, 0, 1, 1, 1
NOTE, 63, 0, 1, 1, 1, 1, 0
NOTE, 63, 1, 8, 0, 0, 1, 1
NOTE, 63, 3, 16, 1, 1, 0, 0
NOTE, 63, 3, 4, 1, 1, 1, 1
NOTE, 63, 7, 8, 0, 1, 0, 0
NOTE, 63, 15, 16, 0, 0, 0, 1
NOTE, 64, 0, 1, 1, 1, 2, 0
NOTE, 64, 1, 8, 0, 0, 3, 2
NOTE, 64, 1, 4, 1, 1, 2, 3
NOTE, 64, 1, 2, 2, 1, 3, 1
NOTE, 64, 5, 8, 3, 1, 0, 0
NOTE, 64, 3, 4, 0, 1, 2, 1
NOTE, 65, 0, 1, 1, 1, 3, 0
NOTE, 65, 1, 4, 0, 1, 1, 0
NOTE, 65, 1, 2, 0, 0, 1, 1
NOTE, 65, 5, 8, 0, 1, 0, 0
NOTE, 65, 11, 16, 0, 0, 1, 0
NOTE, 65, 3, 4, 2, 1, 0, 1
NOTE, 66, 0, 1, 3, 2, 1, 1
NOTE, 66, 1, 8, 1, 3, 0, 0
NOTE, 66, 1, 4, 0, 1, 2, 1
NOTE, 66, 7, 16, 0, 2, 3, 0
NOTE, 66, 1, 2, 1, 0, 0, 1
NOTE, 66, 5, 8, 0, 0, 2, 0
NOTE, 66, 3, 4, 1, 0, 0, 2
NOTE, 67, 0, 1, 1, 0, 0, 0
NOTE, 67, 1, 4, 1, 0, 0, 0
NOTE, 67, 1, 2, 1, 3, 3, 3
NOTE, 67, 5, 8, 0, 1, 0, 0
NOTE, 67, 11, 16, 0, 0, 1, 0
NOTE, 67, 3, 4, 2, 0, 0, 2
NOTE, 67, 7, 8, 3, 0, 0, 3
NOTE, 68, 0, 1, 0, 1, 2, 0
NOTE, 68, 1, 8, 1, 0, 3, 0
NOTE, 68, 1, 4, 0, 2, 1, 0
NOTE, 68, 1, 2, 1, 0, 0, 1
NOTE, 68, 5, 8, 0, 3, 1, 0
NOTE, 68, 3, 4, 2, 1, 1, 2
NOTE, 68, 15, 16, 3, 1, 2, 3
NOTE, 69, 1, 8, 1, 1, 3, 1
NOTE, 69, 3, 8, 0, 2, 1, 0
NOTE, 69, 1, 2, 1, 0, 0, 2
NOTE, 69, 5, 8, 0, 0, 1, 0
NOTE, 69, 3, 4, 1, 3, 2, 3
NOTE, 69, 15, 16, 2, 0, 0, 0
NOTE, 70, 1, 8, 3, 1, 3, 0
NOTE, 70, 1, 4, 0, 0, 1, 2
NOTE, 70, 7, 16, 2, 0, 0, 0
NOTE, 70, 5, 8, 3, 1, 1, 3
NOTE, 70, 3, 4, 2, 0, 1, 1
NOTE, 70, 5, 6, 0, 0, 1, 1
NOTE, 70, 11, 12, 0, 0, 1, 1
NOTE, 71, 1, 12, 0, 0, 1, 1
NOTE, 71, 1, 6, 0, 0, 1, 1
NOTE, 71, 1, 4, 0, 0, 1, 1
NOTE, 71, 7, 16, 0, 1, 0, 0
NOTE, 71, 1, 2, 0, 0, 2, 2
NOTE, 71, 3, 4, 0, 2, 3, 3
NOTE, 71, 5, 6, 0, 0, 1, 1
NOTE, 71, 11, 12, 0, 0, 1, 1
NOTE, 72, 1, 12, 0, 0, 1, 1
NOTE, 72, 1, 6, 0, 0, 1, 1
NOTE, 72, 1, 4, 0, 0, 1, 1
NOTE, 72, 3, 8, 0, 0, 1, 0
NOTE, 72, 7, 16, 0, 0, 0, 1
NOTE, 72, 1, 2, 0, 0, 1, 0
NOTE, 72, 9, 16, 0, 0, 0, 1
NOTE, 72, 5, 8, 0, 0, 1, 0
NOTE, 72, 11, 16, 0, 0, 0, 1
NOTE, 72, 3, 4, 3, 3, 0, 0
NOTE, 77, 1, 8, 0, 0, 0, 2
NOTE, 77, 1, 4, 1, 0, 0, 0
NOTE, 77, 3, 8, 0, 1, 0, 0
NOTE, 77, 7, 16, 0, 0, 2, 0
NOTE, 77, 9, 16, 0, 1, 0, 0
NOTE, 77, 5, 8, 1, 0, 0, 0
NOTE, 77, 3, 4, 1, 1, 3, 3
NOTE, 77, 15, 16, 1, 0, 0, 0
NOTE, 78, 0, 1, 0, 0, 1, 1
NOTE, 78, 1, 16, 0, 1, 0, 0
NOTE, 78, 1, 8, 0, 0, 0, 1
NOTE, 78, 3, 16, 2, 0, 0, 0
NOTE, 78, 1, 4, 0, 1, 1, 0
NOTE, 78, 3, 8, 3, 0, 0, 0
NOTE, 78, 7, 16, 0, 0, 0, 1
NOTE, 78, 1, 2, 1, 1, 0, 0
NOTE, 78, 9, 16, 0, 0, 1, 0
NOTE, 78, 5, 8, 1, 0, 0, 0
NOTE, 78, 11, 16, 0, 0, 0, 2
NOTE, 78, 3, 4, 0, 1, 1, 0
NOTE, 78, 7, 8, 1, 0, 0, 3
NOTE, 79, 0, 1, 0, 1, 2, 1
NOTE, 79, 1, 8, 1, 0, 0, 0
NOTE, 79, 3, 16, 0, 2, 0, 0
NOTE, 79, 1, 4, 1, 0, 0, 1
NOTE, 79, 3, 8, 0, 3, 3, 0
NOTE, 79, 1, 2, 0, 0, 1, 1
NOTE, 79, 9, 16, 1, 0, 0, 0
NOTE, 79, 5, 8, 0, 0, 1, 0
NOTE, 79, 11, 16, 0, 1, 0, 0
NOTE, 79, 3, 4, 0, 0, 1, 2
NOTE, 79, 7, 8, 0, 0, 0, 3
NOTE, 79, 15, 16, 2, 0, 0, 0
NOTE, 80, 0, 1, 0, 1, 1, 0
NOTE, 80, 1, 16, 3, 0, 0, 0
NOTE, 80, 1, 8, 0, 0, 0, 1
NOTE, 80, 3, 16, 0, 0, 1, 0
NOTE, 80, 1, 4, 2, 1, 0, 0
NOTE, 80, 3, 8, 3, 1, 0, 0
NOTE, 80, 7, 16, 0, 0, 1, 0
NOTE, 80, 1, 2, 1, 2, 0, 2
NOTE, 80, 5, 8, 0, 3, 1, 3
NOTE, 80, 3, 4, 1, 0, 0, 0
NOTE, 80, 7, 8, 0, 0, 0, 1
NOTE, 81, 0, 1, 1, 0, 0, 0
NOTE, 81, 1, 8, 0, 0, 0, 1
NOTE, 81, 3, 16, 0, 1, 0, 0
NOTE, 81, 3, 8, 0, 0, 1, 2
NOTE, 81, 3, 4, 1, 1, 0, 3
NOTE, 81, 7, 8, 0, 0, 2, 0
NOTE, 81, 15, 16, 0, 1, 0, 0
NOTE, 82, 0, 1, 1, 0, 3, 1
NOTE, 82, 1, 8, 0, 2, 0, 0
NOTE, 82, 3, 16, 0, 0, 1, 0
NOTE, 82, 1, 4, 1, 3, 0, 2
NOTE, 82, 7, 16, 2, 0, 0, 3
NOTE, 82, 1, 2, 0, 1, 1, 0
NOTE, 82, 5, 8, 3, 2, 0, 0
NOTE, 82, 3, 4, 0, 0, 1, 1
NOTE, 82, 7, 8, 0, 3, 2, 0
NOTE, 83, 0, 1, 1, 0, 3, 1
NOTE, 83, 1, 8, 0, 1, 0, 0
NOTE, 83, 3, 16, 0, 0, 1, 0
NOTE, 83, 1, 4, 0, 2, 0, 1
NOTE, 83, 3, 8, 1, 3, 0, 0
NOTE, 83, 7, 16, 0, 0, 2, 0
NOTE, 83, 1, 2, 1, 1, 0, 0
NOTE, 83, 9, 16, 0, 0, 0, 1
NOTE, 83, 5, 8, 0, 1, 3, 0
NOTE, 83, 3, 4, 1, 2, 0, 1
NOTE, 83, 7, 8, 0, 0, 1, 0
NOTE, 84, 0, 1, 1, 3, 2, 1
NOTE, 84, 1, 8, 0, 1, 0, 0
NOTE, 84, 1, 4, 1, 0, 3, 1
NOTE, 84, 7, 16, 2, 0, 0, 0
NOTE, 84, 1, 2, 0, 0, 1, 1
NOTE, 84, 5, 8, 0, 2, 0, 0
NOTE, 84, 3, 4, 0, 0, 1, 1
NOTE, 84, 7, 8, 3, 3, 2, 0
NOTE, 85, 0, 1, 1, 1, 3, 1
NOTE, 85, 1, 8, 0, 1, 0, 2
NOTE, 85, 3, 16, 0, 0, 1, 0
NOTE, 85, 1, 4, 1, 1, 0, 0
NOTE, 85, 3, 8, 0, 0, 1, 0
NOTE, 85, 7, 16, 1, 1, 0, 0
NOTE, 85, 9, 16, 0, 0, 1, 0
NOTE, 85, 5, 8, 2, 2, 0, 0
NOTE, 85, 11, 16, 0, 0, 1, 0
NOTE, 85, 3, 4, 3, 3, 1, 3
NOTE, 85, 15, 16, 1, 0, 0, 0
NOTE, 86, 0, 1, 0, 0, 1, 0
NOTE, 86, 1, 16, 1, 0, 0, 0
NOTE, 86, 1, 8, 0, 0, 1, 0
NOTE, 86, 3, 16, 0, 2, 0, 0
NOTE, 86, 1, 4, 0, 0, 1, 1
NOTE, 86, 5, 16, 0, 3, 0, 0
NOTE, 86, 7, 16, 0, 0, 0, 1
NOTE, 86, 1, 2, 1, 1, 1, 0
NOTE, 86, 9, 16, 0, 0, 0, 1
NOTE, 86, 5, 8, 0, 1, 0, 0
NOTE, 86, 11, 16, 0, 0, 2, 2
NOTE, 86, 3, 4, 1, 1, 0, 0
NOTE, 86, 13, 16, 0, 0, 3, 3
NOTE, 86, 15, 16, 1, 1, 0, 0
NOTE, 87, 0, 1, 1, 1, 1, 1
NOTE, 87, 1, 16, 0, 0, 1, 1
NOTE, 87, 1, 8, 1, 1, 0, 0
NOTE, 87, 3, 16, 2, 2, 2, 2
NOTE, 87, 5, 16, 3, 3, 3, 3
NOTE, 87, 1, 2, 2, 0, 1, 1
NOTE, 87, 5, 8, 0, 2, 0, 0
NOTE, 87, 3, 4, 3, 3, 1, 1
NOTE, 87, 15, 16, 0, 0, 0, 1
NOTE, 88, 0, 1, 1, 1, 0, 0
NOTE, 88, 1, 8, 0, 0, 1, 0
NOTE, 88, 3, 16, 0, 1, 0, 0
NOTE, 88, 1, 4, 1, 0, 0, 2
NOTE, 88, 7, 16, 0, 0, 1, 3
NOTE, 88, 1, 2, 1, 1, 0, 0
NOTE, 88, 5, 8, 0, 0, 1, 0
NOTE, 88, 3, 4, 1, 1, 1, 1
NOTE, 88, 7, 8, 0, 1, 0, 1
NOTE, 89, 0, 1, 1, 1, 1, 1
NOTE, 89, 1, 8, 1, 0, 1, 0
NOTE, 89, 3, 16, 0, 1, 0, 1
NOTE, 89, 3, 8, 2, 0, 0, 0
NOTE, 89, 1, 2, 0, 1, 1, 0
NOTE, 89, 9, 16, 0, 0, 0, 1
NOTE, 89, 5, 8, 0, 0, 1, 0
NOTE, 89, 3, 4, 3, 1, 0, 1
NOTE, 89, 7, 8, 1, 0, 0, 0
NOTE, 89, 15, 16, 0, 1, 0, 0
NOTE, 90, 0, 1, 0, 0, 2, 1
NOTE, 90, 1, 16, 1, 0, 0, 0
NOTE, 90, 1, 8, 0, 1, 0, 0
NOTE, 90, 5, 32, 0, 0, 3, 1
NOTE, 90, 13, 64, 0, 0, 1, 0
NOTE, 90, 1, 4, 1, 0, 0, 0
NOTE, 90, 5, 16, 0, 1, 1, 0
NOTE, 90, 3, 8, 0, 0, 0, 1
NOTE, 90, 7, 16, 1, 0, 1, 0
NOTE, 90, 1, 2, 0, 1, 0, 1
NOTE, 90, 9, 16, 0, 0, 1, 0
NOTE, 90, 5, 8, 1, 0, 0, 1
NOTE, 90, 11, 16, 0, 1, 1, 0
NOTE, 90, 3, 4, 0, 0, 0, 1
NOTE, 90, 13, 16, 1, 0, 1, 0
NOTE, 90, 7, 8, 0, 1, 0, 1
NOTE, 91, 0, 1, 1, 0, 2, 2
NOTE, 91, 1, 16, 0, 1, 0, 0
NOTE, 91, 3, 16, 1, 0, 3, 3
NOTE, 91, 1, 4, 0, 1, 0, 0
NOTE, 91, 3, 8, 1, 0, 0, 2
NOTE, 91, 7, 16, 0, 1, 0, 0
NOTE, 91, 1, 2, 0, 0, 1, 3
NOTE, 91, 9, 16, 1, 0, 0, 1
NOTE, 91, 5, 8, 0, 1, 2, 0
NOTE, 91, 3, 4, 1, 0, 3, 1
NOTE, 91, 13, 16, 0, 1, 1, 0
NOTE, 91, 7, 8, 0, 0, 0, 1
NOTE, 91, 15, 16, 1, 0, 0, 0
NOTE, 92, 0, 1, 0, 1, 1, 0
NOTE, 92, 1, 16, 0, 0, 0, 1
NOTE, 92, 1, 8, 1, 0, 0, 0
NOTE, 92, 3, 16, 0, 1, 0, 1
NOTE, 92, 1, 4, 0, 0, 1, 0
NOTE, 92, 5, 16, 1, 0, 0, 0
NOTE, 92, 3, 8, 0, 1, 0, 1
NOTE, 92, 7, 16, 0, 0, 1, 0
NOTE, 92, 1, 2, 1, 0, 0, 0
NOTE, 92, 9, 16, 0, 1, 1, 0
NOTE, 92, 5, 8, 0, 0, 0, 1
NOTE, 92, 11, 16, 1, 0, 1, 0
NOTE, 92, 3, 4, 0, 1, 0, 1
NOTE, 92, 13, 16, 0, 0, 1, 0
NOTE, 92, 7, 8, 1, 0, 0, 1
NOTE, 92, 15, 16, 0, 1, 1, 0
NOTE, 93, 0, 1, 0, 0, 0, 2
NOTE, 93, 1, 16, 1, 0, 0, 0
NOTE, 93, 1, 8, 0, 2, 1, 3
NOTE, 93, 3, 16, 0, 0, 0, 1
NOTE, 93, 1, 4, 1, 0, 0, 0
NOTE, 93, 3, 8, 1, 0, 0, 0
NOTE, 93, 1, 2, 1, 0, 0, 0
NOTE, 93, 5, 8, 1, 0, 0, 0
NOTE, 93, 3, 4, 1, 3, 1, 1
NOTE, 93, 27, 32, 1, 0, 0, 0
NOTE, 93, 7, 8, 0, 0, 0, 1
NOTE, 93, 29, 32, 0, 1, 0, 0
NOTE, 93, 15, 16, 0, 0, 0, 2
NOTE, 94, 0, 1, 1, 1, 0, 0
NOTE, 94, 1, 16, 0, 1, 1, 3
NOTE, 94, 3, 16, 1, 0, 0, 2
NOTE, 94, 1, 4, 1, 1, 0, 0
NOTE, 94, 5, 16, 0, 0, 1, 3
NOTE, 94, 3, 8, 1, 0, 0, 2
NOTE, 94, 7, 16, 0, 1, 0, 0
NOTE, 94, 1, 2, 0, 0, 1, 3
NOTE, 94, 9, 16, 1, 0, 0, 0
NOTE, 94, 5, 8, 0, 1, 0, 1
NOTE, 94, 3, 4, 1, 1, 2, 0
NOTE, 94, 13, 16, 0, 1, 0, 0
NOTE, 94, 7, 8, 0, 0, 3, 1
NOTE, 94, 15, 16, 1, 0, 2, 0
NOTE, 95, 0, 1, 1, 1, 0, 0
NOTE, 95, 1, 16, 0, 0, 3, 1
NOTE, 95, 1, 8, 1, 0, 1, 0
NOTE, 95, 3, 16, 0, 1, 0, 2
NOTE, 95, 5, 16, 1, 0, 1, 3
NOTE, 95, 3, 8, 0, 1, 0, 1
NOTE, 95, 7, 16, 0, 0, 1, 0
NOTE, 95, 1, 2, 1, 1, 0, 2
NOTE, 95, 9, 16, 0, 1, 0, 0
NOTE, 95, 5, 8, 0, 0, 1, 3
NOTE, 95, 3, 4, 1, 1, 1, 1
NOTE, 96, 0, 1, 1, 1, 1, 1
NOTE, 96, 5, 64, 1, 0, 0, 0
NOTE, 96, 5, 32, 0, 0, 1, 1
NOTE, 96, 13, 64, 1, 1, 0, 0
NOTE, 96, 1, 4, 0, 0, 2, 2
NOTE, 96, 3, 8, 1, 1, 3, 3
NOTE, 96, 7, 16, 0, 0, 0, 2
NOTE, 96, 9, 16, 0, 0, 1, 3
NOTE, 96, 5, 8, 0, 1, 0, 0
NOTE, 96, 11, 16, 2, 0, 0, 0
NOTE, 96, 3, 4, 3, 1, 1, 1
NOTE, 96, 7, 8, 1, 1, 1, 0
NOTE, 97, 0, 1, 1, 1, 1, 1
NOTE, 97, 1, 8, 0, 1, 1, 1
NOTE, 97, 3, 16, 2, 0, 0, 0
NOTE, 98, 3, 4, 3, 0, 0, 0
