BPM, 154.00
OFFSET, -0.774
KeyMode: 4
SPEED, 2.8
SPEED, 1, 0, 1, 1.12
NOTE, 1, 0, 1, 1, 0, 1, 2
NOTE, 1, 1, 8, 0, 1, 0, 0
NOTE, 1, 1, 4, 1, 0, 0, 0
NOTE, 1, 3, 8, 0, 0, 1, 0
BPM, 1, 1, 2, 156
SPEED, 1, 1, 2, 1.1
NOTE, 1, 1, 2, 0, 1, 0, 0
NOTE, 1, 5, 8, 1, 0, 0, 0
NOTE, 1, 3, 4, 0, 0, 1, 0
NOTE, 1, 7, 8, 0, 1, 0, 0
BPM, 2, 0, 1, 160
SPEED, 2, 0, 1, 1.08
NOTE, 2, 0, 1, 0, 0, 1, 0
NOTE, 2, 1, 8, 0, 1, 0, 0
NOTE, 2, 1, 4, 0, 0, 1, 0
NOTE, 2, 3, 8, 0, 1, 0, 0
BPM, 2, 1, 2, 164
SPEED, 2, 1, 2, 1.05
NOTE, 2, 1, 2, 1, 0, 0, 0
NOTE, 2, 5, 8, 0, 1, 0, 0
NOTE, 2, 3, 4, 0, 0, 1, 0
NOTE, 2, 7, 8, 0, 1, 0, 0
BPM, 3, 0, 1, 168
SPEED, 3, 0, 1, 1.02
NOTE, 3, 0, 1, 2, 2, 1, 3
NOTE, 3, 1, 8, 0, 0, 0, 1
NOTE, 3, 1, 4, 3, 3, 1, 0
NOTE, 3, 3, 8, 0, 1, 0, 0
BPM, 3, 1, 2, 172
NOTE, 3, 1, 2, 1, 0, 2, 2
NOTE, 3, 5, 8, 0, 1, 0, 0
NOTE, 3, 3, 4, 1, 0, 3, 3
NOTE, 3, 7, 8, 0, 1, 0, 0
BPM, 4, 0, 1, 173
SPEED, 4, 0, 1, 0.99
NOTE, 4, 0, 1, 1, 0, 1, 1
NOTE, 4, 1, 8, 0, 1, 0, 0
NOTE, 4, 1, 4, 1, 0, 1, 1
NOTE, 4, 3, 8, 0, 0, 1, 0
NOTE, 4, 1, 2, 1, 1, 0, 1
NOTE, 4, 11, 16, 0, 1, 1, 0
NOTE, 4, 7, 8, 0, 1, 1, 0
BPM, 5, 0, 1, 172
NOTE, 5, 0, 1, 2, 2, 0, 1
NOTE, 5, 1, 8, 3, 3, 0, 1
NOTE, 5, 1, 4, 2, 2, 0, 0
NOTE, 5, 3, 8, 3, 3, 1, 0
NOTE, 5, 1, 2, 0, 2, 0, 2
NOTE, 5, 5, 8, 0, 3, 1, 3
NOTE, 5, 3, 4, 1, 1, 0, 0
NOTE, 5, 7, 8, 1, 1, 0, 0
NOTE, 6, 0, 1, 0, 0, 2, 2
NOTE, 6, 1, 8, 0, 1, 3, 3
NOTE, 6, 1, 4, 0, 0, 2, 2
NOTE, 6, 3, 8, 0, 1, 3, 3
NOTE, 6, 1, 2, 0, 0, 2, 2
NOTE, 6, 5, 8, 0, 1, 3, 3
NOTE, 6, 11, 16, 1, 0, 0, 0
NOTE, 6, 3, 4, 0, 0, 1, 1
NOTE, 6, 7, 8, 0, 1, 1, 0
NOTE, 7, 0, 1, 0, 2, 2, 0
NOTE, 7, 1, 8, 0, 3, 3, 1
NOTE, 7, 1, 4, 2, 0, 0, 2
NOTE, 7, 3, 8, 3, 0, 1, 3
NOTE, 7, 1, 2, 2, 0, 0, 2
NOTE, 7, 5, 8, 3, 0, 1, 3
NOTE, 7, 11, 16, 0, 1, 0, 0
NOTE, 7, 3, 4, 1, 0, 0, 1
NOTE, 7, 7, 8, 0, 1, 1, 0
NOTE, 7, 15, 16, 1, 0, 0, 0
NOTE, 8, 0, 1, 2, 0, 0, 2
NOTE, 8, 1, 8, 3, 0, 1, 3
NOTE, 8, 1, 4, 2, 0, 0, 2
NOTE, 8, 3, 8, 3, 1, 0, 3
NOTE, 8, 1, 2, 2, 0, 1, 1
NOTE, 8, 5, 8, 0, 1, 0, 0
NOTE, 8, 3, 4, 3, 0, 1, 1
NOTE, 8, 7, 8, 0, 0, 1, 1
NOTE, 9, 0, 1, 2, 2, 1, 0
NOTE, 9, 1, 8, 3, 3, 0, 1
NOTE, 9, 1, 4, 0, 2, 2, 0
NOTE, 9, 3, 8, 0, 3, 3, 1
NOTE, 9, 1, 2, 2, 2, 0, 0
NOTE, 9, 5, 8, 3, 3, 0, 1
NOTE, 9, 3, 4, 1, 1, 0, 0
NOTE, 9, 7, 8, 1, 1, 0, 0
NOTE, 10, 0, 1, 0, 0, 2, 2
NOTE, 10, 1, 8, 1, 0, 3, 3
NOTE, 10, 1, 4, 0, 2, 2, 0
NOTE, 10, 3, 8, 1, 3, 3, 0
NOTE, 10, 1, 2, 0, 0, 2, 2
NOTE, 10, 5, 8, 0, 1, 3, 3
NOTE, 10, 11, 16, 1, 0, 0, 0
NOTE, 10, 3, 4, 0, 1, 1, 0
NOTE, 10, 7, 8, 1, 0, 0, 1
NOTE, 11, 0, 1, 0, 2, 2, 0
NOTE, 11, 1, 8, 0, 3, 3, 1
NOTE, 11, 1, 4, 2, 0, 2, 0
NOTE, 11, 3, 8, 3, 0, 3, 1
NOTE, 11, 1, 2, 2, 2, 0, 0
NOTE, 11, 5, 8, 3, 3, 1, 0
NOTE, 11, 11, 16, 0, 0, 0, 1
NOTE, 11, 3, 4, 1, 0, 1, 0
NOTE, 11, 7, 8, 1, 0, 1, 0
NOTE, 11, 15, 16, 0, 1, 0, 0
NOTE, 12, 0, 1, 1, 0, 1, 1
SPEED, 12, 1, 16, 5.68
SPEED, 12, 1, 8, 0.68
SPEED, 12, 3, 16, 1
NOTE, 12, 1, 4, 1, 1, 1, 1
SPEED, 12, 5, 16, 5.68
SPEED, 12, 3, 8, 0.68
SPEED, 12, 7, 16, 1
NOTE, 12, 1, 2, 1, 1, 1, 1
SPEED, 12, 9, 16, 2.68
SPEED, 12, 5, 8, 0.68
SPEED, 12, 11, 16, 1
NOTE, 12, 3, 4, 0, 1, 0, 1
BPM, 13, 0, 1, 166
SPEED, 13, 0, 1, 1.04
NOTE, 13, 0, 1, 1, 0, 1, 1
NOTE, 13, 1, 4, 1, 0, 0, 0
BPM, 13, 1, 2, 168
SPEED, 13, 1, 2, 1.02
NOTE, 13, 1, 2, 0, 1, 1, 0
NOTE, 13, 3, 4, 0, 0, 0, 1
BPM, 14, 0, 1, 170
SPEED, 14, 0, 1, 1.01
NOTE, 14, 0, 1, 1, 0, 0, 1
NOTE, 14, 1, 4, 0, 1, 0, 0
NOTE, 14, 1, 2, 0, 0, 1, 1
NOTE, 14, 3, 4, 1, 0, 0, 0
NOTE, 14, 7, 8, 0, 1, 0, 0
BPM, 15, 0, 1, 172
NOTE, 15, 0, 1, 1, 0, 0, 1
NOTE, 15, 1, 4, 0, 0, 0, 1
NOTE, 15, 1, 2, 1, 0, 1, 0
NOTE, 15, 3, 4, 0, 0, 1, 0
BPM, 16, 0, 1, 174
SPEED, 16, 0, 1, 0.99
NOTE, 16, 0, 1, 1, 1, 0, 0
NOTE, 16, 1, 4, 0, 0, 0, 1
NOTE, 16, 3, 8, 0, 0, 1, 0
NOTE, 16, 1, 2, 0, 0, 0, 1
NOTE, 16, 5, 8, 1, 0, 0, 0
NOTE, 16, 3, 4, 0, 1, 0, 0
NOTE, 16, 7, 8, 0, 0, 1, 0
BPM, 17, 0, 1, 172
NOTE, 17, 0, 1, 1, 0, 0, 2
NOTE, 17, 3, 16, 1, 0, 0, 0
NOTE, 17, 1, 4, 0, 2, 0, 0
NOTE, 17, 3, 8, 2, 3, 0, 0
BPM, 17, 1, 2, 170
SPEED, 17, 1, 2, 1.01
NOTE, 17, 1, 2, 3, 1, 0, 3
NOTE, 17, 5, 8, 0, 0, 0, 1
NOTE, 17, 3, 4, 0, 0, 1, 0
NOTE, 17, 7, 8, 0, 1, 0, 0
BPM, 18, 0, 1, 168
SPEED, 18, 0, 1, 1.02
NOTE, 18, 0, 1, 2, 0, 0, 1
NOTE, 18, 3, 16, 0, 0, 0, 1
NOTE, 18, 1, 4, 0, 0, 2, 0
NOTE, 18, 3, 8, 0, 0, 3, 2
BPM, 18, 1, 2, 167
SPEED, 18, 1, 2, 1.03
NOTE, 18, 1, 2, 3, 0, 1, 3
NOTE, 18, 5, 8, 0, 1, 0, 0
NOTE, 18, 3, 4, 1, 0, 0, 0
NOTE, 18, 7, 8, 0, 1, 0, 0
BPM, 19, 0, 1, 172
NOTE, 19, 0, 1, 0, 2, 1, 2
NOTE, 19, 1, 4, 1, 3, 1, 3
BPM, 19, 1, 2, 173
SPEED, 19, 1, 2, 0.99
NOTE, 19, 1, 2, 2, 2, 0, 1
NOTE, 19, 3, 4, 3, 3, 1, 1
NOTE, 20, 0, 1, 1, 0, 1, 1
NOTE, 20, 1, 4, 1, 1, 0, 1
NOTE, 20, 3, 8, 0, 0, 1, 0
NOTE, 20, 7, 16, 0, 1, 0, 0
BPM, 20, 1, 2, 172
NOTE, 20, 1, 2, 1, 0, 1, 1
NOTE, 20, 5, 8, 1, 0, 0, 0
NOTE, 20, 3, 4, 0, 1, 0, 0
NOTE, 20, 7, 8, 0, 0, 1, 0
NOTE, 21, 0, 1, 0, 2, 1, 1
NOTE, 21, 3, 16, 2, 3, 0, 0
NOTE, 21, 1, 4, 0, 0, 1, 1
NOTE, 21, 3, 8, 3, 1, 0, 0
NOTE, 21, 7, 16, 0, 0, 1, 0
NOTE, 21, 1, 2, 1, 1, 0, 0
NOTE, 21, 5, 8, 2, 0, 0, 2
NOTE, 21, 11, 16, 3, 0, 0, 3
NOTE, 21, 3, 4, 2, 0, 2, 0
NOTE, 21, 13, 16, 3, 0, 3, 0
NOTE, 21, 7, 8, 0, 2, 2, 0
NOTE, 21, 15, 16, 0, 3, 3, 0
NOTE, 22, 0, 1, 1, 0, 2, 0
NOTE, 22, 3, 16, 0, 0, 3, 2
NOTE, 22, 1, 4, 1, 1, 0, 0
NOTE, 22, 3, 8, 0, 1, 0, 3
NOTE, 22, 7, 16, 0, 0, 1, 0
NOTE, 22, 1, 2, 1, 1, 0, 0
NOTE, 22, 5, 8, 2, 0, 0, 2
NOTE, 22, 11, 16, 3, 0, 0, 3
NOTE, 22, 3, 4, 0, 2, 2, 0
NOTE, 22, 13, 16, 0, 3, 3, 0
NOTE, 22, 7, 8, 2, 0, 0, 2
NOTE, 22, 15, 16, 3, 0, 0, 3
NOTE, 23, 0, 1, 0, 1, 2, 0
NOTE, 23, 1, 8, 1, 0, 0, 0
NOTE, 23, 1, 4, 1, 1, 3, 2
NOTE, 23, 3, 8, 0, 1, 0, 0
NOTE, 23, 1, 2, 2, 0, 1, 3
NOTE, 23, 5, 8, 0, 0, 1, 0
NOTE, 23, 3, 4, 0, 2, 1, 1
NOTE, 23, 7, 8, 0, 0, 1, 0
NOTE, 24, 0, 1, 3, 3, 1, 1
NOTE, 24, 1, 8, 0, 0, 2, 0
NOTE, 24, 1, 4, 1, 0, 3, 1
NOTE, 24, 3, 8, 0, 1, 1, 0
NOTE, 24, 1, 2, 1, 0, 0, 1
NOTE, 24, 5, 8, 2, 0, 0, 2
NOTE, 24, 11, 16, 3, 0, 0, 3
NOTE, 24, 3, 4, 2, 0, 0, 2
NOTE, 24, 13, 16, 3, 0, 0, 3
NOTE, 24, 7, 8, 0, 2, 2, 0
NOTE, 24, 15, 16, 0, 3, 3, 0
NOTE, 25, 0, 1, 1, 0, 2, 1
NOTE, 25, 3, 16, 0, 0, 3, 2
NOTE, 25, 1, 4, 1, 1, 0, 0
NOTE, 25, 3, 8, 0, 0, 1, 3
NOTE, 25, 7, 16, 0, 0, 0, 1
NOTE, 25, 1, 2, 1, 1, 0, 0
NOTE, 25, 5, 8, 2, 0, 0, 2
NOTE, 25, 11, 16, 3, 0, 0, 3
NOTE, 25, 3, 4, 0, 2, 2, 0
NOTE, 25, 13, 16, 0, 3, 3, 0
NOTE, 25, 7, 8, 2, 0, 0, 2
NOTE, 25, 15, 16, 3, 0, 0, 3
NOTE, 26, 0, 1, 0, 0, 2, 1
NOTE, 26, 3, 16, 2, 0, 3, 0
NOTE, 26, 1, 4, 0, 0, 1, 1
NOTE, 26, 3, 8, 3, 1, 0, 0
NOTE, 26, 7, 16, 1, 0, 0, 0
NOTE, 26, 1, 2, 0, 0, 1, 1
NOTE, 26, 5, 8, 2, 0, 2, 0
NOTE, 26, 11, 16, 3, 0, 3, 0
NOTE, 26, 3, 4, 2, 0, 2, 0
NOTE, 26, 13, 16, 3, 0, 3, 0
NOTE, 26, 7, 8, 0, 2, 0, 2
NOTE, 26, 15, 16, 0, 3, 0, 3
NOTE, 27, 0, 1, 1, 0, 1, 2
NOTE, 27, 1, 8, 0, 1, 0, 0
NOTE, 27, 1, 4, 1, 2, 1, 0
NOTE, 27, 3, 8, 1, 0, 0, 0
NOTE, 27, 1, 2, 2, 3, 1, 3
NOTE, 27, 5, 8, 0, 0, 0, 1
NOTE, 27, 3, 4, 0, 2, 1, 1
NOTE, 27, 7, 8, 0, 0, 1, 0
NOTE, 28, 0, 1, 3, 3, 1, 2
NOTE, 28, 1, 8, 0, 1, 0, 0
NOTE, 28, 1, 4, 1, 0, 1, 3
NOTE, 28, 3, 8, 1, 0, 0, 0
NOTE, 28, 7, 16, 0, 0, 1, 0
NOTE, 28, 1, 2, 0, 1, 0, 2
NOTE, 28, 5, 8, 1, 0, 0, 0
NOTE, 28, 3, 4, 0, 1, 1, 3
NOTE, 28, 7, 8, 0, 1, 1, 0
NOTE, 29, 0, 1, 1, 0, 1, 1
NOTE, 29, 1, 8, 0, 1, 0, 0
NOTE, 29, 1, 4, 1, 0, 1, 1
NOTE, 29, 3, 8, 0, 1, 0, 0
NOTE, 29, 1, 2, 1, 0, 1, 1
NOTE, 29, 5, 8, 0, 1, 0, 0
NOTE, 29, 3, 4, 1, 0, 1, 1
NOTE, 29, 7, 8, 0, 0, 1, 0
NOTE, 30, 0, 1, 1, 1, 0, 1
NOTE, 30, 1, 8, 0, 0, 1, 0
NOTE, 30, 1, 4, 1, 1, 0, 1
NOTE, 30, 3, 8, 0, 0, 1, 0
NOTE, 30, 1, 2, 1, 1, 0, 1
NOTE, 30, 5, 8, 0, 0, 1, 0
NOTE, 30, 3, 4, 1, 1, 2, 0
NOTE, 31, 0, 1, 1, 1, 3, 1
NOTE, 31, 1, 8, 0, 0, 2, 0
NOTE, 31, 1, 4, 1, 1, 3, 1
NOTE, 31, 3, 8, 0, 2, 0, 0
NOTE, 31, 1, 2, 1, 3, 1, 1
NOTE, 31, 5, 8, 0, 0, 2, 0
NOTE, 31, 3, 4, 1, 1, 3, 1
NOTE, 31, 7, 8, 0, 0, 2, 0
NOTE, 32, 0, 1, 1, 1, 3, 1
NOTE, 32, 1, 8, 0, 0, 2, 0
NOTE, 32, 1, 4, 1, 1, 3, 1
NOTE, 32, 3, 8, 0, 2, 0, 0
NOTE, 32, 1, 2, 1, 3, 1, 2
NOTE, 32, 5, 8, 1, 0, 0, 0
NOTE, 32, 11, 16, 0, 1, 0, 0
NOTE, 32, 3, 4, 0, 0, 1, 0
NOTE, 32, 13, 16, 0, 1, 0, 0
NOTE, 32, 7, 8, 1, 0, 0, 0
NOTE, 32, 15, 16, 0, 1, 0, 0
NOTE, 33, 0, 1, 1, 0, 1, 3
NOTE, 33, 1, 8, 1, 0, 0, 0
NOTE, 33, 1, 4, 0, 1, 1, 1
NOTE, 33, 3, 8, 0, 0, 1, 0
NOTE, 33, 1, 2, 1, 1, 1, 0
NOTE, 33, 5, 8, 0, 0, 1, 0
NOTE, 33, 3, 4, 1, 1, 0, 1
NOTE, 33, 7, 8, 0, 0, 1, 0
NOTE, 34, 0, 1, 0, 1, 1, 1
NOTE, 34, 1, 8, 1, 0, 0, 0
NOTE, 34, 1, 4, 0, 1, 1, 1
NOTE, 34, 3, 8, 1, 0, 0, 0
NOTE, 34, 1, 2, 1, 0, 1, 1
NOTE, 34, 9, 16, 0, 1, 0, 0
NOTE, 34, 5, 8, 1, 0, 0, 0
NOTE, 34, 11, 16, 0, 1, 0, 0
NOTE, 34, 3, 4, 0, 0, 1, 0
NOTE, 34, 13, 16, 0, 0, 0, 1
NOTE, 34, 7, 8, 0, 0, 1, 0
NOTE, 34, 15, 16, 0, 1, 0, 0
NOTE, 35, 0, 1, 1, 0, 1, 1
NOTE, 35, 1, 8, 0, 0, 1, 0
NOTE, 35, 1, 4, 1, 1, 0, 1
NOTE, 35, 3, 8, 0, 1, 0, 0
NOTE, 35, 1, 2, 1, 0, 1, 1
NOTE, 35, 5, 8, 0, 0, 1, 0
NOTE, 35, 3, 4, 1, 1, 0, 1
NOTE, 35, 7, 8, 0, 1, 0, 0
NOTE, 36, 0, 1, 1, 0, 1, 1
NOTE, 36, 1, 8, 0, 0, 1, 0
NOTE, 36, 1, 4, 1, 1, 0, 1
NOTE, 36, 3, 8, 0, 1, 0, 0
NOTE, 36, 1, 2, 1, 0, 1, 1
NOTE, 36, 9, 16, 0, 1, 0, 0
NOTE, 36, 5, 8, 0, 0, 1, 0
NOTE, 36, 11, 16, 0, 1, 0, 0
NOTE, 36, 3, 4, 0, 0, 1, 0
NOTE, 36, 13, 16, 0, 1, 0, 0
NOTE, 36, 7, 8, 0, 0, 1, 0
NOTE, 36, 15, 16, 0, 1, 0, 0
NOTE, 37, 0, 1, 1, 0, 1, 1
NOTE, 37, 1, 8, 0, 0, 0, 1
NOTE, 37, 1, 4, 1, 1, 1, 0
NOTE, 37, 3, 8, 0, 0, 1, 0
NOTE, 37, 1, 2, 1, 1, 0, 1
NOTE, 37, 5, 8, 0, 1, 0, 0
NOTE, 37, 3, 4, 1, 0, 1, 1
NOTE, 37, 7, 8, 0, 0, 1, 0
NOTE, 38, 0, 1, 1, 1, 0, 1
NOTE, 38, 1, 8, 0, 0, 0, 1
NOTE, 38, 1, 4, 1, 1, 1, 0
NOTE, 38, 3, 8, 1, 0, 0, 0
NOTE, 38, 1, 2, 0, 1, 1, 1
NOTE, 38, 9, 16, 1, 0, 0, 0
NOTE, 38, 5, 8, 0, 0, 0, 1
NOTE, 38, 11, 16, 1, 0, 0, 0
NOTE, 38, 3, 4, 0, 0, 0, 1
NOTE, 38, 13, 16, 1, 0, 0, 0
NOTE, 38, 7, 8, 0, 0, 0, 1
NOTE, 38, 15, 16, 1, 0, 0, 0
NOTE, 39, 0, 1, 0, 1, 1, 1
NOTE, 39, 1, 8, 0, 0, 0, 1
NOTE, 39, 1, 4, 1, 1, 1, 0
NOTE, 39, 3, 8, 1, 0, 0, 0
NOTE, 39, 1, 2, 0, 1, 1, 1
NOTE, 39, 5, 8, 0, 0, 0, 1
NOTE, 39, 3, 4, 1, 1, 1, 0
NOTE, 39, 7, 8, 0, 0, 0, 1
NOTE, 40, 0, 1, 1, 1, 1, 0
NOTE, 40, 1, 8, 0, 1, 0, 0
NOTE, 40, 1, 4, 1, 0, 1, 1
NOTE, 40, 3, 8, 1, 0, 0, 0
NOTE, 40, 1, 2, 0, 1, 1, 1
NOTE, 40, 9, 16, 1, 0, 0, 0
NOTE, 40, 5, 8, 0, 1, 0, 0
NOTE, 40, 11, 16, 1, 0, 0, 0
NOTE, 40, 3, 4, 0, 1, 1, 0
NOTE, 40, 13, 16, 0, 0, 0, 1
NOTE, 40, 7, 8, 0, 0, 1, 0
NOTE, 40, 15, 16, 0, 0, 0, 1
NOTE, 41, 0, 1, 1, 1, 1, 0
NOTE, 41, 1, 8, 1, 0, 0, 0
NOTE, 41, 1, 4, 0, 1, 1, 1
NOTE, 41, 3, 8, 0, 0, 1, 0
NOTE, 41, 1, 2, 1, 1, 1, 0
NOTE, 41, 5, 8, 0, 0, 0, 1
NOTE, 41, 3, 4, 0, 1, 1, 1
NOTE, 41, 7, 8, 0, 0, 1, 0
NOTE, 42, 0, 1, 1, 1, 1, 0
NOTE, 42, 1, 8, 1, 0, 0, 0
NOTE, 42, 1, 4, 0, 1, 1, 1
NOTE, 42, 3, 8, 0, 0, 1, 0
NOTE, 42, 1, 2, 1, 1, 1, 0
NOTE, 42, 9, 16, 0, 0, 0, 1
NOTE, 42, 5, 8, 0, 0, 1, 0
NOTE, 42, 11, 16, 0, 1, 0, 0
NOTE, 42, 3, 4, 1, 0, 2, 0
NOTE, 42, 13, 16, 0, 1, 0, 0
NOTE, 42, 7, 8, 1, 0, 0, 0
NOTE, 42, 15, 16, 0, 1, 0, 0
NOTE, 43, 0, 1, 1, 0, 3, 1
NOTE, 43, 1, 8, 0, 0, 1, 0
NOTE, 43, 1, 4, 1, 1, 0, 1
NOTE, 43, 3, 8, 0, 1, 0, 0
NOTE, 43, 1, 2, 1, 0, 1, 1
NOTE, 43, 5, 8, 1, 0, 0, 0
NOTE, 43, 3, 4, 0, 1, 1, 1
NOTE, 43, 7, 8, 0, 0, 0, 1
NOTE, 44, 0, 1, 1, 1, 1, 0
NOTE, 44, 1, 8, 0, 0, 1, 0
NOTE, 44, 1, 4, 1, 1, 0, 1
NOTE, 44, 3, 8, 0, 1, 0, 0
NOTE, 44, 1, 2, 2, 0, 1, 1
NOTE, 44, 9, 16, 0, 1, 0, 0
NOTE, 44, 5, 8, 0, 0, 1, 0
NOTE, 44, 11, 16, 0, 1, 0, 0
NOTE, 44, 3, 4, 3, 0, 1, 1
NOTE, 44, 7, 8, 1, 0, 0, 0
NOTE, 44, 15, 16, 0, 1, 0, 0
NOTE, 45, 0, 1, 1, 0, 1, 1
NOTE, 45, 1, 8, 1, 0, 0, 0
NOTE, 45, 1, 4, 0, 1, 1, 1
NOTE, 45, 3, 8, 0, 0, 1, 0
NOTE, 45, 1, 2, 1, 1, 0, 1
NOTE, 45, 5, 8, 0, 0, 1, 0
NOTE, 45, 3, 4, 1, 1, 0, 1
NOTE, 45, 7, 8, 0, 0, 1, 0
NOTE, 46, 0, 1, 1, 0, 1, 1
NOTE, 46, 1, 8, 1, 0, 0, 0
NOTE, 46, 1, 4, 0, 1, 1, 1
NOTE, 46, 3, 8, 0, 1, 0, 0
NOTE, 46, 1, 2, 0, 0, 1, 1
NOTE, 46, 9, 16, 1, 1, 0, 0
NOTE, 46, 11, 16, 0, 0, 1, 1
NOTE, 46, 3, 4, 1, 1, 0, 0
NOTE, 46, 7, 8, 0, 0, 1, 1
SPEED, 47, 0, 1, 1
NOTE, 47, 0, 1, 1, 0, 1, 1
NOTE, 47, 1, 8, 1, 0, 0, 1
NOTE, 47, 1, 4, 1, 1, 1, 0
NOTE, 47, 3, 8, 0, 1, 1, 0
NOTE, 47, 1, 2, 1, 0, 1, 1
NOTE, 47, 5, 8, 1, 0, 0, 1
NOTE, 47, 3, 4, 0, 1, 1, 1
NOTE, 47, 7, 8, 0, 1, 1, 0
NOTE, 48, 0, 1, 1, 0, 1, 1
NOTE, 48, 1, 8, 1, 0, 0, 1
NOTE, 48, 1, 4, 1, 0, 1, 1
NOTE, 48, 3, 8, 1, 0, 0, 1
NOTE, 48, 1, 2, 0, 2, 2, 0
SPEED, 48, 3, 4, 1
NOTE, 48, 3, 4, 1, 3, 3, 1
NOTE, 48, 7, 8, 0, 1, 1, 0
BPM, 49, 0, 1, 168
SPEED, 49, 0, 1, 1.02
NOTE, 49, 0, 1, 2, 0, 0, 1
NOTE, 49, 1, 8, 3, 0, 0, 0
NOTE, 49, 1, 4, 0, 2, 0, 0
NOTE, 49, 3, 8, 0, 3, 0, 0
NOTE, 49, 1, 2, 0, 0, 2, 0
NOTE, 49, 5, 8, 0, 0, 3, 0
NOTE, 49, 3, 4, 1, 0, 0, 2
NOTE, 49, 7, 8, 0, 0, 1, 3
BPM, 50, 0, 1, 170
SPEED, 50, 0, 1, 1.01
NOTE, 50, 0, 1, 1, 0, 0, 0
NOTE, 50, 1, 8, 0, 0, 1, 0
NOTE, 50, 1, 4, 0, 0, 0, 1
NOTE, 50, 3, 8, 0, 0, 1, 0
NOTE, 50, 1, 2, 2, 0, 0, 0
BPM, 51, 0, 1, 172
NOTE, 51, 0, 1, 3, 0, 2, 0
NOTE, 51, 1, 8, 0, 0, 3, 0
NOTE, 51, 1, 4, 0, 0, 2, 0
NOTE, 51, 3, 8, 0, 0, 3, 0
NOTE, 51, 1, 2, 0, 2, 0, 0
NOTE, 51, 5, 8, 0, 3, 0, 0
NOTE, 51, 3, 4, 2, 0, 0, 1
NOTE, 51, 7, 8, 3, 0, 1, 0
BPM, 52, 0, 1, 174
SPEED, 52, 0, 1, 0.99
NOTE, 52, 0, 1, 0, 0, 0, 1
NOTE, 52, 1, 8, 0, 0, 1, 0
NOTE, 52, 1, 4, 0, 1, 0, 0
NOTE, 52, 3, 8, 0, 0, 1, 0
NOTE, 52, 1, 2, 0, 0, 0, 2
BPM, 53, 0, 1, 172
NOTE, 53, 0, 1, 2, 1, 1, 3
NOTE, 53, 1, 4, 0, 0, 0, 1
NOTE, 53, 3, 8, 3, 0, 0, 0
NOTE, 53, 1, 2, 2, 1, 0, 1
NOTE, 53, 3, 4, 0, 0, 0, 1
NOTE, 53, 7, 8, 3, 0, 0, 0
NOTE, 54, 0, 1, 2, 1, 1, 0
NOTE, 54, 1, 4, 0, 0, 0, 1
NOTE, 54, 3, 8, 3, 0, 0, 1
NOTE, 54, 1, 2, 2, 1, 1, 0
NOTE, 54, 3, 4, 0, 0, 0, 1
NOTE, 54, 7, 8, 3, 0, 0, 0
NOTE, 55, 0, 1, 2, 1, 0, 2
NOTE, 55, 3, 8, 3, 0, 0, 0
NOTE, 55, 1, 2, 2, 2, 1, 3
NOTE, 55, 9, 16, 0, 3, 0, 0
NOTE, 55, 5, 8, 0, 2, 0, 0
NOTE, 55, 11, 16, 0, 3, 0, 0
NOTE, 55, 3, 4, 0, 0, 2, 0
NOTE, 55, 13, 16, 0, 0, 3, 0
NOTE, 55, 7, 8, 3, 0, 2, 0
NOTE, 55, 15, 16, 0, 0, 3, 0
NOTE, 56, 0, 1, 1, 1, 0, 2
NOTE, 56, 1, 4, 1, 1, 0, 0
NOTE, 56, 3, 8, 0, 1, 0, 3
NOTE, 56, 7, 16, 1, 0, 0, 0
BPM, 56, 1, 2, 168
SPEED, 56, 1, 2, 1.02
NOTE, 56, 1, 2, 2, 0, 1, 1
NOTE, 56, 5, 8, 0, 1, 0, 1
NOTE, 56, 11, 16, 0, 0, 1, 0
NOTE, 56, 3, 4, 0, 1, 0, 1
NOTE, 56, 13, 16, 0, 0, 1, 0
NOTE, 56, 7, 8, 0, 1, 0, 1
NOTE, 56, 15, 16, 0, 0, 1, 0
BPM, 57, 0, 1, 172
NOTE, 57, 0, 1, 3, 1, 0, 1
NOTE, 57, 1, 8, 0, 0, 1, 0
NOTE, 57, 1, 4, 2, 1, 0, 1
NOTE, 57, 3, 8, 3, 0, 1, 0
NOTE, 57, 1, 2, 0, 0, 1, 1
NOTE, 57, 5, 8, 0, 1, 0, 0
NOTE, 57, 3, 4, 1, 0, 1, 2
NOTE, 57, 7, 8, 0, 1, 0, 3
NOTE, 58, 0, 1, 0, 0, 1, 1
NOTE, 58, 1, 8, 0, 0, 1, 0
NOTE, 58, 1, 4, 2, 1, 0, 1
NOTE, 58, 3, 8, 3, 0, 1, 0
NOTE, 58, 1, 2, 1, 1, 0, 0
NOTE, 58, 9, 16, 0, 0, 1, 0
NOTE, 58, 5, 8, 0, 0, 0, 1
NOTE, 58, 11, 16, 0, 0, 1, 0
NOTE, 58, 3, 4, 1, 1, 0, 0
NOTE, 58, 13, 16, 0, 0, 1, 0
NOTE, 58, 7, 8, 0, 1, 0, 1
NOTE, 58, 15, 16, 1, 0, 0, 0
NOTE, 59, 0, 1, 0, 0, 1, 1
NOTE, 59, 1, 8, 0, 0, 1, 0
NOTE, 59, 1, 4, 1, 1, 0, 2
NOTE, 59, 3, 8, 0, 0, 1, 3
NOTE, 59, 1, 2, 1, 0, 1, 0
NOTE, 59, 5, 8, 0, 0, 0, 1
NOTE, 59, 3, 4, 2, 1, 1, 0
NOTE, 59, 7, 8, 3, 0, 0, 1
NOTE, 60, 0, 1, 0, 1, 0, 1
NOTE, 60, 1, 8, 1, 0, 0, 0
NOTE, 60, 1, 4, 1, 0, 1, 2
NOTE, 60, 3, 8, 0, 0, 1, 3
NOTE, 60, 1, 2, 1, 1, 0, 1
NOTE, 60, 9, 16, 0, 0, 1, 0
NOTE, 60, 5, 8, 0, 1, 0, 0
NOTE, 60, 11, 16, 0, 0, 1, 0
NOTE, 60, 3, 4, 1, 0, 0, 1
NOTE, 60, 13, 16, 0, 0, 1, 0
NOTE, 60, 7, 8, 1, 1, 0, 0
NOTE, 60, 15, 16, 0, 0, 1, 0
NOTE, 61, 0, 1, 1, 1, 0, 1
NOTE, 61, 1, 8, 0, 0, 0, 1
NOTE, 61, 1, 4, 2, 1, 1, 0
NOTE, 61, 3, 8, 3, 0, 0, 1
NOTE, 61, 1, 2, 0, 1, 1, 0
NOTE, 61, 5, 8, 0, 0, 0, 1
NOTE, 61, 3, 4, 2, 1, 0, 1
NOTE, 61, 7, 8, 3, 0, 1, 0
NOTE, 62, 0, 1, 1, 1, 0, 0
NOTE, 62, 1, 8, 0, 0, 1, 0
NOTE, 62, 1, 4, 1, 0, 1, 2
NOTE, 62, 3, 8, 1, 0, 0, 3
NOTE, 62, 1, 2, 0, 1, 1, 0
NOTE, 62, 5, 8, 0, 0, 0, 1
NOTE, 62, 11, 16, 0, 0, 0, 1
NOTE, 62, 3, 4, 2, 1, 1, 0
NOTE, 62, 7, 8, 0, 0, 1, 1
NOTE, 63, 0, 1, 3, 0, 1, 1
NOTE, 63, 1, 8, 0, 0, 1, 0
NOTE, 63, 1, 4, 1, 1, 0, 1
NOTE, 63, 5, 16, 0, 0, 1, 0
NOTE, 63, 3, 8, 0, 0, 0, 1
NOTE, 63, 7, 16, 0, 0, 1, 0
NOTE, 63, 1, 2, 2, 2, 0, 1
NOTE, 63, 9, 16, 3, 3, 0, 0
NOTE, 63, 5, 8, 2, 0, 2, 0
NOTE, 63, 11, 16, 3, 0, 3, 0
NOTE, 63, 3, 4, 0, 2, 2, 1
NOTE, 63, 13, 16, 0, 3, 3, 0
NOTE, 63, 7, 8, 0, 0, 2, 2
NOTE, 63, 15, 16, 0, 0, 3, 3
NOTE, 64, 0, 1, 0, 1, 1, 2
NOTE, 64, 3, 16, 0, 1, 1, 0
NOTE, 64, 1, 4, 1, 0, 0, 0
NOTE, 64, 3, 8, 0, 1, 1, 0
NOTE, 64, 7, 16, 1, 0, 0, 0
NOTE, 64, 1, 2, 2, 1, 0, 3
NOTE, 64, 5, 8, 0, 0, 1, 1
NOTE, 64, 3, 4, 0, 0, 1, 1
NOTE, 64, 13, 16, 0, 1, 0, 0
NOTE, 64, 7, 8, 0, 0, 1, 0
NOTE, 64, 15, 16, 0, 1, 0, 0
NOTE, 65, 0, 1, 3, 0, 1, 1
NOTE, 65, 1, 8, 0, 0, 0, 1
NOTE, 65, 1, 4, 2, 1, 1, 0
NOTE, 65, 3, 8, 3, 0, 0, 1
NOTE, 65, 1, 2, 0, 1, 0, 1
NOTE, 65, 5, 8, 0, 0, 1, 0
NOTE, 65, 3, 4, 2, 1, 0, 1
NOTE, 65, 7, 8, 3, 0, 0, 1
SPEED, 66, 0, 1, 1
NOTE, 66, 0, 1, 1, 1, 1, 0
NOTE, 66, 1, 16, 0, 0, 1, 1
NOTE, 66, 3, 16, 1, 1, 1, 0
NOTE, 66, 1, 4, 0, 0, 1, 1
NOTE, 66, 3, 8, 1, 1, 1, 0
NOTE, 66, 7, 16, 0, 0, 1, 1
NOTE, 66, 9, 16, 1, 1, 1, 0
NOTE, 66, 5, 8, 0, 0, 1, 1
NOTE, 66, 3, 4, 1, 1, 0, 0
NOTE, 66, 7, 8, 1, 0, 1, 0
SPEED, 67, 0, 1, 1
NOTE, 67, 0, 1, 0, 1, 1, 1
NOTE, 67, 1, 8, 1, 0, 0, 0
NOTE, 67, 1, 4, 1, 0, 1, 1
NOTE, 67, 3, 8, 0, 0, 0, 1
NOTE, 67, 1, 2, 0, 1, 1, 0
NOTE, 67, 5, 8, 1, 0, 0, 1
NOTE, 67, 11, 16, 1, 0, 0, 1
NOTE, 67, 3, 4, 0, 1, 1, 0
NOTE, 67, 7, 8, 0, 0, 1, 1
SPEED, 68, 0, 1, 1
NOTE, 68, 0, 1, 0, 1, 1, 1
NOTE, 68, 1, 16, 1, 1, 0, 0
NOTE, 68, 3, 16, 0, 1, 1, 1
NOTE, 68, 1, 4, 1, 1, 0, 0
NOTE, 68, 3, 8, 0, 1, 1, 1
NOTE, 68, 7, 16, 1, 1, 0, 0
NOTE, 68, 9, 16, 0, 1, 1, 1
NOTE, 68, 5, 8, 1, 1, 0, 0
NOTE, 68, 3, 4, 0, 0, 1, 1
NOTE, 68, 7, 8, 0, 0, 1, 1
SPEED, 69, 0, 1, 1
NOTE, 69, 0, 1, 1, 1, 1, 0
NOTE, 69, 1, 8, 0, 0, 0, 1
NOTE, 69, 1, 4, 2, 1, 0, 1
NOTE, 69, 3, 8, 3, 0, 1, 0
NOTE, 69, 1, 2, 0, 1, 0, 1
NOTE, 69, 5, 8, 0, 0, 1, 0
NOTE, 69, 3, 4, 1, 0, 1, 2
NOTE, 69, 7, 8, 0, 1, 0, 3
NOTE, 70, 0, 1, 1, 0, 1, 1
NOTE, 70, 1, 8, 0, 0, 0, 1
NOTE, 70, 1, 4, 1, 1, 1, 0
NOTE, 70, 3, 8, 0, 0, 0, 1
NOTE, 70, 1, 2, 2, 0, 0, 2
NOTE, 70, 11, 16, 3, 1, 1, 3
NOTE, 70, 3, 4, 0, 1, 1, 0
NOTE, 70, 7, 8, 1, 0, 0, 1
NOTE, 71, 0, 1, 0, 1, 1, 1
NOTE, 71, 1, 8, 0, 1, 1, 1
NOTE, 71, 1, 2, 0, 0, 0, 1
NOTE, 71, 5, 8, 0, 0, 1, 0
NOTE, 71, 3, 4, 0, 0, 1, 0
NOTE, 71, 7, 8, 0, 1, 0, 0
NOTE, 72, 0, 1, 2, 0, 0, 0
NOTE, 72, 1, 4, 3, 1, 0, 0
NOTE, 72, 3, 8, 0, 0, 1, 0
NOTE, 72, 1, 2, 0, 0, 0, 2
NOTE, 72, 3, 4, 0, 0, 2, 0
NOTE, 73, 0, 1, 1, 1, 3, 3
NOTE, 73, 1, 16, 0, 0, 1, 0
NOTE, 73, 1, 8, 1, 1, 0, 0
NOTE, 73, 3, 16, 0, 0, 1, 0
NOTE, 73, 1, 4, 1, 1, 0, 0
NOTE, 73, 3, 8, 1, 0, 0, 1
NOTE, 73, 7, 16, 0, 0, 1, 0
NOTE, 73, 1, 2, 1, 0, 0, 1
NOTE, 73, 9, 16, 0, 0, 1, 0
NOTE, 73, 5, 8, 1, 0, 0, 1
NOTE, 73, 3, 4, 0, 0, 1, 1
NOTE, 73, 13, 16, 0, 1, 0, 0
NOTE, 73, 7, 8, 0, 0, 1, 1
NOTE, 73, 15, 16, 0, 1, 0, 0
NOTE, 74, 0, 1, 0, 0, 1, 1
NOTE, 74, 1, 8, 1, 1, 0, 0
NOTE, 74, 3, 16, 0, 0, 1, 0
NOTE, 74, 1, 4, 1, 1, 0, 0
NOTE, 74, 5, 16, 0, 0, 1, 0
NOTE, 74, 3, 8, 1, 1, 0, 0
NOTE, 74, 1, 2, 0, 1, 1, 1
NOTE, 74, 5, 8, 0, 0, 0, 1
NOTE, 74, 3, 4, 1, 1, 1, 0
NOTE, 74, 7, 8, 1, 0, 0, 0
NOTE, 75, 0, 1, 0, 1, 1, 0
NOTE, 75, 1, 16, 0, 0, 0, 1
NOTE, 75, 1, 8, 0, 1, 1, 0
NOTE, 75, 3, 16, 0, 0, 0, 1
NOTE, 75, 1, 4, 0, 1, 1, 0
NOTE, 75, 3, 8, 1, 0, 1, 0
NOTE, 75, 7, 16, 0, 1, 0, 0
NOTE, 75, 1, 2, 1, 0, 1, 0
NOTE, 75, 9, 16, 0, 1, 0, 0
NOTE, 75, 5, 8, 1, 0, 1, 0
NOTE, 75, 3, 4, 1, 1, 0, 0
NOTE, 75, 13, 16, 0, 0, 1, 0
NOTE, 75, 7, 8, 1, 1, 0, 0
NOTE, 75, 15, 16, 0, 0, 1, 0
NOTE, 76, 0, 1, 1, 1, 0, 0
NOTE, 76, 1, 8, 1, 0, 0, 1
NOTE, 76, 3, 16, 0, 0, 1, 0
NOTE, 76, 1, 4, 0, 1, 0, 1
NOTE, 76, 5, 16, 0, 0, 1, 0
NOTE, 76, 3, 8, 1, 0, 0, 1
NOTE, 76, 1, 2, 1, 1, 1, 0
NOTE, 76, 5, 8, 1, 0, 0, 0
NOTE, 76, 3, 4, 0, 1, 1, 1
NOTE, 76, 7, 8, 0, 0, 0, 1
NOTE, 77, 0, 1, 1, 1, 0, 0
NOTE, 77, 1, 16, 0, 0, 1, 0
NOTE, 77, 1, 8, 1, 1, 0, 0
NOTE, 77, 3, 16, 0, 0, 1, 0
NOTE, 77, 1, 4, 1, 1, 0, 0
NOTE, 77, 3, 8, 0, 0, 1, 1
NOTE, 77, 7, 16, 1, 0, 0, 0
NOTE, 77, 1, 2, 0, 1, 1, 0
NOTE, 77, 9, 16, 0, 0, 0, 1
NOTE, 77, 5, 8, 1, 0, 1, 0
NOTE, 77, 3, 4, 0, 0, 1, 1
NOTE, 77, 13, 16, 0, 1, 0, 0
NOTE, 77, 7, 8, 0, 0, 1, 1
NOTE, 77, 15, 16, 0, 1, 0, 0
NOTE, 78, 0, 1, 0, 0, 1, 1
NOTE, 78, 1, 8, 1, 0, 1, 0
NOTE, 78, 3, 16, 0, 0, 0, 1
NOTE, 78, 1, 4, 0, 1, 1, 0
NOTE, 78, 5, 16, 1, 0, 0, 0
NOTE, 78, 3, 8, 0, 0, 1, 1
NOTE, 78, 1, 2, 1, 1, 1, 0
NOTE, 78, 5, 8, 1, 0, 0, 0
NOTE, 78, 3, 4, 0, 1, 1, 1
NOTE, 78, 7, 8, 0, 0, 0, 1
NOTE, 79, 0, 1, 1, 1, 0, 0
NOTE, 79, 1, 16, 0, 0, 1, 0
NOTE, 79, 1, 8, 0, 1, 0, 1
NOTE, 79, 3, 16, 0, 0, 1, 0
NOTE, 79, 1, 4, 1, 1, 0, 0
NOTE, 79, 3, 8, 0, 1, 0, 1
NOTE, 79, 7, 16, 0, 0, 1, 0
NOTE, 79, 1, 2, 1, 1, 0, 0
NOTE, 79, 9, 16, 0, 0, 1, 0
NOTE, 79, 5, 8, 0, 1, 0, 1
NOTE, 79, 3, 4, 0, 1, 0, 1
NOTE, 79, 13, 16, 0, 0, 1, 0
NOTE, 79, 7, 8, 1, 1, 0, 0
NOTE, 79, 15, 16, 0, 0, 1, 0
NOTE, 80, 0, 1, 0, 1, 0, 1
NOTE, 80, 1, 8, 0, 1, 0, 1
NOTE, 80, 3, 16, 0, 0, 1, 0
NOTE, 80, 1, 4, 0, 1, 0, 1
NOTE, 80, 5, 16, 0, 0, 1, 0
NOTE, 80, 3, 8, 0, 1, 0, 1
NOTE, 80, 1, 2, 1, 0, 1, 1
NOTE, 80, 5, 8, 0, 0, 0, 1
NOTE, 80, 3, 4, 1, 1, 1, 0
NOTE, 80, 7, 8, 1, 0, 0, 0
NOTE, 81, 0, 1, 1, 1, 1, 0
NOTE, 81, 1, 16, 0, 0, 1, 0
NOTE, 81, 1, 8, 1, 0, 0, 1
NOTE, 81, 3, 16, 0, 0, 1, 0
NOTE, 81, 1, 4, 1, 1, 0, 0
NOTE, 81, 3, 8, 0, 1, 0, 1
NOTE, 81, 7, 16, 1, 0, 0, 0
NOTE, 81, 1, 2, 0, 1, 1, 0
NOTE, 81, 9, 16, 1, 0, 0, 0
NOTE, 81, 5, 8, 0, 1, 0, 1
NOTE, 81, 3, 4, 1, 0, 1, 0
NOTE, 81, 13, 16, 0, 1, 0, 0
NOTE, 81, 7, 8, 1, 0, 0, 1
NOTE, 81, 15, 16, 0, 1, 0, 0
NOTE, 82, 0, 1, 1, 0, 1, 0
NOTE, 82, 1, 8, 1, 0, 0, 1
NOTE, 82, 3, 16, 0, 0, 1, 0
NOTE, 82, 1, 4, 1, 1, 0, 0
NOTE, 82, 5, 16, 0, 0, 1, 0
NOTE, 82, 3, 8, 0, 1, 0, 1
NOTE, 82, 1, 2, 1, 0, 1, 1
NOTE, 82, 5, 8, 0, 1, 0, 0
NOTE, 82, 3, 4, 1, 0, 1, 1
NOTE, 82, 7, 8, 0, 0, 0, 1
NOTE, 82, 15, 16, 1, 0, 0, 0
NOTE, 83, 0, 1, 0, 1, 1, 1
NOTE, 83, 1, 16, 1, 0, 0, 0
NOTE, 83, 1, 8, 0, 1, 0, 1
NOTE, 83, 3, 16, 1, 0, 0, 0
NOTE, 83, 1, 4, 0, 1, 1, 0
NOTE, 83, 3, 8, 1, 0, 0, 1
NOTE, 83, 7, 16, 0, 1, 0, 0
NOTE, 83, 1, 2, 1, 0, 1, 0
NOTE, 83, 9, 16, 0, 0, 0, 1
NOTE, 83, 5, 8, 1, 0, 1, 0
NOTE, 83, 3, 4, 0, 1, 1, 0
NOTE, 83, 13, 16, 1, 0, 0, 0
NOTE, 83, 7, 8, 0, 1, 0, 1
NOTE, 83, 15, 16, 0, 0, 1, 0
NOTE, 84, 0, 1, 1, 1, 0, 0
NOTE, 84, 1, 8, 1, 0, 0, 1
NOTE, 84, 3, 16, 0, 1, 0, 0
NOTE, 84, 1, 4, 0, 0, 1, 1
NOTE, 84, 5, 16, 0, 1, 0, 0
NOTE, 84, 3, 8, 1, 0, 0, 1
NOTE, 84, 1, 2, 1, 1, 1, 0
NOTE, 84, 5, 8, 0, 0, 0, 1
NOTE, 84, 3, 4, 1, 1, 1, 0
NOTE, 84, 7, 8, 0, 1, 0, 0
NOTE, 84, 15, 16, 1, 0, 0, 1
NOTE, 85, 0, 1, 0, 1, 1, 0
NOTE, 85, 1, 16, 1, 0, 0, 1
NOTE, 85, 1, 8, 0, 1, 1, 0
NOTE, 85, 3, 16, 1, 0, 0, 1
NOTE, 85, 1, 4, 0, 1, 1, 0
NOTE, 85, 3, 8, 1, 1, 0, 0
NOTE, 85, 7, 16, 0, 0, 1, 1
NOTE, 85, 1, 2, 1, 1, 0, 0
NOTE, 85, 9, 16, 0, 0, 1, 1
NOTE, 85, 5, 8, 1, 1, 0, 0
NOTE, 85, 3, 4, 0, 1, 1, 0
NOTE, 85, 13, 16, 1, 0, 0, 1
NOTE, 85, 7, 8, 0, 1, 1, 0
NOTE, 85, 15, 16, 1, 0, 0, 1
NOTE, 86, 0, 1, 0, 1, 1, 0
NOTE, 86, 1, 8, 0, 0, 1, 1
NOTE, 86, 3, 16, 1, 1, 0, 0
NOTE, 86, 1, 4, 0, 0, 1, 1
NOTE, 86, 5, 16, 1, 1, 0, 0
NOTE, 86, 3, 8, 0, 0, 1, 1
NOTE, 86, 1, 2, 1, 0, 1, 1
NOTE, 86, 5, 8, 0, 0, 0, 1
NOTE, 86, 3, 4, 1, 1, 1, 0
NOTE, 86, 7, 8, 0, 0, 1, 0
NOTE, 87, 0, 1, 1, 0, 1, 0
NOTE, 87, 1, 16, 0, 0, 0, 1
NOTE, 87, 1, 8, 0, 1, 1, 0
NOTE, 87, 3, 16, 1, 0, 0, 0
NOTE, 87, 1, 4, 0, 0, 1, 1
NOTE, 87, 3, 8, 0, 0, 1, 1
NOTE, 87, 7, 16, 1, 0, 0, 0
NOTE, 87, 1, 2, 0, 1, 1, 0
NOTE, 87, 9, 16, 0, 0, 0, 1
NOTE, 87, 5, 8, 1, 0, 1, 0
SPEED, 87, 3, 4, 1
NOTE, 87, 3, 4, 1, 0, 1, 0
NOTE, 87, 13, 16, 0, 0, 0, 1
NOTE, 87, 7, 8, 0, 1, 1, 0
NOTE, 87, 15, 16, 1, 0, 0, 0
NOTE, 88, 0, 1, 0, 0, 1, 1
NOTE, 88, 1, 16, 0, 1, 0, 0
NOTE, 88, 1, 8, 0, 0, 1, 1
NOTE, 88, 3, 16, 0, 1, 0, 0
NOTE, 88, 1, 4, 1, 0, 0, 1
NOTE, 88, 5, 16, 0, 0, 1, 0
NOTE, 88, 3, 8, 1, 0, 0, 1
NOTE, 88, 7, 16, 0, 0, 1, 0
NOTE, 88, 1, 2, 1, 1, 0, 0
NOTE, 88, 9, 16, 0, 0, 0, 1
NOTE, 88, 5, 8, 1, 0, 1, 0
NOTE, 88, 11, 16, 0, 0, 0, 1
NOTE, 88, 3, 4, 0, 1, 1, 0
NOTE, 88, 13, 16, 1, 0, 0, 0
NOTE, 88, 7, 8, 0, 0, 1, 1
NOTE, 88, 15, 16, 0, 1, 0, 0
BPM, 89, 0, 1, 170
SPEED, 89, 0, 1, 1.01
NOTE, 89, 0, 1, 0, 0, 1, 1
NOTE, 89, 1, 16, 0, 1, 0, 0
NOTE, 89, 1, 8, 1, 0, 0, 0
NOTE, 89, 3, 16, 0, 1, 0, 0
NOTE, 89, 1, 4, 0, 0, 1, 0
NOTE, 89, 5, 16, 0, 0, 0, 1
NOTE, 89, 3, 8, 0, 0, 1, 0
NOTE, 89, 7, 16, 0, 1, 0, 0
NOTE, 89, 1, 2, 1, 0, 0, 0
NOTE, 89, 9, 16, 0, 1, 0, 0
NOTE, 89, 5, 8, 0, 0, 1, 0
NOTE, 89, 11, 16, 0, 0, 0, 1
NOTE, 89, 3, 4, 1, 0, 0, 0
NOTE, 89, 13, 16, 0, 1, 0, 0
NOTE, 89, 7, 8, 0, 0, 1, 0
NOTE, 89, 15, 16, 0, 0, 0, 1
BPM, 90, 0, 1, 172
NOTE, 90, 0, 1, 2, 2, 2, 0
NOTE, 90, 1, 8, 3, 3, 3, 0
NOTE, 90, 1, 4, 0, 2, 2, 2
NOTE, 90, 1, 2, 2, 3, 3, 3
NOTE, 90, 3, 4, 3, 1, 2, 2
NOTE, 90, 15, 16, 0, 0, 3, 3
NOTE, 91, 0, 1, 1, 0, 1, 1
NOTE, 91, 1, 8, 1, 0, 0, 0
NOTE, 91, 3, 16, 0, 1, 0, 0
NOTE, 91, 1, 4, 0, 0, 1, 0
NOTE, 91, 3, 8, 0, 1, 0, 0
NOTE, 91, 1, 2, 1, 0, 1, 1
NOTE, 91, 5, 8, 1, 0, 0, 0
NOTE, 91, 11, 16, 0, 1, 0, 0
NOTE, 91, 3, 4, 0, 0, 1, 0
NOTE, 91, 7, 8, 0, 1, 0, 0
NOTE, 92, 0, 1, 1, 0, 1, 1
NOTE, 92, 1, 8, 2, 0, 0, 0
NOTE, 92, 1, 4, 3, 1, 1, 1
NOTE, 92, 3, 8, 0, 0, 2, 0
NOTE, 92, 1, 2, 1, 1, 3, 1
NOTE, 92, 5, 8, 1, 0, 1, 1
NOTE, 92, 3, 4, 2, 1, 1, 0
SPEED, 93, 0, 1, 1
NOTE, 93, 0, 1, 3, 1, 1, 1
NOTE, 93, 1, 8, 1, 1, 0, 0
NOTE, 93, 1, 4, 0, 1, 1, 1
NOTE, 93, 3, 8, 1, 1, 0, 0
NOTE, 93, 1, 2, 0, 1, 1, 1
NOTE, 93, 5, 8, 0, 0, 1, 1
NOTE, 93, 3, 4, 1, 1, 1, 0
NOTE, 93, 7, 8, 0, 1, 1, 1
NOTE, 94, 0, 1, 0, 1, 1, 1
NOTE, 94, 1, 8, 1, 0, 1, 0
NOTE, 94, 1, 4, 0, 1, 1, 1
NOTE, 94, 3, 8, 1, 0, 1, 0
NOTE, 94, 1, 2, 1, 0, 1, 1
NOTE, 94, 5, 8, 0, 0, 1, 0
NOTE, 94, 11, 16, 0, 1, 0, 1
NOTE, 94, 3, 4, 1, 1, 1, 0
NOTE, 94, 7, 8, 1, 0, 1, 1
NOTE, 95, 0, 1, 0, 1, 1, 1
NOTE, 95, 1, 8, 1, 1, 0, 0
NOTE, 95, 1, 4, 0, 1, 1, 1
NOTE, 95, 3, 8, 1, 1, 0, 0
NOTE, 95, 1, 2, 1, 0, 1, 1
NOTE, 95, 5, 8, 0, 0, 1, 0
NOTE, 95, 11, 16, 0, 1, 0, 1
NOTE, 95, 3, 4, 1, 0, 1, 0
NOTE, 95, 7, 8, 1, 0, 1, 0
NOTE, 95, 15, 16, 0, 1, 0, 0
NOTE, 96, 0, 1, 1, 0, 1, 1
NOTE, 96, 1, 8, 0, 0, 1, 1
NOTE, 96, 1, 4, 1, 1, 1, 0
NOTE, 96, 3, 8, 0, 0, 1, 1
NOTE, 96, 1, 2, 1, 0, 1, 1
NOTE, 96, 9, 16, 0, 0, 1, 0
NOTE, 96, 5, 8, 0, 1, 0, 1
NOTE, 96, 11, 16, 1, 0, 0, 0
NOTE, 96, 3, 4, 0, 1, 1, 1
NOTE, 96, 7, 8, 0, 1, 1, 1
NOTE, 97, 0, 1, 1, 1, 1, 0
NOTE, 97, 1, 8, 1, 1, 0, 0
NOTE, 97, 1, 4, 0, 1, 1, 1
NOTE, 97, 3, 8, 1, 0, 1, 0
NOTE, 97, 1, 2, 1, 1, 1, 0
NOTE, 97, 5, 8, 0, 0, 1, 1
NOTE, 97, 3, 4, 1, 1, 1, 0
NOTE, 97, 7, 8, 1, 1, 1, 0
NOTE, 98, 0, 1, 0, 1, 1, 1
NOTE, 98, 1, 8, 0, 1, 1, 0
NOTE, 98, 1, 4, 1, 0, 1, 1
NOTE, 98, 3, 8, 0, 1, 1, 0
NOTE, 98, 1, 2, 1, 0, 1, 1
NOTE, 98, 5, 8, 0, 1, 0, 0
NOTE, 98, 11, 16, 0, 0, 1, 1
NOTE, 98, 3, 4, 1, 1, 0, 1
NOTE, 98, 7, 8, 1, 0, 1, 1
NOTE, 99, 0, 1, 0, 1, 1, 1
NOTE, 99, 1, 8, 1, 1, 0, 0
NOTE, 99, 1, 4, 0, 1, 1, 1
NOTE, 99, 3, 8, 0, 0, 1, 1
NOTE, 99, 1, 2, 1, 1, 1, 0
NOTE, 99, 5, 8, 0, 0, 0, 1
NOTE, 99, 11, 16, 1, 1, 0, 0
NOTE, 99, 3, 4, 0, 1, 1, 1
NOTE, 99, 7, 8, 1, 0, 1, 0
NOTE, 99, 15, 16, 0, 1, 0, 0
SPEED, 100, 0, 1, 1
NOTE, 100, 0, 1, 2, 0, 1, 1
NOTE, 100, 1, 16, 0, 1, 0, 0
NOTE, 100, 1, 8, 0, 0, 1, 0
NOTE, 100, 3, 16, 0, 0, 0, 1
NOTE, 100, 1, 4, 0, 0, 1, 0
NOTE, 100, 5, 16, 0, 1, 0, 0
NOTE, 100, 3, 8, 0, 0, 1, 0
NOTE, 100, 7, 16, 0, 0, 0, 1
NOTE, 100, 1, 2, 0, 1, 0, 0
NOTE, 100, 9, 16, 0, 0, 1, 0
NOTE, 100, 5, 8, 0, 0, 0, 1
NOTE, 100, 11, 16, 0, 1, 0, 0
NOTE, 100, 3, 4, 0, 0, 1, 0
NOTE, 100, 13, 16, 0, 0, 0, 1
NOTE, 100, 7, 8, 0, 1, 1, 0
SPEED, 101, 0, 1, 1
NOTE, 101, 0, 1, 3, 1, 1, 1
NOTE, 101, 1, 16, 0, 0, 1, 1
NOTE, 101, 3, 16, 1, 1, 0, 1
NOTE, 101, 1, 4, 0, 0, 1, 1
NOTE, 101, 3, 8, 1, 1, 0, 1
NOTE, 101, 7, 16, 0, 0, 1, 1
NOTE, 101, 9, 16, 1, 1, 0, 1
NOTE, 101, 5, 8, 0, 0, 1, 1
NOTE, 101, 3, 4, 1, 1, 1, 0
NOTE, 101, 7, 8, 1, 0, 1, 1
BPM, 102, 0, 1, 167
SPEED, 102, 0, 1, 1.03
NOTE, 102, 0, 1, 1, 1, 1, 1
NOTE, 102, 1, 4, 0, 1, 0, 1
NOTE, 102, 5, 16, 1, 0, 1, 0
NOTE, 102, 3, 8, 0, 1, 0, 1
NOTE, 102, 7, 16, 1, 0, 1, 0
NOTE, 102, 1, 2, 0, 1, 0, 1
