BPM, 130.00
OFFSET, -0.548
KeyMode: 4
SPEED, 1.0
NOTE, 1, 0, 1, 0, 1, 0, 0
NOTE, 1, 1, 16, 0, 0, 1, 0
NOTE, 1, 1, 8, 0, 1, 0, 0
NOTE, 1, 3, 16, 0, 0, 1, 0
NOTE, 1, 1, 4, 0, 0, 0, 1
NOTE, 1, 5, 16, 0, 1, 0, 0
NOTE, 1, 3, 8, 0, 0, 1, 0
NOTE, 1, 7, 16, 0, 1, 0, 0
NOTE, 1, 1, 2, 0, 0, 1, 0
NOTE, 1, 9, 16, 0, 1, 0, 0
NOTE, 1, 5, 8, 1, 0, 0, 0
NOTE, 1, 11, 16, 0, 0, 1, 0
NOTE, 1, 3, 4, 1, 0, 0, 1
NOTE, 2, 0, 1, 1, 0, 1, 1
NOTE, 2, 1, 8, 1, 0, 0, 0
NOTE, 2, 1, 4, 0, 1, 0, 1
NOTE, 2, 5, 16, 0, 0, 1, 0
NOTE, 2, 3, 8, 1, 0, 0, 0
NOTE, 2, 7, 16, 0, 1, 1, 0
NOTE, 2, 1, 2, 1, 0, 0, 1
NOTE, 2, 9, 16, 0, 1, 0, 0
NOTE, 2, 5, 8, 1, 0, 0, 1
NOTE, 2, 11, 16, 0, 0, 1, 0
NOTE, 2, 3, 4, 1, 1, 0, 1
NOTE, 2, 13, 16, 0, 0, 1, 0
NOTE, 2, 7, 8, 0, 1, 0, 0
NOTE, 3, 0, 1, 1, 0, 1, 1
NOTE, 3, 1, 16, 0, 1, 0, 0
NOTE, 3, 1, 8, 1, 0, 0, 0
NOTE, 3, 3, 16, 0, 0, 1, 0
NOTE, 3, 1, 4, 1, 1, 0, 0
NOTE, 3, 5, 16, 0, 0, 1, 0
NOTE, 3, 3, 8, 0, 1, 0, 0
NOTE, 3, 7, 16, 0, 0, 1, 1
NOTE, 3, 1, 2, 1, 1, 0, 0
NOTE, 3, 9, 16, 0, 0, 0, 1
NOTE, 3, 5, 8, 1, 1, 0, 0
NOTE, 3, 11, 16, 0, 0, 1, 0
NOTE, 3, 3, 4, 1, 1, 0, 1
NOTE, 3, 7, 8, 0, 1, 1, 0
NOTE, 4, 0, 1, 0, 1, 0, 1
NOTE, 4, 1, 16, 0, 0, 1, 0
NOTE, 4, 1, 8, 0, 0, 0, 1
NOTE, 4, 3, 16, 0, 1, 0, 0
NOTE, 4, 1, 4, 1, 0, 1, 1
NOTE, 4, 5, 16, 0, 1, 0, 0
NOTE, 4, 3, 8, 1, 0, 0, 0
NOTE, 4, 7, 16, 0, 1, 1, 1
NOTE, 4, 1, 2, 1, 0, 0, 0
NOTE, 4, 9, 16, 0, 0, 1, 0
NOTE, 4, 5, 8, 1, 1, 0, 1
NOTE, 4, 11, 16, 0, 0, 1, 0
NOTE, 4, 3, 4, 1, 1, 0, 0
NOTE, 4, 7, 8, 0, 0, 1, 0
NOTE, 4, 15, 16, 0, 1, 0, 0
NOTE, 5, 0, 1, 1, 0, 1, 1
NOTE, 5, 1, 16, 0, 1, 0, 0
NOTE, 5, 1, 8, 1, 0, 1, 0
NOTE, 5, 3, 16, 0, 1, 0, 0
NOTE, 5, 1, 4, 0, 0, 1, 1
NOTE, 5, 5, 16, 0, 1, 0, 0
NOTE, 5, 3, 8, 1, 0, 1, 0
NOTE, 5, 7, 16, 0, 1, 1, 1
NOTE, 5, 1, 2, 1, 0, 0, 0
NOTE, 5, 9, 16, 0, 0, 1, 0
NOTE, 5, 5, 8, 1, 1, 0, 0
NOTE, 5, 11, 16, 0, 0, 0, 1
NOTE, 5, 3, 4, 1, 0, 1, 0
NOTE, 5, 13, 16, 0, 1, 0, 1
NOTE, 5, 7, 8, 1, 0, 1, 1
NOTE, 6, 0, 1, 1, 1, 1, 0
NOTE, 6, 1, 8, 0, 1, 0, 1
NOTE, 6, 1, 4, 1, 0, 1, 1
NOTE, 6, 5, 16, 0, 1, 0, 0
NOTE, 6, 3, 8, 1, 0, 1, 0
NOTE, 6, 7, 16, 0, 1, 1, 1
NOTE, 6, 1, 2, 0, 1, 0, 0
NOTE, 6, 9, 16, 1, 0, 0, 1
NOTE, 6, 5, 8, 0, 1, 1, 0
NOTE, 6, 11, 16, 0, 0, 0, 1
NOTE, 6, 3, 4, 1, 1, 1, 0
NOTE, 6, 7, 8, 0, 1, 0, 1
NOTE, 7, 0, 1, 1, 0, 0, 1
NOTE, 7, 1, 16, 0, 0, 1, 0
NOTE, 7, 1, 8, 1, 1, 0, 0
NOTE, 7, 3, 16, 0, 0, 1, 0
NOTE, 7, 1, 4, 0, 1, 0, 1
NOTE, 7, 5, 16, 0, 0, 1, 0
NOTE, 7, 3, 8, 0, 1, 0, 0
NOTE, 7, 7, 16, 1, 0, 1, 1
NOTE, 7, 1, 2, 0, 1, 0, 0
NOTE, 7, 9, 16, 0, 0, 0, 1
NOTE, 7, 5, 8, 1, 0, 1, 0
NOTE, 7, 11, 16, 0, 1, 0, 0
NOTE, 7, 3, 4, 1, 0, 1, 0
NOTE, 7, 7, 8, 0, 1, 0, 0
NOTE, 8, 0, 1, 1, 0, 1, 1
NOTE, 8, 1, 24, 0, 1, 0, 0
NOTE, 8, 1, 12, 0, 0, 1, 0
NOTE, 8, 1, 8, 0, 0, 0, 1
NOTE, 8, 1, 6, 1, 0, 0, 0
NOTE, 8, 5, 24, 0, 1, 0, 0
NOTE, 8, 1, 4, 1, 0, 1, 1
NOTE, 8, 5, 16, 0, 1, 0, 0
NOTE, 8, 3, 8, 0, 0, 1, 0
NOTE, 8, 7, 16, 1, 1, 0, 1
NOTE, 8, 1, 2, 0, 1, 1, 0
NOTE, 8, 9, 16, 0, 0, 0, 1
NOTE, 8, 5, 8, 0, 1, 0, 0
NOTE, 8, 11, 16, 0, 0, 1, 0
NOTE, 8, 3, 4, 1, 1, 0, 1
NOTE, 8, 13, 16, 0, 0, 1, 0
NOTE, 8, 7, 8, 1, 0, 0, 1
NOTE, 8, 15, 16, 0, 1, 0, 0
NOTE, 9, 0, 1, 1, 0, 0, 1
NOTE, 9, 1, 16, 0, 1, 0, 0
NOTE, 9, 1, 8, 1, 0, 1, 1
NOTE, 9, 3, 16, 0, 0, 1, 0
NOTE, 9, 1, 4, 1, 1, 0, 1
NOTE, 9, 5, 16, 0, 0, 1, 0
NOTE, 9, 3, 8, 1, 1, 0, 0
NOTE, 9, 7, 16, 0, 0, 1, 0
NOTE, 9, 1, 2, 1, 1, 0, 1
NOTE, 9, 9, 16, 0, 1, 1, 1
NOTE, 9, 5, 8, 1, 0, 0, 0
NOTE, 9, 11, 16, 0, 1, 0, 0
NOTE, 9, 3, 4, 1, 0, 1, 1
NOTE, 9, 13, 16, 1, 1, 1, 0
NOTE, 9, 7, 8, 0, 0, 0, 1
NOTE, 9, 15, 16, 0, 1, 0, 0
NOTE, 10, 0, 1, 0, 0, 1, 1
NOTE, 10, 1, 16, 0, 1, 0, 0
NOTE, 10, 1, 8, 0, 0, 1, 0
NOTE, 10, 3, 16, 1, 0, 0, 0
NOTE, 10, 1, 4, 1, 0, 1, 0
NOTE, 10, 5, 16, 0, 1, 0, 0
NOTE, 10, 3, 8, 0, 0, 1, 0
NOTE, 10, 7, 16, 1, 1, 0, 1
NOTE, 10, 1, 2, 0, 0, 1, 0
NOTE, 10, 9, 16, 0, 1, 0, 0
NOTE, 10, 5, 8, 1, 0, 1, 1
NOTE, 10, 11, 16, 0, 1, 0, 0
NOTE, 10, 3, 4, 1, 0, 0, 1
NOTE, 10, 7, 8, 1, 0, 1, 0
NOTE, 11, 0, 1, 0, 1, 0, 1
NOTE, 11, 1, 16, 0, 0, 1, 0
NOTE, 11, 1, 8, 0, 1, 0, 0
NOTE, 11, 3, 16, 0, 0, 1, 1
NOTE, 11, 1, 4, 1, 1, 0, 0
NOTE, 11, 5, 16, 0, 0, 1, 0
NOTE, 11, 3, 8, 1, 0, 0, 0
NOTE, 11, 7, 16, 0, 1, 1, 1
NOTE, 11, 1, 2, 1, 0, 0, 1
NOTE, 11, 9, 16, 0, 0, 1, 0
NOTE, 11, 5, 8, 1, 1, 0, 0
NOTE, 11, 11, 16, 0, 0, 1, 0
NOTE, 11, 3, 4, 1, 1, 0, 1
NOTE, 11, 7, 8, 0, 1, 0, 0
NOTE, 12, 0, 1, 1, 0, 1, 1
NOTE, 12, 1, 16, 1, 0, 0, 0
NOTE, 12, 1, 8, 0, 0, 1, 0
NOTE, 12, 3, 16, 0, 1, 0, 0
NOTE, 12, 1, 4, 1, 0, 1, 1
NOTE, 12, 5, 16, 0, 1, 0, 0
NOTE, 12, 3, 8, 0, 0, 1, 0
NOTE, 12, 7, 16, 1, 1, 0, 1
NOTE, 12, 1, 2, 0, 0, 1, 0
NOTE, 12, 9, 16, 0, 0, 0, 1
NOTE, 12, 5, 8, 1, 1, 0, 0
NOTE, 12, 11, 16, 0, 0, 1, 0
NOTE, 12, 3, 4, 1, 1, 0, 1
NOTE, 12, 7, 8, 0, 0, 1, 0
NOTE, 12, 15, 16, 0, 1, 0, 0
NOTE, 13, 0, 1, 0, 0, 1, 1
NOTE, 13, 1, 16, 0, 1, 0, 0
NOTE, 13, 1, 8, 0, 0, 1, 0
NOTE, 13, 3, 16, 1, 0, 0, 0
NOTE, 13, 1, 4, 0, 1, 0, 1
NOTE, 13, 5, 16, 1, 0, 1, 0
NOTE, 13, 3, 8, 0, 0, 0, 1
NOTE, 13, 7, 16, 1, 1, 1, 0
NOTE, 13, 1, 2, 0, 1, 0, 1
NOTE, 13, 9, 16, 0, 0, 1, 0
NOTE, 13, 5, 8, 1, 1, 0, 0
NOTE, 13, 11, 16, 0, 0, 1, 0
NOTE, 13, 3, 4, 1, 1, 0, 1
NOTE, 13, 13, 16, 1, 0, 1, 1
NOTE, 13, 7, 8, 0, 1, 0, 0
NOTE, 13, 15, 16, 0, 0, 1, 0
NOTE, 14, 0, 1, 1, 1, 0, 1
NOTE, 14, 1, 16, 0, 0, 1, 0
NOTE, 14, 1, 8, 1, 0, 0, 1
NOTE, 14, 3, 16, 0, 1, 0, 0
NOTE, 14, 1, 4, 1, 0, 0, 1
NOTE, 14, 5, 16, 0, 1, 0, 0
NOTE, 14, 3, 8, 0, 0, 1, 0
NOTE, 14, 7, 16, 1, 1, 0, 1
NOTE, 14, 1, 2, 0, 1, 1, 0
NOTE, 14, 9, 16, 0, 0, 0, 1
NOTE, 14, 5, 8, 1, 1, 0, 0
NOTE, 14, 11, 16, 0, 0, 0, 1
NOTE, 14, 3, 4, 1, 0, 1, 0
NOTE, 14, 7, 8, 0, 1, 0, 1
NOTE, 14, 15, 16, 0, 0, 1, 0
NOTE, 15, 0, 1, 1, 1, 0, 1
NOTE, 15, 1, 16, 0, 0, 1, 0
NOTE, 15, 1, 8, 1, 0, 0, 0
NOTE, 15, 3, 16, 0, 0, 0, 1
NOTE, 15, 1, 4, 1, 1, 1, 0
NOTE, 15, 5, 16, 0, 0, 0, 1
NOTE, 15, 3, 8, 1, 0, 0, 0
NOTE, 15, 7, 16, 0, 1, 1, 1
NOTE, 15, 1, 2, 1, 1, 0, 0
NOTE, 15, 9, 16, 0, 0, 0, 1
NOTE, 15, 5, 8, 1, 0, 1, 0
NOTE, 15, 11, 16, 0, 1, 0, 0
NOTE, 15, 3, 4, 1, 0, 1, 1
NOTE, 15, 13, 16, 0, 1, 0, 0
NOTE, 15, 7, 8, 1, 0, 0, 1
NOTE, 15, 15, 16, 0, 1, 1, 0
NOTE, 16, 0, 1, 1, 1, 0, 1
NOTE, 16, 1, 8, 0, 1, 1, 0
NOTE, 16, 1, 4, 1, 1, 0, 1
NOTE, 16, 5, 16, 0, 0, 1, 0
NOTE, 16, 3, 8, 0, 1, 0, 0
NOTE, 16, 7, 16, 1, 0, 1, 1
NOTE, 16, 1, 2, 0, 1, 1, 0
NOTE, 16, 9, 16, 1, 0, 0, 0
NOTE, 16, 5, 8, 0, 0, 1, 1
NOTE, 16, 11, 16, 1, 0, 0, 0
NOTE, 16, 3, 4, 0, 1, 1, 1
NOTE, 16, 13, 16, 1, 0, 0, 0
NOTE, 16, 7, 8, 0, 1, 0, 1
NOTE, 16, 15, 16, 1, 0, 1, 0
NOTE, 17, 0, 1, 0, 1, 1, 1
NOTE, 17, 1, 16, 1, 0, 0, 0
NOTE, 17, 1, 8, 0, 0, 0, 1
NOTE, 17, 3, 16, 0, 1, 1, 0
NOTE, 17, 1, 4, 1, 0, 1, 1
NOTE, 17, 5, 16, 0, 1, 0, 0
NOTE, 17, 3, 8, 0, 1, 0, 0
NOTE, 17, 7, 16, 1, 0, 1, 1
NOTE, 17, 1, 2, 0, 1, 1, 1
NOTE, 17, 9, 16, 1, 1, 0, 0
NOTE, 17, 5, 8, 1, 0, 0, 1
NOTE, 17, 11, 16, 0, 0, 1, 0
NOTE, 17, 3, 4, 1, 1, 0, 1
NOTE, 17, 13, 16, 1, 1, 1, 0
NOTE, 17, 7, 8, 0, 1, 0, 1
NOTE, 17, 15, 16, 0, 0, 1, 0
NOTE, 18, 0, 1, 1, 1, 0, 1
NOTE, 18, 1, 24, 0, 0, 1, 0
NOTE, 18, 1, 12, 0, 0, 0, 1
NOTE, 18, 1, 8, 0, 1, 0, 0
NOTE, 18, 1, 6, 0, 0, 1, 0
NOTE, 18, 5, 24, 0, 1, 0, 0
NOTE, 18, 1, 4, 1, 0, 1, 1
NOTE, 18, 5, 16, 0, 0, 1, 0
NOTE, 18, 3, 8, 0, 0, 1, 0
NOTE, 18, 7, 16, 1, 1, 0, 0
NOTE, 18, 1, 2, 0, 0, 1, 1
NOTE, 18, 13, 24, 0, 1, 0, 0
NOTE, 18, 7, 12, 0, 0, 1, 0
NOTE, 18, 5, 8, 1, 0, 0, 0
NOTE, 18, 2, 3, 0, 1, 0, 0
NOTE, 18, 17, 24, 0, 0, 1, 0
NOTE, 18, 3, 4, 1, 1, 0, 1
NOTE, 18, 7, 8, 0, 1, 1, 0
NOTE, 19, 0, 1, 1, 0, 1, 1
NOTE, 19, 1, 16, 0, 1, 0, 0
NOTE, 19, 1, 8, 1, 0, 0, 1
NOTE, 19, 3, 16, 0, 1, 1, 0
NOTE, 19, 1, 4, 1, 1, 0, 1
NOTE, 19, 5, 16, 0, 0, 1, 0
NOTE, 19, 3, 8, 0, 0, 0, 1
NOTE, 19, 7, 16, 1, 1, 1, 0
NOTE, 19, 1, 2, 0, 0, 0, 1
NOTE, 19, 9, 16, 0, 1, 0, 0
NOTE, 19, 5, 8, 0, 0, 1, 1
NOTE, 19, 11, 16, 1, 0, 0, 0
NOTE, 19, 3, 4, 0, 1, 1, 1
NOTE, 19, 13, 16, 1, 0, 0, 0
NOTE, 19, 7, 8, 0, 0, 1, 0
NOTE, 19, 15, 16, 0, 1, 0, 0
NOTE, 20, 0, 1, 1, 0, 1, 1
NOTE, 20, 1, 24, 0, 1, 0, 0
NOTE, 20, 1, 12, 1, 0, 0, 0
NOTE, 20, 1, 8, 0, 0, 1, 0
NOTE, 20, 1, 6, 0, 1, 0, 0
NOTE, 20, 5, 24, 0, 0, 1, 0
NOTE, 20, 1, 4, 1, 1, 0, 1
NOTE, 20, 5, 16, 0, 0, 1, 0
NOTE, 20, 3, 8, 0, 1, 0, 0
NOTE, 20, 7, 16, 0, 0, 1, 1
NOTE, 20, 1, 2, 1, 1, 0, 1
NOTE, 20, 9, 16, 0, 1, 0, 0
NOTE, 20, 5, 8, 1, 0, 1, 0
NOTE, 20, 11, 16, 0, 1, 0, 0
NOTE, 20, 3, 4, 1, 0, 1, 1
NOTE, 20, 7, 8, 1, 1, 0, 1
NOTE, 20, 15, 16, 0, 0, 1, 0
NOTE, 21, 0, 1, 0, 1, 0, 0
NOTE, 21, 1, 16, 0, 0, 0, 1
NOTE, 21, 1, 8, 1, 0, 0, 0
NOTE, 21, 3, 16, 0, 1, 0, 0
NOTE, 21, 1, 4, 0, 0, 1, 1
NOTE, 21, 5, 16, 0, 1, 0, 0
NOTE, 21, 3, 8, 0, 0, 1, 0
NOTE, 21, 7, 16, 1, 1, 0, 1
NOTE, 21, 1, 2, 0, 1, 1, 0
NOTE, 21, 9, 16, 1, 0, 0, 0
NOTE, 21, 5, 8, 0, 1, 1, 1
NOTE, 21, 11, 16, 1, 0, 0, 0
NOTE, 21, 3, 4, 0, 1, 0, 1
NOTE, 21, 13, 16, 0, 0, 1, 0
NOTE, 21, 7, 8, 0, 1, 0, 0
NOTE, 21, 15, 16, 1, 0, 1, 1
NOTE, 22, 0, 1, 1, 1, 0, 1
NOTE, 22, 1, 16, 0, 0, 1, 0
NOTE, 22, 1, 8, 1, 0, 0, 1
NOTE, 22, 3, 16, 0, 0, 1, 0
NOTE, 22, 1, 4, 1, 1, 0, 1
NOTE, 22, 5, 16, 1, 0, 0, 0
NOTE, 22, 3, 8, 0, 1, 0, 0
NOTE, 22, 7, 16, 1, 0, 1, 1
NOTE, 22, 1, 2, 0, 1, 0, 1
NOTE, 22, 9, 16, 1, 0, 0, 0
NOTE, 22, 5, 8, 0, 0, 1, 1
NOTE, 22, 11, 16, 0, 1, 0, 0
NOTE, 22, 3, 4, 1, 0, 1, 1
NOTE, 22, 13, 16, 0, 1, 0, 0
NOTE, 22, 7, 8, 1, 0, 0, 1
NOTE, 22, 15, 16, 0, 0, 1, 0
NOTE, 23, 0, 1, 1, 1, 0, 1
NOTE, 23, 1, 16, 0, 0, 1, 0
NOTE, 23, 1, 8, 1, 0, 0, 1
NOTE, 23, 3, 16, 0, 1, 1, 0
NOTE, 23, 1, 4, 1, 1, 0, 1
NOTE, 23, 5, 16, 0, 0, 1, 0
NOTE, 23, 3, 8, 0, 1, 0, 0
NOTE, 23, 7, 16, 1, 0, 1, 1
NOTE, 23, 1, 2, 0, 1, 1, 0
NOTE, 23, 9, 16, 1, 0, 0, 0
NOTE, 23, 5, 8, 0, 0, 0, 1
NOTE, 23, 11, 16, 0, 1, 0, 0
NOTE, 23, 3, 4, 0, 0, 1, 1
NOTE, 23, 13, 16, 1, 0, 0, 0
NOTE, 23, 7, 8, 0, 0, 1, 0
NOTE, 23, 15, 16, 0, 1, 0, 0
NOTE, 24, 0, 1, 1, 1, 1, 1
NOTE, 24, 1, 16, 0, 0, 1, 0
NOTE, 24, 1, 8, 0, 0, 0, 1
NOTE, 24, 3, 16, 1, 1, 1, 0
NOTE, 24, 1, 4, 0, 1, 1, 1
NOTE, 24, 5, 16, 1, 0, 0, 0
NOTE, 24, 3, 8, 0, 0, 1, 1
NOTE, 24, 7, 16, 1, 1, 0, 1
NOTE, 24, 1, 2, 0, 0, 1, 0
NOTE, 24, 9, 16, 0, 0, 0, 1
NOTE, 24, 5, 8, 1, 1, 1, 0
NOTE, 24, 11, 16, 0, 0, 0, 1
NOTE, 24, 3, 4, 0, 1, 0, 0
NOTE, 24, 13, 16, 0, 0, 1, 0
NOTE, 24, 7, 8, 1, 1, 1, 1
NOTE, 24, 15, 16, 0, 1, 0, 0
NOTE, 25, 0, 1, 1, 0, 0, 0
NOTE, 25, 1, 16, 0, 1, 0, 0
NOTE, 25, 1, 8, 1, 0, 0, 1
NOTE, 25, 3, 16, 0, 1, 0, 0
NOTE, 25, 1, 4, 1, 0, 1, 0
NOTE, 25, 5, 16, 0, 0, 0, 1
NOTE, 25, 3, 8, 1, 1, 0, 0
NOTE, 25, 7, 16, 0, 0, 1, 0
NOTE, 25, 1, 2, 1, 1, 0, 1
NOTE, 25, 3, 4, 0, 1, 0, 0
NOTE, 25, 7, 8, 0, 0, 1, 0
NOTE, 26, 0, 1, 1, 0, 1, 1
NOTE, 26, 1, 24, 0, 1, 0, 0
NOTE, 26, 1, 12, 0, 0, 1, 0
NOTE, 26, 1, 8, 0, 0, 0, 1
NOTE, 26, 1, 6, 0, 1, 0, 0
NOTE, 26, 5, 24, 0, 0, 1, 0
NOTE, 26, 1, 4, 1, 0, 0, 1
NOTE, 26, 7, 24, 0, 1, 0, 0
NOTE, 26, 1, 3, 1, 0, 0, 0
NOTE, 26, 3, 8, 0, 0, 1, 0
NOTE, 26, 5, 12, 0, 1, 0, 0
NOTE, 26, 11, 24, 1, 0, 0, 0
NOTE, 26, 1, 2, 0, 0, 1, 1
NOTE, 26, 13, 24, 0, 1, 0, 0
NOTE, 26, 7, 12, 0, 0, 1, 0
NOTE, 26, 5, 8, 1, 0, 0, 0
NOTE, 26, 2, 3, 0, 1, 0, 0
NOTE, 26, 17, 24, 0, 0, 1, 0
NOTE, 26, 3, 4, 1, 0, 0, 1
NOTE, 26, 13, 16, 0, 1, 0, 0
NOTE, 26, 7, 8, 1, 0, 0, 1
NOTE, 26, 15, 16, 0, 0, 1, 0
NOTE, 27, 0, 1, 1, 1, 0, 1
NOTE, 27, 1, 16, 0, 0, 1, 0
NOTE, 27, 1, 8, 0, 1, 0, 0
NOTE, 27, 3, 16, 0, 0, 1, 1
NOTE, 27, 1, 4, 1, 1, 1, 0
NOTE, 27, 5, 16, 0, 0, 0, 1
NOTE, 27, 3, 8, 1, 1, 0, 0
NOTE, 27, 7, 16, 0, 1, 1, 0
NOTE, 27, 1, 2, 1, 0, 0, 1
NOTE, 27, 13, 24, 0, 1, 0, 0
NOTE, 27, 7, 12, 1, 0, 0, 0
NOTE, 27, 5, 8, 0, 0, 1, 1
NOTE, 27, 11, 16, 0, 1, 0, 0
NOTE, 27, 3, 4, 1, 0, 1, 1
NOTE, 27, 7, 8, 0, 1, 1, 0
NOTE, 28, 0, 1, 1, 0, 1, 1
NOTE, 28, 1, 16, 0, 0, 1, 0
NOTE, 28, 1, 8, 0, 1, 0, 0
NOTE, 28, 3, 16, 0, 0, 0, 1
NOTE, 28, 1, 4, 1, 1, 1, 0
NOTE, 28, 5, 16, 0, 0, 0, 1
NOTE, 28, 3, 8, 0, 1, 0, 0
NOTE, 28, 7, 16, 0, 0, 0, 1
NOTE, 28, 1, 2, 1, 0, 1, 0
NOTE, 28, 9, 16, 1, 1, 0, 1
NOTE, 28, 5, 8, 0, 0, 1, 0
NOTE, 28, 11, 16, 1, 0, 0, 0
NOTE, 28, 3, 4, 0, 1, 0, 1
NOTE, 28, 13, 16, 0, 0, 1, 0
NOTE, 28, 7, 8, 0, 1, 0, 0
NOTE, 28, 15, 16, 0, 0, 1, 0
NOTE, 29, 0, 1, 1, 1, 0, 1
NOTE, 29, 1, 24, 0, 0, 1, 0
NOTE, 29, 1, 12, 0, 1, 0, 0
NOTE, 29, 1, 8, 0, 0, 1, 0
NOTE, 29, 1, 6, 0, 1, 0, 0
NOTE, 29, 5, 24, 0, 0, 0, 1
NOTE, 29, 1, 4, 1, 1, 0, 0
NOTE, 29, 7, 24, 0, 0, 1, 0
NOTE, 29, 1, 3, 0, 1, 0, 0
NOTE, 29, 3, 8, 0, 0, 0, 1
NOTE, 29, 7, 16, 1, 1, 1, 0
NOTE, 29, 1, 2, 1, 0, 0, 1
NOTE, 29, 9, 16, 0, 1, 0, 0
NOTE, 29, 5, 8, 1, 0, 0, 0
NOTE, 29, 11, 16, 0, 0, 1, 0
NOTE, 29, 3, 4, 1, 1, 0, 1
NOTE, 29, 13, 16, 1, 0, 1, 0
NOTE, 29, 7, 8, 0, 1, 0, 1
NOTE, 29, 15, 16, 1, 0, 0, 0
NOTE, 30, 0, 1, 0, 1, 0, 1
NOTE, 30, 1, 24, 0, 0, 1, 0
NOTE, 30, 1, 12, 0, 1, 0, 0
NOTE, 30, 1, 8, 1, 0, 0, 0
NOTE, 30, 1, 6, 0, 0, 1, 0
NOTE, 30, 5, 24, 0, 1, 0, 0
NOTE, 30, 1, 4, 1, 0, 0, 1
NOTE, 30, 7, 24, 0, 0, 1, 0
NOTE, 30, 1, 3, 0, 0, 0, 1
NOTE, 30, 3, 8, 0, 1, 0, 0
NOTE, 30, 5, 12, 0, 0, 1, 0
NOTE, 30, 11, 24, 0, 0, 0, 1
NOTE, 30, 1, 2, 1, 1, 0, 0
NOTE, 30, 13, 24, 0, 0, 1, 0
NOTE, 30, 7, 12, 0, 1, 0, 0
NOTE, 30, 5, 8, 0, 0, 0, 1
NOTE, 30, 2, 3, 0, 1, 0, 0
NOTE, 30, 17, 24, 0, 0, 1, 0
NOTE, 30, 3, 4, 1, 0, 0, 1
NOTE, 30, 13, 16, 0, 1, 0, 0
NOTE, 30, 7, 8, 1, 0, 1, 0
NOTE, 30, 15, 16, 0, 0, 0, 1
NOTE, 31, 0, 1, 1, 1, 0, 0
NOTE, 31, 1, 16, 0, 0, 1, 0
NOTE, 31, 1, 8, 1, 0, 0, 0
NOTE, 31, 3, 16, 0, 1, 1, 0
NOTE, 31, 1, 4, 1, 1, 0, 1
NOTE, 31, 5, 16, 0, 0, 1, 0
NOTE, 31, 3, 8, 0, 1, 0, 1
NOTE, 31, 7, 16, 1, 1, 1, 0
NOTE, 31, 1, 2, 0, 0, 0, 1
NOTE, 31, 13, 24, 0, 0, 1, 0
NOTE, 31, 7, 12, 0, 0, 0, 1
NOTE, 31, 5, 8, 1, 1, 0, 0
NOTE, 31, 11, 16, 0, 1, 0, 0
NOTE, 31, 3, 4, 1, 0, 1, 1
NOTE, 31, 13, 16, 0, 1, 0, 0
NOTE, 31, 7, 8, 1, 0, 0, 1
NOTE, 31, 15, 16, 0, 0, 1, 0
NOTE, 32, 0, 1, 1, 1, 0, 1
NOTE, 32, 1, 16, 0, 0, 1, 0
NOTE, 32, 1, 8, 1, 0, 0, 0
NOTE, 32, 3, 16, 0, 1, 0, 0
NOTE, 32, 1, 4, 1, 0, 1, 1
NOTE, 32, 5, 16, 0, 1, 0, 0
NOTE, 32, 3, 8, 0, 0, 1, 0
NOTE, 32, 7, 16, 1, 1, 0, 1
NOTE, 32, 1, 2, 0, 1, 1, 1
NOTE, 32, 9, 16, 1, 0, 0, 0
NOTE, 32, 5, 8, 0, 0, 1, 1
NOTE, 32, 11, 16, 0, 1, 0, 0
NOTE, 32, 3, 4, 1, 0, 1, 1
NOTE, 32, 13, 16, 0, 1, 0, 0
NOTE, 32, 7, 8, 0, 0, 0, 1
NOTE, 32, 15, 16, 0, 0, 1, 0
NOTE, 33, 0, 1, 1, 1, 0, 1
NOTE, 33, 1, 16, 0, 0, 1, 0
NOTE, 33, 1, 8, 1, 0, 0, 1
NOTE, 33, 3, 16, 0, 1, 0, 0
NOTE, 33, 1, 4, 1, 0, 1, 1
NOTE, 33, 5, 16, 0, 1, 0, 0
NOTE, 33, 3, 8, 1, 0, 0, 1
NOTE, 33, 7, 16, 0, 1, 1, 0
NOTE, 33, 1, 2, 1, 1, 0, 1
NOTE, 33, 9, 16, 1, 0, 1, 0
NOTE, 33, 5, 8, 0, 1, 0, 1
NOTE, 33, 2, 3, 0, 0, 1, 0
NOTE, 33, 17, 24, 0, 1, 0, 0
NOTE, 33, 3, 4, 1, 0, 1, 1
NOTE, 33, 13, 16, 0, 1, 1, 0
NOTE, 33, 7, 8, 1, 0, 0, 1
NOTE, 33, 11, 12, 0, 1, 0, 0
NOTE, 33, 23, 24, 0, 0, 1, 0
NOTE, 34, 0, 1, 1, 1, 0, 1
NOTE, 34, 1, 16, 0, 0, 1, 0
NOTE, 34, 1, 8, 1, 0, 0, 0
NOTE, 34, 3, 16, 0, 1, 1, 1
NOTE, 34, 1, 4, 1, 0, 1, 1
NOTE, 34, 5, 16, 0, 1, 0, 0
NOTE, 34, 3, 8, 0, 0, 1, 0
NOTE, 34, 7, 16, 1, 0, 0, 0
NOTE, 34, 1, 2, 0, 0, 1, 1
NOTE, 34, 9, 16, 1, 1, 0, 0
NOTE, 34, 5, 8, 0, 0, 0, 1
NOTE, 34, 11, 16, 1, 1, 1, 0
NOTE, 34, 3, 4, 1, 0, 1, 1
NOTE, 34, 19, 24, 0, 1, 0, 0
NOTE, 34, 5, 6, 0, 0, 1, 0
NOTE, 34, 7, 8, 1, 0, 0, 1
NOTE, 34, 15, 16, 0, 1, 0, 0
NOTE, 35, 0, 1, 1, 0, 0, 1
NOTE, 35, 1, 16, 0, 1, 1, 0
NOTE, 35, 1, 8, 1, 1, 0, 0
NOTE, 35, 3, 16, 0, 0, 0, 1
NOTE, 35, 1, 4, 1, 1, 1, 0
NOTE, 35, 5, 16, 0, 0, 1, 1
NOTE, 35, 3, 8, 1, 1, 0, 0
NOTE, 35, 7, 16, 1, 0, 1, 1
NOTE, 35, 1, 2, 0, 1, 0, 0
NOTE, 35, 9, 16, 1, 0, 0, 0
NOTE, 35, 5, 8, 0, 1, 1, 1
NOTE, 35, 3, 4, 1, 0, 1, 1
NOTE, 35, 7, 8, 0, 1, 1, 0
NOTE, 36, 0, 1, 1, 1, 0, 1
NOTE, 36, 1, 16, 0, 0, 1, 0
NOTE, 36, 1, 8, 0, 1, 0, 0
NOTE, 36, 3, 16, 1, 0, 1, 1
NOTE, 36, 1, 4, 1, 1, 1, 0
NOTE, 36, 5, 16, 0, 0, 0, 1
NOTE, 36, 3, 8, 1, 0, 0, 0
NOTE, 36, 7, 16, 0, 1, 1, 1
NOTE, 36, 1, 2, 1, 1, 0, 0
NOTE, 36, 9, 16, 0, 0, 1, 1
NOTE, 36, 5, 8, 0, 1, 0, 0
NOTE, 36, 11, 16, 1, 0, 1, 1
NOTE, 36, 3, 4, 1, 1, 0, 1
NOTE, 36, 19, 24, 0, 0, 1, 0
NOTE, 36, 5, 6, 0, 1, 0, 0
NOTE, 36, 7, 8, 1, 0, 0, 0
NOTE, 36, 15, 16, 0, 0, 1, 0
NOTE, 37, 0, 1, 1, 1, 0, 1
NOTE, 37, 1, 16, 1, 0, 1, 0
NOTE, 37, 1, 8, 0, 1, 0, 1
NOTE, 37, 3, 16, 0, 0, 1, 0
NOTE, 37, 1, 4, 1, 1, 0, 1
NOTE, 37, 5, 16, 0, 1, 1, 0
NOTE, 37, 3, 8, 1, 0, 0, 0
NOTE, 37, 7, 16, 0, 1, 1, 1
NOTE, 37, 1, 2, 1, 0, 0, 0
NOTE, 37, 9, 16, 0, 0, 1, 0
NOTE, 37, 5, 8, 1, 1, 0, 1
NOTE, 37, 11, 16, 0, 1, 0, 0
NOTE, 37, 3, 4, 1, 0, 1, 1
NOTE, 37, 13, 16, 1, 1, 0, 0
NOTE, 37, 7, 8, 0, 0, 0, 1
NOTE, 37, 15, 16, 0, 1, 0, 0
NOTE, 38, 0, 1, 1, 1, 0, 1
NOTE, 38, 1, 16, 0, 0, 1, 0
NOTE, 38, 1, 8, 0, 1, 0, 0
NOTE, 38, 3, 16, 0, 0, 1, 1
NOTE, 38, 1, 4, 1, 1, 1, 0
NOTE, 38, 5, 16, 0, 0, 0, 1
NOTE, 38, 3, 8, 1, 0, 0, 0
NOTE, 38, 7, 16, 0, 1, 1, 0
NOTE, 38, 1, 2, 1, 1, 0, 1
NOTE, 38, 13, 24, 0, 0, 1, 0
NOTE, 38, 7, 12, 0, 0, 0, 1
NOTE, 38, 5, 8, 0, 1, 0, 0
NOTE, 38, 11, 16, 0, 0, 1, 0
NOTE, 38, 3, 4, 1, 0, 0, 1
NOTE, 38, 19, 24, 0, 1, 0, 0
NOTE, 38, 5, 6, 0, 0, 1, 0
NOTE, 38, 7, 8, 1, 0, 0, 1
NOTE, 39, 0, 1, 1, 0, 0, 1
NOTE, 39, 1, 16, 0, 1, 0, 1
NOTE, 39, 1, 8, 1, 0, 1, 0
NOTE, 39, 3, 16, 0, 1, 0, 1
NOTE, 39, 1, 4, 1, 1, 1, 0
NOTE, 39, 5, 16, 0, 0, 0, 1
NOTE, 39, 3, 8, 1, 0, 0, 0
NOTE, 39, 7, 16, 0, 1, 1, 1
NOTE, 39, 1, 2, 1, 0, 1, 0
NOTE, 39, 9, 16, 0, 1, 0, 0
NOTE, 39, 5, 8, 1, 0, 1, 1
NOTE, 39, 3, 4, 1, 1, 1, 0
NOTE, 39, 7, 8, 0, 1, 0, 1
NOTE, 39, 15, 16, 0, 0, 1, 1
NOTE, 40, 0, 1, 1, 1, 0, 0
NOTE, 40, 1, 16, 0, 0, 1, 0
NOTE, 40, 1, 8, 1, 0, 0, 0
NOTE, 40, 3, 16, 0, 1, 0, 0
NOTE, 40, 1, 4, 1, 0, 1, 1
NOTE, 40, 5, 16, 0, 1, 0, 0
NOTE, 40, 3, 8, 1, 0, 1, 1
NOTE, 40, 7, 16, 0, 1, 0, 0
NOTE, 40, 1, 2, 1, 0, 0, 1
NOTE, 40, 9, 16, 0, 0, 1, 0
NOTE, 40, 5, 8, 1, 0, 0, 1
NOTE, 40, 11, 16, 0, 1, 0, 0
NOTE, 40, 3, 4, 1, 0, 0, 1
NOTE, 40, 13, 16, 0, 1, 0, 0
NOTE, 40, 7, 8, 1, 0, 1, 0
NOTE, 40, 15, 16, 0, 0, 0, 1
NOTE, 41, 0, 1, 1, 1, 1, 1
NOTE, 41, 1, 8, 0, 0, 1, 0
NOTE, 41, 3, 16, 0, 0, 0, 1
NOTE, 41, 1, 4, 1, 1, 1, 0
NOTE, 41, 3, 8, 0, 1, 0, 0
NOTE, 41, 1, 2, 1, 0, 1, 1
NOTE, 42, 0, 1, 0, 1, 1, 0
NOTE, 42, 1, 8, 0, 0, 1, 1
NOTE, 42, 1, 4, 1, 1, 1, 0
NOTE, 42, 3, 8, 0, 0, 1, 1
NOTE, 42, 1, 2, 1, 1, 0, 0
NOTE, 42, 5, 8, 0, 0, 1, 0
NOTE, 42, 3, 4, 1, 1, 1, 1
NOTE, 42, 7, 8, 0, 0, 1, 1
NOTE, 43, 1, 8, 0, 0, 1, 1
NOTE, 43, 3, 16, 1, 1, 0, 0
NOTE, 43, 1, 4, 0, 0, 1, 1
NOTE, 43, 3, 8, 0, 1, 1, 0
NOTE, 43, 1, 2, 1, 1, 0, 0
NOTE, 43, 5, 8, 0, 0, 1, 0
NOTE, 43, 3, 4, 1, 1, 1, 1
NOTE, 43, 7, 8, 0, 1, 0, 0
NOTE, 44, 0, 1, 0, 0, 1, 1
NOTE, 44, 1, 8, 0, 1, 0, 0
NOTE, 44, 1, 4, 1, 1, 0, 0
NOTE, 44, 3, 8, 0, 1, 1, 0
NOTE, 44, 1, 2, 1, 0, 1, 1
NOTE, 44, 3, 4, 1, 1, 1, 1
NOTE, 44, 7, 8, 0, 0, 1, 1
NOTE, 45, 1, 8, 1, 1, 0, 0
NOTE, 45, 1, 4, 0, 1, 1, 1
NOTE, 45, 3, 8, 1, 1, 0, 0
NOTE, 45, 1, 2, 0, 1, 1, 0
NOTE, 45, 3, 4, 1, 0, 0, 1
NOTE, 46, 0, 1, 0, 1, 0, 1
NOTE, 46, 1, 16, 0, 0, 1, 0
NOTE, 46, 1, 8, 1, 1, 0, 0
NOTE, 46, 3, 16, 0, 0, 1, 0
NOTE, 46, 1, 4, 1, 1, 0, 1
NOTE, 46, 3, 8, 0, 0, 1, 0
NOTE, 46, 7, 16, 0, 0, 1, 0
NOTE, 46, 1, 2, 1, 1, 0, 1
NOTE, 46, 5, 8, 0, 1, 0, 1
NOTE, 46, 11, 16, 0, 0, 1, 0
NOTE, 46, 3, 4, 1, 1, 0, 1
NOTE, 46, 7, 8, 0, 1, 1, 0
NOTE, 47, 0, 1, 1, 0, 1, 1
NOTE, 47, 1, 16, 0, 1, 0, 0
NOTE, 47, 1, 8, 1, 0, 0, 0
NOTE, 47, 3, 16, 0, 0, 1, 0
NOTE, 47, 1, 4, 1, 0, 0, 1
NOTE, 47, 3, 8, 1, 0, 0, 0
NOTE, 47, 7, 16, 0, 1, 1, 1
NOTE, 47, 1, 2, 1, 0, 0, 0
NOTE, 47, 9, 16, 0, 0, 1, 0
NOTE, 47, 5, 8, 1, 1, 0, 1
NOTE, 47, 11, 16, 0, 0, 1, 0
NOTE, 47, 3, 4, 1, 0, 0, 1
NOTE, 47, 7, 8, 0, 1, 1, 0
NOTE, 48, 0, 1, 1, 0, 0, 1
NOTE, 48, 1, 16, 0, 1, 0, 0
NOTE, 48, 1, 8, 1, 0, 1, 0
NOTE, 48, 3, 16, 0, 0, 0, 1
NOTE, 48, 1, 4, 1, 1, 0, 0
NOTE, 48, 5, 16, 0, 0, 1, 0
NOTE, 48, 3, 8, 0, 1, 0, 0
NOTE, 48, 7, 16, 1, 0, 1, 1
NOTE, 48, 1, 2, 0, 1, 1, 0
NOTE, 48, 9, 16, 0, 0, 0, 1
NOTE, 48, 5, 8, 1, 1, 1, 0
NOTE, 48, 11, 16, 0, 0, 0, 1
NOTE, 48, 3, 4, 1, 1, 0, 0
NOTE, 48, 7, 8, 0, 1, 1, 0
NOTE, 49, 0, 1, 1, 0, 0, 1
NOTE, 49, 1, 16, 0, 1, 0, 0
NOTE, 49, 1, 8, 1, 0, 0, 0
NOTE, 49, 3, 16, 0, 0, 1, 0
NOTE, 49, 1, 4, 0, 1, 0, 0
SPEED, 49, 3, 8, 1
NOTE, 49, 3, 8, 0, 0, 1, 0
NOTE, 49, 7, 16, 0, 0, 0, 1
NOTE, 49, 1, 2, 0, 1, 0, 0
NOTE, 49, 9, 16, 0, 0, 1, 0
NOTE, 49, 5, 8, 1, 0, 0, 1
NOTE, 49, 11, 16, 0, 1, 0, 0
SPEED, 49, 3, 4, 1
NOTE, 49, 3, 4, 1, 0, 1, 0
NOTE, 49, 7, 8, 0, 1, 0, 1
NOTE, 49, 15, 16, 0, 1, 0, 0
NOTE, 50, 0, 1, 1, 0, 1, 0
NOTE, 50, 1, 16, 0, 1, 0, 1
NOTE, 50, 1, 8, 1, 0, 1, 0
NOTE, 50, 3, 16, 0, 1, 0, 1
NOTE, 50, 1, 4, 1, 0, 1, 1
NOTE, 50, 5, 16, 0, 1, 0, 0
NOTE, 50, 3, 8, 1, 0, 1, 0
NOTE, 50, 7, 16, 1, 1, 0, 1
NOTE, 50, 1, 2, 0, 0, 1, 0
NOTE, 50, 9, 16, 1, 1, 0, 0
NOTE, 50, 5, 8, 0, 1, 1, 1
NOTE, 50, 11, 16, 1, 0, 0, 0
NOTE, 50, 3, 4, 0, 0, 1, 1
NOTE, 50, 7, 8, 1, 1, 0, 0
NOTE, 50, 15, 16, 0, 0, 1, 0
NOTE, 51, 0, 1, 1, 1, 0, 1
NOTE, 51, 1, 16, 0, 0, 1, 0
NOTE, 51, 1, 8, 0, 0, 0, 1
NOTE, 51, 3, 16, 1, 0, 0, 0
NOTE, 51, 1, 4, 0, 1, 1, 1
NOTE, 51, 5, 16, 1, 0, 0, 0
NOTE, 51, 3, 8, 0, 0, 1, 0
NOTE, 51, 7, 16, 1, 1, 0, 1
NOTE, 51, 1, 2, 0, 0, 1, 0
NOTE, 51, 9, 16, 0, 0, 1, 0
NOTE, 51, 5, 8, 1, 1, 0, 1
NOTE, 51, 11, 16, 0, 0, 1, 0
NOTE, 51, 3, 4, 1, 1, 0, 1
NOTE, 51, 13, 16, 0, 1, 0, 0
NOTE, 51, 7, 8, 1, 0, 0, 0
NOTE, 51, 15, 16, 0, 0, 0, 1
NOTE, 52, 0, 1, 1, 1, 1, 0
NOTE, 52, 1, 16, 0, 0, 0, 1
NOTE, 52, 1, 8, 0, 0, 1, 0
NOTE, 52, 1, 4, 1, 1, 0, 1
NOTE, 52, 3, 8, 1, 0, 0, 0
NOTE, 52, 7, 16, 0, 1, 1, 1
NOTE, 52, 1, 2, 1, 0, 0, 0
NOTE, 52, 9, 16, 0, 0, 0, 1
NOTE, 52, 5, 8, 0, 1, 0, 0
NOTE, 52, 11, 16, 0, 0, 1, 0
NOTE, 52, 3, 4, 1, 1, 0, 1
NOTE, 52, 13, 16, 0, 0, 1, 0
NOTE, 52, 7, 8, 1, 1, 0, 1
NOTE, 52, 15, 16, 0, 0, 1, 0
NOTE, 53, 0, 1, 1, 1, 0, 0
NOTE, 53, 1, 16, 0, 0, 1, 0
NOTE, 53, 1, 8, 0, 0, 0, 1
NOTE, 53, 3, 16, 1, 1, 0, 0
NOTE, 53, 1, 4, 1, 0, 1, 1
NOTE, 53, 5, 16, 0, 1, 0, 0
NOTE, 53, 3, 8, 1, 0, 0, 1
NOTE, 53, 7, 16, 0, 0, 1, 0
NOTE, 53, 1, 2, 1, 0, 0, 1
NOTE, 53, 9, 16, 0, 1, 1, 0
NOTE, 53, 5, 8, 1, 0, 0, 1
NOTE, 53, 2, 3, 0, 1, 0, 0
NOTE, 53, 17, 24, 0, 0, 1, 0
NOTE, 53, 3, 4, 1, 0, 0, 1
NOTE, 53, 13, 16, 0, 1, 1, 0
NOTE, 53, 7, 8, 1, 0, 0, 1
NOTE, 53, 15, 16, 0, 1, 0, 0
NOTE, 54, 0, 1, 1, 0, 1, 1
NOTE, 54, 1, 24, 0, 1, 0, 0
NOTE, 54, 1, 12, 1, 0, 0, 0
NOTE, 54, 1, 8, 0, 0, 1, 0
NOTE, 54, 1, 6, 0, 1, 0, 0
NOTE, 54, 5, 24, 0, 0, 1, 0
NOTE, 54, 1, 4, 1, 1, 0, 1
NOTE, 54, 3, 8, 0, 0, 1, 0
NOTE, 54, 7, 16, 1, 1, 0, 0
NOTE, 54, 1, 2, 1, 0, 1, 1
NOTE, 54, 13, 24, 0, 1, 0, 0
NOTE, 54, 7, 12, 0, 0, 1, 0
NOTE, 54, 5, 8, 1, 0, 0, 1
NOTE, 54, 3, 4, 1, 1, 1, 0
NOTE, 54, 7, 8, 0, 0, 1, 0
NOTE, 55, 0, 1, 1, 0, 0, 1
NOTE, 55, 1, 16, 0, 0, 1, 0
NOTE, 55, 1, 8, 1, 0, 0, 0
NOTE, 55, 3, 16, 0, 1, 0, 0
NOTE, 55, 1, 4, 1, 0, 1, 1
NOTE, 55, 5, 16, 0, 1, 0, 0
NOTE, 55, 3, 8, 1, 0, 0, 0
NOTE, 55, 7, 16, 0, 1, 1, 1
NOTE, 55, 1, 2, 1, 0, 1, 0
NOTE, 55, 9, 16, 0, 0, 0, 1
NOTE, 55, 5, 8, 1, 1, 1, 0
NOTE, 55, 11, 16, 0, 0, 0, 1
NOTE, 55, 3, 4, 1, 1, 0, 0
NOTE, 55, 13, 16, 0, 0, 1, 0
NOTE, 55, 7, 8, 0, 1, 0, 0
NOTE, 56, 0, 1, 1, 1, 0, 1
NOTE, 56, 1, 16, 0, 0, 1, 0
NOTE, 56, 1, 8, 1, 0, 0, 1
NOTE, 56, 3, 16, 1, 0, 0, 0
NOTE, 56, 1, 4, 0, 1, 1, 1
NOTE, 56, 5, 16, 1, 0, 0, 0
NOTE, 56, 3, 8, 0, 0, 1, 0
NOTE, 56, 7, 16, 1, 1, 0, 1
NOTE, 56, 1, 2, 0, 0, 1, 0
NOTE, 56, 9, 16, 0, 0, 0, 1
NOTE, 56, 5, 8, 1, 1, 0, 0
NOTE, 56, 11, 16, 0, 0, 1, 0
NOTE, 56, 3, 4, 1, 1, 0, 1
NOTE, 56, 7, 8, 0, 0, 1, 0
NOTE, 57, 0, 1, 1, 0, 0, 1
NOTE, 57, 1, 16, 0, 0, 1, 0
NOTE, 57, 1, 8, 1, 0, 0, 0
NOTE, 57, 3, 16, 0, 1, 0, 0
NOTE, 57, 1, 4, 1, 0, 1, 1
NOTE, 57, 5, 16, 0, 1, 0, 0
NOTE, 57, 3, 8, 0, 0, 1, 0
NOTE, 57, 7, 16, 1, 1, 0, 1
NOTE, 57, 1, 2, 0, 0, 1, 0
NOTE, 57, 9, 16, 1, 0, 0, 0
NOTE, 57, 5, 8, 0, 1, 1, 1
NOTE, 57, 11, 16, 1, 0, 0, 0
NOTE, 57, 3, 4, 0, 0, 1, 1
NOTE, 57, 13, 16, 0, 1, 0, 0
NOTE, 57, 7, 8, 0, 0, 0, 1
NOTE, 57, 15, 16, 1, 1, 1, 0
NOTE, 58, 0, 1, 0, 0, 0, 1
NOTE, 58, 1, 16, 0, 0, 1, 0
NOTE, 58, 1, 8, 1, 0, 0, 1
NOTE, 58, 3, 16, 0, 1, 0, 0
NOTE, 58, 1, 4, 1, 0, 1, 1
NOTE, 58, 5, 16, 0, 1, 0, 0
NOTE, 58, 3, 8, 0, 0, 1, 0
NOTE, 58, 7, 16, 1, 1, 0, 1
NOTE, 58, 1, 2, 0, 1, 1, 0
NOTE, 58, 9, 16, 1, 0, 0, 0
NOTE, 58, 5, 8, 0, 1, 1, 1
NOTE, 58, 11, 16, 0, 1, 0, 0
NOTE, 58, 3, 4, 1, 0, 1, 1
NOTE, 58, 13, 16, 0, 1, 0, 0
NOTE, 58, 7, 8, 1, 0, 0, 1
NOTE, 58, 15, 16, 0, 1, 1, 0
NOTE, 59, 0, 1, 1, 0, 1, 1
NOTE, 59, 1, 8, 0, 1, 0, 0
NOTE, 59, 3, 16, 0, 0, 1, 0
NOTE, 59, 1, 4, 1, 1, 0, 1
NOTE, 59, 3, 8, 0, 0, 0, 1
NOTE, 59, 7, 16, 1, 1, 1, 0
NOTE, 59, 1, 2, 0, 0, 0, 1
NOTE, 59, 9, 16, 1, 0, 0, 0
NOTE, 59, 5, 8, 0, 0, 1, 1
NOTE, 59, 11, 16, 1, 1, 0, 0
NOTE, 59, 3, 4, 0, 0, 1, 1
NOTE, 59, 7, 8, 0, 1, 0, 0
NOTE, 60, 0, 1, 1, 1, 1, 1
NOTE, 60, 3, 16, 0, 1, 0, 0
NOTE, 60, 1, 4, 0, 0, 1, 1
NOTE, 60, 3, 8, 1, 0, 1, 0
NOTE, 60, 7, 16, 0, 1, 1, 1
NOTE, 60, 1, 2, 1, 1, 0, 0
NOTE, 60, 9, 16, 0, 0, 1, 0
NOTE, 60, 5, 8, 1, 1, 0, 1
NOTE, 60, 3, 4, 1, 0, 1, 1
NOTE, 60, 7, 8, 1, 1, 1, 1
NOTE, 61, 1, 8, 0, 1, 1, 1
NOTE, 61, 1, 4, 1, 1, 1, 0
NOTE, 61, 3, 8, 1, 0, 1, 1
NOTE, 61, 1, 2, 1, 1, 0, 1
NOTE, 61, 3, 4, 0, 1, 0, 0
NOTE, 61, 7, 8, 0, 0, 1, 0
NOTE, 62, 0, 1, 1, 1, 0, 1
NOTE, 62, 1, 24, 0, 0, 1, 0
NOTE, 62, 1, 12, 0, 0, 0, 1
NOTE, 62, 1, 8, 0, 0, 1, 0
NOTE, 62, 1, 6, 1, 0, 0, 0
NOTE, 62, 5, 24, 0, 1, 0, 0
NOTE, 62, 1, 4, 1, 0, 0, 1
NOTE, 62, 7, 24, 0, 0, 1, 0
NOTE, 62, 1, 3, 0, 1, 0, 0
NOTE, 62, 3, 8, 1, 0, 0, 0
NOTE, 62, 5, 12, 0, 0, 1, 0
NOTE, 62, 11, 24, 0, 1, 0, 0
NOTE, 62, 1, 2, 1, 0, 0, 1
NOTE, 62, 13, 24, 0, 1, 0, 0
NOTE, 62, 7, 12, 1, 0, 0, 0
NOTE, 62, 5, 8, 0, 1, 0, 0
NOTE, 62, 2, 3, 0, 0, 0, 1
NOTE, 62, 17, 24, 0, 0, 1, 0
NOTE, 62, 3, 4, 1, 0, 0, 1
NOTE, 62, 13, 16, 0, 0, 1, 0
NOTE, 62, 7, 8, 1, 0, 0, 1
NOTE, 62, 15, 16, 0, 1, 0, 0
NOTE, 63, 0, 1, 1, 0, 1, 1
NOTE, 63, 1, 16, 0, 1, 0, 0
NOTE, 63, 1, 8, 0, 0, 0, 1
NOTE, 63, 3, 16, 1, 1, 1, 0
NOTE, 63, 1, 4, 0, 1, 0, 1
NOTE, 63, 5, 16, 0, 0, 1, 0
NOTE, 63, 3, 8, 1, 1, 0, 0
NOTE, 63, 7, 16, 1, 0, 1, 1
NOTE, 63, 1, 2, 0, 1, 0, 0
NOTE, 63, 9, 16, 0, 0, 1, 0
NOTE, 63, 5, 8, 1, 0, 0, 0
NOTE, 63, 11, 16, 0, 0, 0, 1
NOTE, 63, 3, 4, 1, 1, 1, 0
NOTE, 63, 7, 8, 1, 1, 0, 1
NOTE, 64, 0, 1, 1, 0, 1, 0
NOTE, 64, 1, 16, 0, 1, 0, 1
NOTE, 64, 1, 8, 1, 0, 1, 0
NOTE, 64, 3, 16, 0, 0, 0, 1
NOTE, 64, 1, 4, 1, 1, 1, 0
NOTE, 64, 5, 16, 0, 0, 0, 1
NOTE, 64, 3, 8, 0, 1, 0, 0
NOTE, 64, 7, 16, 1, 0, 1, 1
NOTE, 64, 1, 2, 0, 1, 0, 0
NOTE, 64, 13, 24, 0, 0, 1, 0
NOTE, 64, 7, 12, 0, 0, 0, 1
NOTE, 64, 5, 8, 1, 1, 1, 0
NOTE, 64, 11, 16, 0, 0, 0, 1
NOTE, 64, 3, 4, 1, 0, 1, 0
NOTE, 64, 13, 16, 0, 1, 0, 0
NOTE, 64, 7, 8, 1, 0, 1, 1
NOTE, 64, 15, 16, 0, 1, 0, 0
NOTE, 65, 0, 1, 1, 0, 1, 1
NOTE, 65, 1, 16, 0, 1, 0, 1
NOTE, 65, 1, 8, 0, 0, 1, 0
NOTE, 65, 3, 16, 0, 1, 0, 0
NOTE, 65, 1, 4, 1, 0, 1, 1
NOTE, 65, 5, 16, 0, 1, 0, 0
NOTE, 65, 3, 8, 0, 0, 0, 1
NOTE, 65, 7, 16, 1, 1, 1, 0
NOTE, 65, 1, 2, 0, 1, 0, 1
NOTE, 65, 13, 24, 0, 0, 1, 0
NOTE, 65, 7, 12, 0, 1, 0, 0
NOTE, 65, 5, 8, 1, 0, 0, 1
NOTE, 65, 11, 16, 0, 0, 1, 0
NOTE, 65, 3, 4, 1, 1, 0, 0
NOTE, 65, 13, 16, 0, 0, 1, 1
NOTE, 65, 7, 8, 1, 1, 0, 0
NOTE, 65, 15, 16, 0, 0, 1, 0
NOTE, 66, 0, 1, 1, 1, 0, 1
NOTE, 66, 1, 24, 0, 0, 1, 0
NOTE, 66, 1, 12, 0, 1, 0, 0
NOTE, 66, 1, 8, 0, 0, 1, 0
NOTE, 66, 1, 6, 0, 1, 0, 0
NOTE, 66, 5, 24, 1, 0, 0, 0
NOTE, 66, 1, 4, 0, 0, 1, 1
NOTE, 66, 7, 24, 0, 1, 0, 0
NOTE, 66, 1, 3, 0, 0, 1, 0
NOTE, 66, 3, 8, 0, 1, 0, 0
NOTE, 66, 5, 12, 0, 0, 1, 0
NOTE, 66, 11, 24, 0, 0, 0, 1
NOTE, 66, 1, 2, 1, 1, 0, 0
NOTE, 66, 13, 24, 0, 0, 1, 0
NOTE, 66, 7, 12, 0, 0, 0, 1
NOTE, 66, 5, 8, 0, 1, 0, 0
NOTE, 66, 2, 3, 0, 0, 0, 1
NOTE, 66, 17, 24, 0, 1, 0, 0
NOTE, 66, 3, 4, 1, 0, 1, 0
NOTE, 66, 13, 16, 0, 1, 0, 0
NOTE, 66, 7, 8, 1, 0, 1, 0
NOTE, 66, 15, 16, 0, 0, 0, 1
NOTE, 67, 0, 1, 1, 1, 1, 1
NOTE, 67, 1, 16, 0, 1, 0, 0
NOTE, 67, 1, 8, 1, 0, 0, 1
NOTE, 67, 3, 16, 0, 1, 1, 0
NOTE, 67, 1, 4, 1, 0, 1, 1
NOTE, 67, 5, 16, 0, 1, 0, 0
NOTE, 67, 3, 8, 0, 0, 1, 0
NOTE, 67, 7, 16, 1, 1, 0, 1
NOTE, 67, 1, 2, 0, 0, 1, 1
NOTE, 67, 13, 24, 0, 1, 0, 0
NOTE, 67, 7, 12, 1, 0, 0, 0
NOTE, 67, 5, 8, 0, 0, 1, 1
NOTE, 67, 11, 16, 0, 1, 0, 0
NOTE, 67, 3, 4, 1, 0, 0, 1
NOTE, 67, 19, 24, 0, 0, 1, 0
NOTE, 67, 5, 6, 0, 0, 0, 1
NOTE, 67, 7, 8, 1, 0, 1, 0
NOTE, 67, 11, 12, 0, 1, 0, 0
NOTE, 67, 23, 24, 1, 0, 0, 0
NOTE, 68, 0, 1, 0, 1, 1, 1
NOTE, 68, 1, 16, 1, 0, 0, 0
NOTE, 68, 1, 8, 0, 0, 1, 0
NOTE, 68, 3, 16, 1, 0, 0, 0
NOTE, 68, 1, 4, 0, 1, 0, 1
NOTE, 68, 5, 16, 1, 0, 1, 0
NOTE, 68, 3, 8, 0, 1, 0, 0
NOTE, 68, 7, 16, 1, 0, 1, 1
NOTE, 68, 1, 2, 0, 1, 0, 1
NOTE, 68, 9, 16, 0, 1, 0, 0
NOTE, 68, 5, 8, 1, 0, 1, 0
NOTE, 68, 11, 16, 0, 1, 0, 1
NOTE, 68, 3, 4, 1, 1, 1, 0
NOTE, 68, 13, 16, 0, 0, 0, 1
NOTE, 68, 7, 8, 0, 1, 0, 0
NOTE, 68, 15, 16, 1, 0, 0, 0
NOTE, 69, 0, 1, 0, 1, 1, 1
NOTE, 69, 1, 16, 1, 0, 0, 0
NOTE, 69, 1, 8, 0, 1, 0, 1
NOTE, 69, 3, 16, 1, 1, 0, 0
NOTE, 69, 1, 4, 1, 0, 1, 1
NOTE, 69, 5, 16, 0, 0, 1, 0
NOTE, 69, 3, 8, 1, 1, 0, 0
NOTE, 69, 7, 16, 0, 1, 1, 1
NOTE, 69, 1, 2, 1, 0, 1, 0
NOTE, 69, 9, 16, 1, 1, 0, 1
NOTE, 69, 5, 8, 0, 1, 1, 1
NOTE, 69, 11, 16, 1, 0, 0, 0
NOTE, 69, 3, 4, 1, 0, 1, 1
NOTE, 69, 13, 16, 0, 1, 0, 1
NOTE, 69, 7, 8, 1, 0, 1, 0
NOTE, 69, 11, 12, 0, 1, 0, 0
NOTE, 69, 23, 24, 0, 0, 1, 0
NOTE, 70, 0, 1, 1, 0, 0, 1
NOTE, 70, 1, 16, 0, 1, 0, 0
NOTE, 70, 1, 8, 1, 0, 1, 0
NOTE, 70, 3, 16, 0, 1, 0, 1
NOTE, 70, 1, 4, 1, 0, 1, 0
NOTE, 70, 7, 24, 0, 0, 0, 1
NOTE, 70, 1, 3, 0, 1, 0, 0
NOTE, 70, 3, 8, 0, 0, 1, 0
NOTE, 70, 5, 12, 0, 1, 0, 0
NOTE, 70, 11, 24, 1, 0, 0, 0
NOTE, 70, 1, 2, 0, 0, 1, 1
NOTE, 70, 9, 16, 1, 0, 1, 0
NOTE, 70, 5, 8, 0, 1, 0, 1
NOTE, 70, 11, 16, 0, 0, 1, 0
NOTE, 70, 3, 4, 1, 1, 0, 1
NOTE, 70, 19, 24, 0, 0, 1, 0
NOTE, 70, 5, 6, 0, 1, 0, 1
NOTE, 70, 7, 8, 1, 0, 0, 0
NOTE, 70, 15, 16, 0, 0, 1, 0
NOTE, 71, 0, 1, 1, 1, 0, 1
NOTE, 71, 1, 16, 1, 0, 0, 1
NOTE, 71, 1, 8, 0, 1, 1, 0
NOTE, 71, 3, 16, 1, 0, 1, 0
NOTE, 71, 1, 4, 0, 1, 0, 1
NOTE, 71, 5, 16, 1, 1, 0, 0
NOTE, 71, 3, 8, 0, 0, 1, 1
NOTE, 71, 7, 16, 1, 0, 1, 0
NOTE, 71, 1, 2, 0, 1, 0, 1
NOTE, 71, 9, 16, 0, 0, 1, 0
NOTE, 71, 5, 8, 1, 1, 0, 1
NOTE, 71, 11, 16, 0, 0, 1, 0
NOTE, 71, 3, 4, 1, 0, 0, 1
NOTE, 71, 7, 8, 1, 0, 1, 0
NOTE, 72, 0, 1, 0, 1, 0, 1
NOTE, 72, 1, 16, 1, 0, 1, 0
NOTE, 72, 1, 8, 0, 0, 0, 1
NOTE, 72, 3, 16, 1, 0, 1, 0
NOTE, 72, 1, 4, 1, 1, 0, 1
NOTE, 72, 5, 16, 0, 0, 1, 0
NOTE, 72, 3, 8, 1, 0, 0, 1
NOTE, 72, 7, 16, 0, 1, 1, 0
NOTE, 72, 1, 2, 1, 0, 0, 1
NOTE, 72, 13, 24, 0, 1, 0, 0
NOTE, 72, 7, 12, 1, 0, 1, 0
NOTE, 72, 5, 8, 0, 1, 0, 1
NOTE, 72, 11, 16, 1, 0, 0, 0
NOTE, 72, 3, 4, 0, 1, 1, 1
NOTE, 72, 19, 24, 1, 0, 0, 0
NOTE, 72, 5, 6, 0, 0, 1, 0
NOTE, 72, 7, 8, 0, 1, 0, 1
NOTE, 72, 15, 16, 1, 0, 0, 0
NOTE, 73, 0, 1, 0, 0, 1, 1
NOTE, 73, 1, 16, 1, 0, 0, 1
NOTE, 73, 1, 8, 0, 1, 1, 0
NOTE, 73, 3, 16, 0, 1, 0, 1
NOTE, 73, 1, 4, 1, 0, 1, 0
NOTE, 73, 5, 16, 0, 0, 1, 1
NOTE, 73, 3, 8, 1, 1, 0, 0
NOTE, 73, 7, 16, 0, 1, 1, 0
NOTE, 73, 1, 2, 1, 0, 0, 1
NOTE, 73, 9, 16, 0, 1, 0, 0
NOTE, 73, 5, 8, 1, 0, 0, 1
NOTE, 73, 11, 16, 0, 0, 1, 0
NOTE, 73, 3, 4, 0, 1, 0, 1
NOTE, 73, 13, 16, 1, 1, 1, 0
NOTE, 73, 7, 8, 1, 0, 1, 1
NOTE, 74, 0, 1, 1, 1, 1, 1
NOTE, 74, 1, 16, 0, 1, 0, 0
NOTE, 74, 1, 8, 0, 0, 1, 0
NOTE, 74, 3, 16, 1, 1, 0, 0
NOTE, 74, 1, 4, 1, 1, 1, 1
NOTE, 74, 5, 16, 0, 0, 1, 0
NOTE, 74, 3, 8, 1, 0, 0, 0
NOTE, 74, 7, 16, 0, 1, 0, 1
NOTE, 74, 1, 2, 1, 1, 1, 1
NOTE, 74, 9, 16, 0, 0, 1, 0
NOTE, 74, 5, 8, 1, 0, 0, 1
NOTE, 74, 11, 16, 0, 1, 0, 0
NOTE, 74, 3, 4, 1, 1, 1, 1
NOTE, 74, 13, 16, 0, 0, 0, 1
NOTE, 74, 7, 8, 1, 1, 0, 0
NOTE, 74, 15, 16, 0, 0, 1, 0
NOTE, 75, 0, 1, 1, 0, 0, 1
NOTE, 75, 1, 16, 1, 1, 0, 0
NOTE, 75, 1, 8, 0, 0, 1, 1
NOTE, 75, 3, 16, 1, 0, 1, 0
NOTE, 75, 1, 4, 0, 1, 0, 1
NOTE, 75, 5, 16, 1, 1, 0, 0
NOTE, 75, 3, 8, 0, 0, 1, 1
NOTE, 75, 7, 16, 0, 1, 1, 0
NOTE, 75, 1, 2, 1, 0, 0, 1
NOTE, 75, 9, 16, 0, 0, 1, 0
NOTE, 75, 5, 8, 1, 0, 0, 1
NOTE, 75, 11, 16, 0, 1, 0, 0
NOTE, 75, 3, 4, 1, 0, 1, 1
NOTE, 75, 7, 8, 1, 0, 1, 1
NOTE, 75, 15, 16, 0, 1, 1, 0
NOTE, 76, 0, 1, 1, 0, 0, 1
NOTE, 76, 1, 24, 0, 1, 0, 0
NOTE, 76, 1, 12, 0, 0, 1, 0
NOTE, 76, 1, 8, 0, 1, 0, 1
NOTE, 76, 3, 16, 0, 1, 0, 0
NOTE, 76, 1, 4, 1, 0, 1, 1
NOTE, 76, 5, 16, 0, 1, 1, 0
NOTE, 76, 3, 8, 1, 0, 0, 0
NOTE, 76, 7, 16, 0, 1, 1, 1
NOTE, 76, 1, 2, 1, 1, 1, 0
NOTE, 76, 9, 16, 0, 0, 0, 1
NOTE, 76, 5, 8, 1, 1, 1, 0
NOTE, 76, 11, 16, 0, 1, 0, 1
NOTE, 76, 3, 4, 1, 0, 1, 0
NOTE, 76, 13, 16, 0, 0, 0, 1
NOTE, 76, 7, 8, 0, 1, 0, 0
NOTE, 76, 15, 16, 0, 0, 1, 0
NOTE, 77, 0, 1, 1, 1, 0, 1
NOTE, 77, 1, 8, 0, 1, 1, 0
NOTE, 77, 3, 16, 0, 1, 0, 0
NOTE, 77, 1, 4, 1, 0, 1, 1
NOTE, 77, 3, 8, 0, 0, 1, 0
NOTE, 77, 1, 2, 1, 1, 0, 1
NOTE, 77, 5, 8, 0, 0, 1, 0
NOTE, 77, 11, 16, 0, 0, 1, 0
NOTE, 77, 3, 4, 0, 1, 0, 0
NOTE, 77, 7, 8, 0, 0, 0, 1
NOTE, 78, 0, 1, 1, 1, 0, 0
NOTE, 78, 1, 8, 0, 0, 1, 0
NOTE, 78, 3, 16, 1, 1, 0, 0
NOTE, 78, 1, 4, 1, 1, 1, 1
NOTE, 78, 3, 8, 1, 0, 0, 0
NOTE, 78, 7, 16, 0, 1, 1, 1
NOTE, 78, 1, 2, 1, 0, 1, 0
NOTE, 78, 9, 16, 0, 1, 0, 1
NOTE, 78, 5, 8, 1, 0, 1, 0
NOTE, 78, 11, 16, 0, 0, 0, 1
NOTE, 78, 3, 4, 1, 1, 1, 0
NOTE, 78, 7, 8, 0, 1, 1, 1
NOTE, 79, 0, 1, 1, 0, 1, 1
NOTE, 79, 1, 16, 0, 1, 0, 0
NOTE, 79, 1, 8, 1, 0, 0, 1
NOTE, 79, 3, 16, 0, 1, 0, 0
NOTE, 79, 1, 4, 1, 0, 1, 1
NOTE, 79, 5, 16, 0, 1, 0, 0
NOTE, 79, 3, 8, 1, 0, 0, 1
NOTE, 79, 7, 16, 0, 1, 1, 1
NOTE, 79, 1, 2, 1, 1, 0, 0
NOTE, 79, 9, 16, 0, 0, 1, 0
NOTE, 79, 5, 8, 1, 1, 0, 0
NOTE, 79, 11, 16, 0, 0, 1, 1
NOTE, 79, 3, 4, 1, 1, 0, 1
NOTE, 79, 7, 8, 1, 0, 1, 1
NOTE, 80, 0, 1, 0, 1, 0, 1
NOTE, 80, 1, 16, 0, 0, 1, 0
NOTE, 80, 1, 8, 1, 0, 0, 0
NOTE, 80, 3, 16, 0, 0, 1, 0
NOTE, 80, 1, 4, 1, 1, 0, 1
NOTE, 80, 5, 16, 0, 0, 1, 0
NOTE, 80, 3, 8, 0, 1, 0, 0
NOTE, 80, 7, 16, 0, 1, 1, 1
NOTE, 80, 1, 2, 1, 0, 0, 0
NOTE, 80, 9, 16, 0, 1, 0, 0
NOTE, 80, 5, 8, 1, 0, 0, 1
NOTE, 80, 11, 16, 0, 0, 1, 0
NOTE, 80, 3, 4, 1, 1, 1, 0
NOTE, 80, 13, 16, 0, 0, 0, 1
NOTE, 80, 7, 8, 1, 0, 1, 0
NOTE, 80, 15, 16, 0, 1, 0, 0
NOTE, 81, 0, 1, 1, 0, 1, 0
NOTE, 81, 1, 16, 0, 1, 0, 1
NOTE, 81, 1, 8, 1, 0, 1, 0
NOTE, 81, 3, 16, 0, 1, 0, 0
NOTE, 81, 1, 4, 1, 0, 1, 1
NOTE, 81, 5, 16, 0, 1, 0, 0
NOTE, 81, 3, 8, 1, 0, 0, 0
NOTE, 81, 7, 16, 0, 1, 1, 1
NOTE, 81, 1, 2, 1, 0, 0, 0
NOTE, 81, 9, 16, 0, 0, 0, 1
NOTE, 81, 5, 8, 1, 1, 0, 0
NOTE, 81, 11, 16, 0, 0, 1, 0
NOTE, 81, 3, 4, 1, 1, 0, 1
NOTE, 81, 13, 16, 0, 0, 1, 1
NOTE, 81, 7, 8, 1, 1, 0, 0
NOTE, 81, 15, 16, 0, 0, 1, 0
NOTE, 82, 0, 1, 1, 1, 1, 1
NOTE, 82, 1, 8, 0, 1, 0, 0
NOTE, 82, 1, 4, 1, 0, 1, 0
NOTE, 82, 3, 8, 0, 0, 0, 1
NOTE, 82, 1, 2, 1, 1, 0, 0
NOTE, 82, 5, 8, 0, 0, 1, 0
NOTE, 82, 3, 4, 0, 1, 0, 0
NOTE, 82, 7, 8, 0, 0, 0, 1
NOTE, 83, 0, 1, 1, 0, 1, 0
NOTE, 83, 1, 16, 0, 1, 0, 0
NOTE, 83, 1, 8, 0, 0, 1, 0
NOTE, 83, 1, 4, 1, 0, 0, 0
NOTE, 83, 3, 8, 0, 0, 0, 1
NOTE, 83, 1, 2, 0, 1, 0, 0
NOTE, 83, 5, 8, 0, 0, 1, 0
NOTE, 83, 3, 4, 1, 0, 0, 0
NOTE, 83, 7, 8, 0, 1, 0, 0
NOTE, 84, 0, 1, 0, 0, 1, 0
NOTE, 84, 1, 8, 0, 1, 0, 0
NOTE, 84, 1, 4, 0, 0, 0, 1
NOTE, 84, 3, 8, 1, 0, 0, 0
NOTE, 84, 1, 2, 0, 0, 1, 0
NOTE, 84, 9, 16, 0, 1, 0, 0
NOTE, 84, 5, 8, 0, 0, 1, 0
NOTE, 84, 3, 4, 0, 1, 0, 0
NOTE, 84, 7, 8, 0, 0, 0, 1
NOTE, 85, 0, 1, 0, 0, 1, 0
NOTE, 85, 1, 8, 1, 0, 0, 0
NOTE, 85, 1, 4, 0, 1, 0, 0
NOTE, 85, 5, 16, 1, 0, 0, 0
NOTE, 85, 3, 8, 0, 0, 1, 0
NOTE, 85, 1, 2, 0, 1, 0, 0
NOTE, 85, 9, 16, 0, 0, 0, 1
NOTE, 85, 5, 8, 0, 0, 1, 0
NOTE, 85, 3, 4, 0, 1, 0, 0
NOTE, 85, 7, 8, 1, 1, 0, 1
NOTE, 85, 15, 16, 0, 1, 1, 0
NOTE, 86, 0, 1, 1, 0, 1, 1
NOTE, 86, 1, 8, 0, 1, 0, 0
NOTE, 86, 1, 4, 1, 0, 0, 1
NOTE, 86, 5, 16, 0, 0, 1, 0
NOTE, 86, 3, 8, 0, 1, 0, 0
NOTE, 86, 7, 16, 1, 0, 1, 1
NOTE, 86, 1, 2, 0, 1, 0, 0
NOTE, 86, 5, 8, 1, 0, 0, 1
NOTE, 86, 3, 4, 0, 1, 1, 0
NOTE, 86, 7, 8, 1, 0, 1, 0
NOTE, 86, 15, 16, 0, 0, 0, 1
NOTE, 87, 0, 1, 1, 0, 1, 0
NOTE, 87, 1, 8, 0, 1, 0, 0
NOTE, 87, 3, 16, 0, 0, 1, 0
NOTE, 87, 1, 4, 1, 1, 0, 0
NOTE, 87, 3, 8, 0, 0, 0, 1
NOTE, 87, 7, 16, 1, 1, 1, 0
NOTE, 87, 1, 2, 0, 0, 0, 1
NOTE, 87, 5, 8, 1, 1, 0, 0
NOTE, 87, 11, 16, 0, 0, 1, 0
NOTE, 87, 3, 4, 0, 1, 0, 1
NOTE, 87, 7, 8, 0, 1, 0, 0
NOTE, 87, 15, 16, 1, 0, 0, 0
NOTE, 88, 0, 1, 0, 1, 1, 1
NOTE, 88, 1, 8, 0, 1, 0, 0
NOTE, 88, 3, 16, 0, 0, 1, 0
NOTE, 88, 1, 4, 1, 1, 1, 1
NOTE, 88, 3, 8, 0, 0, 1, 0
NOTE, 88, 7, 16, 0, 1, 0, 0
NOTE, 88, 1, 2, 1, 1, 1, 1
NOTE, 88, 5, 8, 1, 0, 0, 1
NOTE, 88, 3, 4, 0, 1, 1, 0
NOTE, 88, 7, 8, 1, 1, 0, 1
NOTE, 89, 1, 8, 0, 1, 1, 0
NOTE, 89, 1, 4, 0, 1, 0, 1
NOTE, 89, 3, 8, 1, 0, 0, 0
NOTE, 89, 7, 16, 0, 1, 1, 1
NOTE, 89, 1, 2, 1, 0, 0, 0
NOTE, 89, 5, 8, 0, 1, 1, 0
NOTE, 89, 3, 4, 1, 0, 1, 1
NOTE, 89, 7, 8, 0, 1, 0, 0
NOTE, 89, 15, 16, 1, 0, 0, 0
NOTE, 90, 0, 1, 1, 1, 1, 1
NOTE, 90, 3, 16, 1, 1, 1, 0
NOTE, 90, 3, 8, 1, 1, 0, 1
NOTE, 90, 1, 2, 0, 1, 1, 1
NOTE, 90, 5, 8, 1, 0, 1, 0
NOTE, 90, 11, 16, 0, 1, 0, 1
NOTE, 90, 3, 4, 1, 0, 1, 0
NOTE, 90, 7, 8, 0, 1, 1, 0
NOTE, 91, 0, 1, 1, 0, 0, 1
NOTE, 91, 1, 24, 0, 0, 1, 0
NOTE, 91, 1, 12, 0, 1, 0, 0
NOTE, 91, 1, 8, 0, 0, 1, 0
NOTE, 91, 1, 6, 0, 1, 0, 0
NOTE, 91, 5, 24, 0, 0, 1, 0
NOTE, 91, 1, 4, 1, 0, 0, 1
NOTE, 91, 7, 24, 0, 1, 0, 0
NOTE, 91, 1, 3, 0, 0, 1, 0
NOTE, 91, 3, 8, 0, 1, 0, 0
NOTE, 91, 5, 12, 0, 0, 1, 0
NOTE, 91, 11, 24, 0, 1, 0, 0
NOTE, 91, 1, 2, 1, 0, 0, 1
NOTE, 91, 13, 24, 0, 0, 1, 0
NOTE, 91, 7, 12, 0, 1, 0, 0
NOTE, 91, 5, 8, 0, 0, 1, 0
NOTE, 91, 2, 3, 0, 1, 0, 0
NOTE, 91, 17, 24, 0, 0, 1, 0
NOTE, 91, 3, 4, 1, 1, 0, 1
NOTE, 91, 13, 16, 0, 0, 1, 0
NOTE, 91, 7, 8, 1, 0, 0, 1
NOTE, 91, 15, 16, 0, 1, 0, 0
NOTE, 92, 0, 1, 1, 1, 0, 1
NOTE, 92, 1, 16, 0, 0, 1, 0
NOTE, 92, 1, 8, 1, 0, 1, 0
NOTE, 92, 3, 16, 0, 1, 0, 0
NOTE, 92, 1, 4, 1, 0, 1, 1
NOTE, 92, 5, 16, 0, 1, 0, 0
NOTE, 92, 3, 8, 0, 0, 1, 1
NOTE, 92, 7, 16, 1, 1, 0, 1
NOTE, 92, 1, 2, 0, 1, 1, 0
NOTE, 92, 9, 16, 1, 0, 1, 0
NOTE, 92, 5, 8, 0, 1, 0, 1
NOTE, 92, 11, 16, 0, 1, 0, 0
NOTE, 92, 3, 4, 1, 0, 1, 0
NOTE, 92, 19, 24, 0, 0, 0, 1
NOTE, 92, 5, 6, 0, 1, 0, 0
NOTE, 92, 7, 8, 0, 0, 1, 1
NOTE, 92, 11, 12, 1, 0, 0, 0
NOTE, 92, 23, 24, 0, 0, 1, 0
NOTE, 93, 0, 1, 1, 1, 0, 1
NOTE, 93, 1, 16, 0, 0, 1, 0
NOTE, 93, 1, 8, 0, 1, 0, 0
NOTE, 93, 3, 16, 1, 0, 1, 0
NOTE, 93, 1, 4, 0, 1, 1, 1
NOTE, 93, 5, 16, 1, 0, 0, 0
NOTE, 93, 3, 8, 0, 0, 1, 1
NOTE, 93, 7, 16, 1, 1, 1, 0
NOTE, 93, 1, 2, 1, 0, 0, 1
NOTE, 93, 9, 16, 0, 1, 0, 0
NOTE, 93, 5, 8, 1, 1, 1, 0
NOTE, 93, 11, 16, 0, 0, 0, 1
NOTE, 93, 3, 4, 1, 0, 1, 0
NOTE, 93, 13, 16, 0, 0, 0, 1
NOTE, 93, 7, 8, 1, 1, 1, 0
NOTE, 93, 15, 16, 0, 0, 0, 1
NOTE, 94, 0, 1, 1, 1, 1, 0
NOTE, 94, 1, 16, 0, 1, 0, 1
NOTE, 94, 1, 8, 1, 0, 1, 0
NOTE, 94, 3, 16, 0, 0, 0, 1
NOTE, 94, 1, 4, 1, 1, 1, 0
NOTE, 94, 5, 16, 0, 1, 0, 1
NOTE, 94, 3, 8, 1, 0, 1, 0
NOTE, 94, 7, 16, 1, 0, 1, 1
NOTE, 94, 1, 2, 0, 1, 1, 0
NOTE, 94, 9, 16, 1, 0, 0, 1
NOTE, 94, 5, 8, 1, 0, 1, 0
NOTE, 94, 11, 16, 0, 1, 0, 0
NOTE, 94, 3, 4, 1, 0, 1, 1
NOTE, 94, 13, 16, 0, 1, 1, 0
NOTE, 94, 7, 8, 1, 0, 0, 1
NOTE, 94, 15, 16, 0, 1, 0, 0
NOTE, 95, 0, 1, 1, 0, 1, 1
NOTE, 95, 1, 24, 0, 1, 0, 0
NOTE, 95, 1, 12, 0, 0, 1, 0
NOTE, 95, 1, 8, 0, 1, 0, 1
NOTE, 95, 1, 6, 1, 0, 0, 0
NOTE, 95, 5, 24, 0, 1, 0, 0
NOTE, 95, 1, 4, 1, 0, 1, 1
NOTE, 95, 7, 24, 0, 1, 0, 0
NOTE, 95, 1, 3, 0, 0, 1, 0
NOTE, 95, 3, 8, 0, 1, 0, 1
NOTE, 95, 5, 12, 0, 0, 1, 0
NOTE, 95, 11, 24, 0, 0, 0, 1
NOTE, 95, 1, 2, 1, 1, 0, 0
NOTE, 95, 13, 24, 0, 0, 0, 1
NOTE, 95, 7, 12, 0, 0, 1, 0
NOTE, 95, 5, 8, 0, 1, 0, 1
NOTE, 95, 11, 16, 0, 0, 1, 0
NOTE, 95, 3, 4, 1, 1, 0, 1
NOTE, 95, 13, 16, 0, 1, 0, 0
NOTE, 95, 7, 8, 0, 0, 1, 1
NOTE, 95, 15, 16, 1, 1, 0, 0
NOTE, 96, 0, 1, 1, 0, 1, 1
NOTE, 96, 1, 16, 0, 1, 0, 0
NOTE, 96, 1, 8, 1, 0, 0, 1
NOTE, 96, 3, 16, 0, 1, 1, 0
NOTE, 96, 1, 4, 0, 1, 1, 1
NOTE, 96, 5, 16, 1, 0, 0, 0
NOTE, 96, 3, 8, 0, 1, 0, 1
NOTE, 96, 7, 16, 1, 1, 1, 0
NOTE, 96, 1, 2, 0, 0, 1, 1
NOTE, 96, 9, 16, 1, 1, 0, 0
NOTE, 96, 5, 8, 0, 0, 1, 1
NOTE, 96, 11, 16, 0, 1, 0, 0
NOTE, 96, 3, 4, 1, 0, 1, 0
NOTE, 96, 19, 24, 0, 1, 0, 0
NOTE, 96, 5, 6, 1, 0, 0, 0
NOTE, 96, 7, 8, 0, 1, 0, 1
NOTE, 96, 15, 16, 0, 0, 1, 0
NOTE, 97, 0, 1, 1, 1, 0, 1
NOTE, 97, 1, 16, 1, 0, 1, 0
NOTE, 97, 1, 8, 0, 0, 0, 1
NOTE, 97, 3, 16, 1, 1, 1, 0
NOTE, 97, 1, 4, 0, 0, 1, 1
NOTE, 97, 5, 16, 1, 0, 0, 0
NOTE, 97, 3, 8, 0, 1, 1, 0
NOTE, 97, 7, 16, 1, 0, 1, 1
NOTE, 97, 1, 2, 1, 1, 0, 1
NOTE, 97, 13, 24, 0, 0, 1, 0
NOTE, 97, 7, 12, 0, 1, 0, 0
NOTE, 97, 5, 8, 1, 0, 1, 0
NOTE, 97, 2, 3, 0, 1, 0, 0
NOTE, 97, 17, 24, 0, 0, 1, 0
NOTE, 97, 3, 4, 1, 0, 0, 1
NOTE, 97, 19, 24, 0, 0, 1, 0
NOTE, 97, 5, 6, 1, 0, 0, 0
NOTE, 97, 7, 8, 0, 1, 0, 1
NOTE, 97, 15, 16, 0, 1, 0, 0
NOTE, 98, 0, 1, 1, 0, 1, 1
NOTE, 98, 1, 16, 0, 1, 0, 0
NOTE, 98, 1, 8, 1, 0, 1, 1
NOTE, 98, 3, 16, 0, 1, 0, 0
NOTE, 98, 1, 4, 0, 1, 0, 1
NOTE, 98, 5, 16, 1, 0, 1, 0
NOTE, 98, 3, 8, 0, 1, 0, 0
NOTE, 98, 7, 16, 0, 0, 1, 1
NOTE, 98, 1, 2, 1, 1, 0, 1
NOTE, 98, 9, 16, 0, 1, 1, 0
NOTE, 98, 5, 8, 1, 0, 1, 1
NOTE, 98, 11, 16, 0, 1, 0, 0
NOTE, 98, 3, 4, 1, 1, 0, 1
NOTE, 98, 13, 16, 0, 0, 1, 1
NOTE, 98, 7, 8, 1, 1, 1, 0
NOTE, 98, 11, 12, 0, 0, 0, 1
NOTE, 98, 23, 24, 0, 0, 1, 0
NOTE, 99, 0, 1, 1, 1, 0, 1
NOTE, 99, 1, 16, 0, 0, 1, 0
NOTE, 99, 1, 8, 0, 1, 0, 1
NOTE, 99, 3, 16, 1, 0, 0, 0
NOTE, 99, 1, 4, 1, 1, 1, 1
NOTE, 99, 5, 16, 0, 1, 1, 0
NOTE, 99, 3, 8, 1, 0, 0, 0
NOTE, 99, 7, 16, 0, 1, 0, 1
NOTE, 99, 1, 2, 1, 1, 1, 1
NOTE, 99, 9, 16, 1, 0, 1, 0
NOTE, 99, 5, 8, 0, 1, 0, 0
NOTE, 99, 11, 16, 1, 0, 1, 1
NOTE, 99, 3, 4, 1, 1, 1, 1
NOTE, 99, 13, 16, 0, 1, 0, 0
NOTE, 99, 7, 8, 0, 0, 1, 0
NOTE, 99, 15, 16, 0, 1, 0, 0
NOTE, 100, 0, 1, 1, 0, 1, 1
NOTE, 100, 1, 16, 0, 1, 1, 0
NOTE, 100, 1, 8, 0, 1, 0, 1
NOTE, 100, 3, 16, 1, 0, 1, 0
NOTE, 100, 1, 4, 1, 0, 1, 1
NOTE, 100, 5, 16, 0, 1, 0, 1
NOTE, 100, 3, 8, 1, 0, 1, 0
NOTE, 100, 7, 16, 1, 1, 0, 0
NOTE, 100, 1, 2, 0, 1, 1, 1
NOTE, 100, 9, 16, 1, 0, 1, 0
NOTE, 100, 5, 8, 1, 1, 0, 1
NOTE, 100, 3, 4, 1, 0, 1, 1
NOTE, 100, 7, 8, 1, 1, 1, 0
NOTE, 101, 0, 1, 1, 1, 1, 1
NOTE, 101, 1, 16, 0, 1, 0, 0
NOTE, 101, 1, 8, 0, 0, 1, 0
NOTE, 101, 3, 16, 1, 1, 0, 1
NOTE, 101, 1, 4, 1, 1, 1, 1
NOTE, 101, 5, 16, 0, 0, 1, 0
NOTE, 101, 3, 8, 1, 0, 0, 0
NOTE, 101, 7, 16, 0, 1, 1, 0
NOTE, 101, 1, 2, 1, 1, 1, 1
NOTE, 101, 9, 16, 1, 0, 0, 1
NOTE, 101, 5, 8, 0, 1, 1, 0
NOTE, 101, 11, 16, 1, 0, 0, 0
NOTE, 101, 3, 4, 1, 1, 1, 1
NOTE, 101, 13, 16, 1, 0, 1, 1
NOTE, 101, 7, 8, 0, 1, 0, 0
NOTE, 101, 15, 16, 0, 0, 1, 0
NOTE, 102, 0, 1, 1, 1, 0, 1
NOTE, 102, 1, 16, 0, 1, 1, 0
NOTE, 102, 1, 8, 1, 0, 0, 1
NOTE, 102, 3, 16, 1, 0, 1, 0
NOTE, 102, 1, 4, 0, 1, 1, 1
NOTE, 102, 5, 16, 1, 1, 0, 0
NOTE, 102, 3, 8, 0, 0, 1, 1
NOTE, 102, 7, 16, 0, 1, 0, 1
NOTE, 102, 1, 2, 1, 1, 1, 0
NOTE, 102, 9, 16, 0, 0, 1, 1
NOTE, 102, 5, 8, 1, 1, 0, 1
NOTE, 102, 2, 3, 0, 0, 1, 0
NOTE, 102, 17, 24, 1, 0, 0, 0
NOTE, 102, 3, 4, 0, 1, 1, 1
NOTE, 102, 13, 16, 1, 1, 1, 0
NOTE, 102, 7, 8, 1, 0, 0, 1
NOTE, 102, 15, 16, 0, 0, 1, 0
NOTE, 103, 0, 1, 1, 1, 1, 1
NOTE, 103, 1, 16, 1, 0, 0, 0
NOTE, 103, 1, 8, 0, 1, 0, 0
NOTE, 103, 3, 16, 1, 0, 1, 1
NOTE, 103, 1, 4, 1, 1, 1, 1
NOTE, 103, 5, 16, 0, 1, 0, 0
NOTE, 103, 3, 8, 0, 0, 1, 1
NOTE, 103, 7, 16, 1, 1, 0, 0
NOTE, 103, 1, 2, 1, 1, 1, 1
NOTE, 103, 9, 16, 0, 0, 0, 1
NOTE, 103, 5, 8, 1, 1, 1, 0
NOTE, 103, 11, 16, 0, 0, 0, 1
NOTE, 103, 3, 4, 1, 1, 1, 1
NOTE, 103, 13, 16, 1, 1, 0, 0
NOTE, 103, 7, 8, 0, 0, 1, 0
NOTE, 103, 15, 16, 0, 1, 0, 0
NOTE, 104, 0, 1, 1, 0, 1, 1
NOTE, 104, 1, 16, 0, 1, 1, 0
NOTE, 104, 1, 8, 0, 1, 0, 1
NOTE, 104, 3, 16, 0, 0, 1, 1
NOTE, 104, 1, 4, 1, 1, 0, 1
NOTE, 104, 5, 16, 1, 0, 1, 0
NOTE, 104, 3, 8, 0, 1, 0, 1
NOTE, 104, 7, 16, 0, 1, 1, 0
NOTE, 104, 1, 2, 1, 1, 0, 1
NOTE, 104, 9, 16, 1, 0, 1, 0
NOTE, 104, 5, 8, 0, 1, 1, 1
NOTE, 104, 2, 3, 1, 0, 0, 0
NOTE, 104, 17, 24, 0, 0, 1, 0
NOTE, 104, 3, 4, 1, 1, 0, 1
NOTE, 104, 13, 16, 1, 0, 1, 0
NOTE, 104, 7, 8, 0, 1, 0, 1
NOTE, 104, 15, 16, 1, 0, 0, 1
NOTE, 105, 0, 1, 1, 1, 1, 0
NOTE, 105, 1, 16, 0, 0, 0, 1
NOTE, 105, 1, 8, 1, 0, 0, 0
NOTE, 105, 3, 16, 0, 0, 0, 1
NOTE, 105, 1, 4, 1, 0, 1, 0
NOTE, 105, 5, 16, 0, 1, 0, 1
NOTE, 105, 3, 8, 1, 0, 0, 0
NOTE, 105, 7, 16, 0, 0, 1, 0
NOTE, 105, 1, 2, 1, 1, 1, 1
NOTE, 105, 9, 16, 0, 1, 0, 0
NOTE, 105, 5, 8, 1, 0, 1, 1
NOTE, 105, 11, 16, 0, 0, 1, 0
NOTE, 105, 3, 4, 1, 1, 0, 1
NOTE, 105, 13, 16, 0, 0, 0, 1
NOTE, 105, 7, 8, 1, 0, 1, 0
NOTE, 105, 15, 16, 0, 1, 0, 0
NOTE, 106, 0, 1, 1, 0, 1, 1
NOTE, 106, 1, 8, 0, 1, 0, 0
NOTE, 106, 3, 16, 1, 0, 0, 0
NOTE, 106, 1, 4, 0, 1, 1, 1
NOTE, 106, 3, 8, 0, 0, 1, 0
NOTE, 106, 1, 2, 1, 1, 1, 1
NOTE, 106, 5, 8, 1, 0, 1, 0
NOTE, 106, 11, 16, 0, 1, 0, 0
NOTE, 106, 3, 4, 1, 0, 0, 1
NOTE, 106, 19, 24, 0, 0, 1, 0
NOTE, 106, 5, 6, 0, 1, 0, 0
NOTE, 106, 7, 8, 1, 0, 0, 1
NOTE, 106, 11, 12, 0, 0, 1, 0
NOTE, 106, 23, 24, 0, 1, 0, 0
NOTE, 107, 0, 1, 1, 0, 0, 1
NOTE, 107, 1, 8, 1, 0, 0, 1
NOTE, 107, 3, 16, 0, 0, 1, 0
NOTE, 107, 1, 4, 1, 1, 0, 1
NOTE, 107, 5, 16, 0, 0, 1, 0
NOTE, 107, 3, 8, 0, 1, 0, 0
NOTE, 107, 7, 16, 1, 0, 1, 1
NOTE, 107, 1, 2, 0, 1, 1, 0
NOTE, 107, 9, 16, 0, 0, 0, 1
NOTE, 107, 5, 8, 1, 0, 0, 0
NOTE, 107, 11, 16, 0, 0, 0, 1
NOTE, 107, 3, 4, 1, 1, 1, 0
NOTE, 107, 13, 16, 0, 0, 0, 1
NOTE, 107, 7, 8, 0, 1, 0, 0
NOTE, 107, 15, 16, 0, 0, 1, 0
NOTE, 108, 0, 1, 1, 1, 0, 1
NOTE, 108, 1, 8, 0, 0, 1, 0
NOTE, 108, 1, 4, 1, 1, 1, 1
NOTE, 108, 3, 8, 0, 1, 0, 0
NOTE, 108, 1, 2, 1, 1, 1, 1
NOTE, 108, 5, 8, 0, 0, 1, 0
NOTE, 108, 3, 4, 0, 0, 1, 0
NOTE, 108, 7, 8, 0, 0, 1, 0
NOTE, 109, 0, 1, 1, 0, 1, 1
NOTE, 109, 1, 8, 0, 1, 0, 0
NOTE, 109, 3, 16, 1, 0, 0, 0
NOTE, 109, 1, 4, 0, 1, 1, 1
NOTE, 109, 5, 16, 1, 0, 0, 0
NOTE, 109, 3, 8, 0, 1, 1, 0
NOTE, 109, 7, 16, 1, 1, 0, 1
NOTE, 109, 1, 2, 0, 0, 1, 0
NOTE, 109, 9, 16, 0, 0, 0, 1
NOTE, 109, 5, 8, 1, 0, 1, 0
NOTE, 109, 11, 16, 0, 0, 0, 1
NOTE, 109, 3, 4, 1, 0, 1, 0
NOTE, 109, 13, 16, 0, 1, 0, 0
NOTE, 109, 7, 8, 1, 0, 0, 1
NOTE, 110, 0, 1, 0, 1, 0, 1
NOTE, 110, 1, 16, 1, 0, 1, 0
NOTE, 110, 1, 8, 0, 1, 0, 1
NOTE, 110, 3, 16, 1, 0, 0, 0
NOTE, 110, 1, 4, 0, 1, 1, 1
NOTE, 110, 5, 16, 1, 0, 0, 0
NOTE, 110, 3, 8, 0, 0, 1, 1
NOTE, 110, 7, 16, 1, 1, 0, 1
NOTE, 110, 1, 2, 1, 0, 1, 0
NOTE, 110, 9, 16, 0, 1, 0, 0
NOTE, 110, 5, 8, 1, 0, 1, 0
NOTE, 110, 11, 16, 0, 0, 0, 1
NOTE, 110, 3, 4, 1, 1, 1, 0
NOTE, 110, 7, 8, 1, 0, 1, 1
NOTE, 111, 0, 1, 1, 1, 0, 1
NOTE, 111, 1, 16, 0, 0, 1, 0
NOTE, 111, 1, 8, 0, 1, 0, 0
NOTE, 111, 3, 16, 0, 0, 0, 1
NOTE, 111, 1, 4, 1, 1, 1, 0
NOTE, 111, 3, 8, 1, 0, 1, 0
NOTE, 111, 7, 16, 0, 1, 1, 1
NOTE, 111, 1, 2, 1, 1, 0, 0
NOTE, 111, 9, 16, 0, 0, 0, 1
NOTE, 111, 5, 8, 1, 1, 1, 0
NOTE, 111, 11, 16, 0, 1, 0, 1
NOTE, 111, 3, 4, 1, 0, 1, 0
NOTE, 111, 7, 8, 0, 1, 1, 0
NOTE, 112, 0, 1, 1, 0, 1, 1
NOTE, 112, 1, 16, 0, 1, 0, 0
NOTE, 112, 1, 8, 1, 0, 0, 1
NOTE, 112, 3, 16, 0, 0, 1, 0
NOTE, 112, 1, 4, 1, 1, 0, 1
NOTE, 112, 5, 16, 0, 0, 1, 0
NOTE, 112, 3, 8, 0, 1, 0, 1
NOTE, 112, 7, 16, 1, 1, 0, 1
NOTE, 112, 1, 2, 1, 0, 1, 0
NOTE, 112, 9, 16, 0, 0, 0, 1
NOTE, 112, 5, 8, 1, 1, 1, 0
NOTE, 112, 11, 16, 0, 0, 0, 1
NOTE, 112, 3, 4, 0, 1, 1, 0
NOTE, 112, 13, 16, 1, 0, 0, 1
NOTE, 112, 7, 8, 1, 1, 0, 1
NOTE, 112, 15, 16, 0, 0, 1, 0
NOTE, 113, 0, 1, 1, 1, 0, 1
NOTE, 113, 1, 8, 0, 1, 0, 0
NOTE, 113, 3, 16, 1, 0, 0, 0
NOTE, 113, 1, 4, 0, 1, 1, 1
NOTE, 113, 5, 16, 1, 0, 0, 0
NOTE, 113, 3, 8, 0, 0, 0, 1
NOTE, 113, 7, 16, 1, 1, 1, 0
NOTE, 113, 1, 2, 0, 0, 1, 1
NOTE, 113, 9, 16, 1, 0, 0, 0
NOTE, 113, 5, 8, 0, 1, 0, 1
NOTE, 113, 11, 16, 0, 0, 1, 0
NOTE, 113, 3, 4, 1, 1, 0, 1
NOTE, 113, 7, 8, 0, 1, 1, 0
NOTE, 114, 0, 1, 1, 0, 1, 0
NOTE, 114, 1, 16, 0, 1, 0, 1
NOTE, 114, 1, 8, 1, 0, 1, 0
NOTE, 114, 3, 16, 0, 0, 0, 1
NOTE, 114, 1, 4, 1, 1, 1, 0
NOTE, 114, 5, 16, 0, 1, 0, 1
NOTE, 114, 3, 8, 1, 0, 1, 0
NOTE, 114, 7, 16, 0, 1, 1, 1
NOTE, 114, 1, 2, 1, 0, 0, 0
NOTE, 114, 9, 16, 0, 0, 1, 0
NOTE, 114, 5, 8, 1, 1, 0, 0
NOTE, 114, 11, 16, 0, 0, 0, 1
NOTE, 114, 3, 4, 1, 1, 1, 0
NOTE, 114, 7, 8, 1, 1, 0, 1
NOTE, 115, 0, 1, 1, 0, 1, 1
NOTE, 115, 1, 16, 0, 1, 0, 0
NOTE, 115, 1, 8, 1, 0, 0, 1
NOTE, 115, 3, 16, 0, 1, 1, 0
NOTE, 115, 1, 4, 1, 0, 0, 1
NOTE, 115, 5, 16, 0, 1, 0, 0
NOTE, 115, 3, 8, 0, 0, 1, 0
NOTE, 115, 7, 16, 1, 1, 0, 1
NOTE, 115, 1, 2, 0, 1, 1, 0
NOTE, 115, 9, 16, 0, 0, 0, 1
NOTE, 115, 5, 8, 1, 0, 1, 0
NOTE, 115, 11, 16, 0, 1, 0, 1
NOTE, 115, 3, 4, 1, 0, 1, 0
NOTE, 115, 7, 8, 0, 1, 1, 1
NOTE, 116, 0, 1, 1, 0, 1, 1
NOTE, 116, 1, 16, 0, 1, 0, 1
NOTE, 116, 1, 8, 1, 0, 1, 0
NOTE, 116, 3, 16, 0, 0, 0, 1
NOTE, 116, 1, 4, 1, 1, 1, 0
NOTE, 116, 5, 16, 0, 0, 0, 1
NOTE, 116, 3, 8, 0, 0, 1, 0
NOTE, 116, 7, 16, 1, 1, 0, 1
NOTE, 116, 1, 2, 1, 1, 1, 0
NOTE, 116, 9, 16, 0, 0, 1, 1
NOTE, 116, 5, 8, 0, 1, 0, 0
NOTE, 116, 11, 16, 1, 0, 0, 0
NOTE, 116, 3, 4, 0, 1, 1, 1
NOTE, 116, 13, 16, 1, 0, 1, 1
NOTE, 116, 7, 8, 1, 1, 0, 0
NOTE, 117, 0, 1, 0, 0, 1, 1
NOTE, 117, 1, 2, 0, 0, 1, 1
